-68919.939293	0.000394	0.399778
-68917.131642	0.000250	0.411544
-68913.686260	0.000225	0.407478
-68910.475184	-0.000019	0.414137
-68907.591377	0.000359	0.419138
-68905.410911	0.000194	0.420070
-68902.640556	0.000281	0.410200
-68901.361444	0.000213	0.408483
-68898.925386	0.000200	0.407720
-68897.551769	0.000438	0.411452
-68895.390094	0.000472	0.409286
-68893.467514	0.000303	0.417080
-68890.816764	0.000106	0.409480
-68888.696735	0.000250	0.414611
-68886.737825	0.000297	0.416864
-68883.852862	0.000319	0.404244
-68881.488600	0.000463	0.425093
-68878.781591	0.000272	0.422850
-68876.634384	0.000163	0.427527
-68874.790421	0.000434	0.407412
-68872.937938	0.000194	0.400446
-68871.846269	0.000084	0.411316
-68869.799101	0.000422	0.411030
-68867.796379	0.000616	0.414302
-68865.076139	0.000456	0.413997
-68862.011843	0.000359	0.421065
-68859.240172	0.000241	0.419135
-68855.740036	0.000450	0.415398
-68854.188213	0.000431	0.408865
-68851.555076	0.000363	0.411941
-68850.582722	0.000494	0.408159
-68848.423199	0.000331	0.416834
-68846.918838	0.000184	0.421230
-68845.097812	0.000291	0.421886
-68842.386098	0.000306	0.408462
-68840.800220	0.000403	0.415125
-68838.089378	0.000419	0.412398
-68835.923864	0.000309	0.422026
-68834.053256	0.000300	0.404868
-68833.153694	0.000613	0.399057
-68832.338868	0.000434	0.389787
-68830.724054	0.000219	0.397330
-68829.052751	0.000500	0.401351
-68826.035468	0.000228	0.409122
-68823.614575	0.000466	0.413369
-68820.766386	0.000500	0.414910
-68819.144736	0.000334	0.418429
-68817.646034	0.000291	0.417900
-68815.126654	0.000397	0.415060
-68812.703542	0.000209	0.417488
-68808.939622	0.000391	0.413137
-68806.096203	0.000284	0.421365
-68803.207675	0.000291	0.418663
-68802.307110	0.000116	0.410725
-68801.218476	0.000409	0.409474
-68800.198088	0.000231	0.403656
-68797.994109	0.000375	0.412754
-68795.415487	0.000500	0.401127
-68792.909529	0.000122	0.412641
-68789.693479	0.000506	0.401419
-68787.436945	0.000166	0.389698
-68784.794105	0.000488	0.394475
-68782.727237	0.000241	0.393189
-68781.088121	0.000650	0.397408
-68779.446910	0.000588	0.407865
-68777.815480	0.000538	0.407552
-68775.627373	0.000341	0.401048
-68773.320637	0.000363	0.408640
-68771.110049	0.000525	0.406595
-68768.401130	0.000394	0.404624
-68766.696312	0.000184	0.403803
-68763.261536	0.000491	0.414185
-68761.087319	0.000222	0.408758
-68757.589526	0.000419	0.411523
-68756.091425	0.000103	0.403540
-68753.479199	0.000134	0.410799
-68752.601288	0.000513	0.407177
-68750.958368	0.000281	0.403744
-68749.376441	0.000453	0.413392
-68746.958042	0.000459	0.399369
-68744.778513	0.000156	0.396182
-68742.246769	0.000375	0.400141
-68739.410927	0.000544	0.393229
-68737.110586	0.000363	0.401498
-68734.448226	0.000347	0.406216
-68733.053670	0.000219	0.410303
-68731.226758	0.000438	0.407872
-68730.013597	0.000209	0.412177
-68727.983218	0.000441	0.404195
-68726.242345	0.000428	0.413504
-68723.772735	0.000369	0.412544
-68721.041578	0.000041	0.408780
-68718.947662	0.000338	0.407237
-68715.769043	0.000225	0.394480
-68713.163684	0.000497	0.398166
-68710.529384	0.000013	0.395039
-68707.799395	0.000219	0.392784
-68706.233186	0.000472	0.400708
-68704.877540	0.000216	0.401893
-68703.560325	0.000500	0.392710
-68701.456816	0.000322	0.387865
-68698.938654	0.000481	0.395014
-68696.618485	0.000197	0.405305
-68694.042600	0.000356	0.399107
-68692.465243	0.000288	0.408133
-68688.943610	0.000166	0.411543
-68687.333137	0.000400	0.415493
-68684.342707	0.000319	0.409612
-68682.600520	0.000116	0.404925
-68681.919423	0.000356	0.407226
-68679.314105	0.000366	0.417464
-68678.350562	0.000275	0.413897
-68674.708943	0.000228	0.404982
-68673.048029	0.000356	0.403429
-68670.036955	0.000284	0.411938
-68667.941944	0.000375	0.407930
-68664.762322	0.000428	0.413578
-68662.436345	0.000459	0.404820
-68659.471151	0.000522	0.403888
-68657.388083	0.000469	0.396107
-68656.121269	0.000484	0.401234
-68654.760606	0.000384	0.392720
-68652.954645	0.000247	0.405608
-68651.054031	0.000353	0.407246
-68648.557685	0.000322	0.412636
-68646.247593	0.000284	0.407999
-68643.677467	0.000263	0.396683
-68641.246815	0.000294	0.395683
-68638.994403	0.000359	0.396356
-68636.530478	0.000159	0.405683
-68635.275655	0.000128	0.403938
-68632.890642	0.000444	0.416696
-68632.166402	0.000328	0.419562
-68629.652829	0.000409	0.409705
-68628.204514	0.000425	0.406148
-68625.296876	0.000291	0.401175
-68623.244349	-0.000041	0.406347
-68620.206211	0.000416	0.409524
-68617.545983	0.000238	0.420274
-68614.619111	0.000366	0.407191
-68612.286516	0.000634	0.391433
-68610.112998	0.000213	0.399118
-68607.959920	-0.000013	0.401001
-68607.257681	0.000388	0.397017
-68605.172346	0.000378	0.410311
-68604.005012	0.000309	0.410255
-68600.996838	0.000578	0.411266
-68598.540474	0.000541	0.406435
-68595.587628	0.000141	0.405378
-68593.205122	0.000322	0.409844
-68591.150339	0.000225	0.412270
-68588.882938	0.000406	0.404895
-68586.816196	0.000241	0.399136
-68584.754311	0.000272	0.410254
-68582.322459	0.000441	0.401934
-68581.471250	0.000241	0.397095
-68579.110788	0.000300	0.397076
-68577.255854	0.000188	0.400125
-68574.418334	0.000269	0.404603
-68571.825750	0.000425	0.395820
-68569.098732	0.000422	0.395508
-68565.694539	0.000331	0.397679
-68563.392372	0.000166	0.397362
-68560.913530	0.000481	0.407701
-68559.559250	0.000216	0.413686
-68557.860531	0.000431	0.419304
-68556.767909	0.000375	0.416523
-68554.508140	0.000225	0.411642
-68551.963764	0.000406	0.409158
-68549.758206	0.000447	0.417920
-68547.697286	0.000381	0.419655
-68545.486230	0.000275	0.417708
-68542.982153	0.000334	0.416166
-68540.848726	0.000294	0.410045
-68537.953407	0.000497	0.403232
-68536.673933	0.000244	0.402979
-68535.034884	0.000244	0.405841
-68533.696541	0.000078	0.407572
-68532.203387	0.000319	0.406160
-68529.209530	0.000338	0.393808
-68527.245048	0.000397	0.394135
-68523.832775	0.000322	0.391286
-68521.528969	0.000275	0.396695
-68518.619299	0.000444	0.405070
-68516.297724	0.000259	0.414033
-68513.695368	0.000344	0.407670
-68511.565791	0.000366	0.404933
-68510.193521	0.000344	0.408836
-68508.453751	0.000297	0.405476
-68506.935498	0.000197	0.400043
-68505.042429	0.000438	0.399112
-68502.483361	0.000513	0.410736
-68500.565178	0.000525	0.412956
-68497.426101	0.000391	0.414001
-68495.302605	0.000150	0.406911
-68492.474796	0.000169	0.405006
-68490.469666	0.000350	0.406634
-68488.108833	0.000294	0.402316
-68486.679852	0.000159	0.400201
-68485.700422	0.000300	0.394112
-68482.816266	0.000494	0.392648
-68481.540394	0.000197	0.404992
-68477.962052	0.000459	0.398280
-68476.112332	0.000438	0.401723
-68472.609810	0.000247	0.402696
-68470.340724	0.000178	0.403824
-68467.365201	0.000428	0.407863
-68464.821210	0.000403	0.400424
-68462.719934	0.000334	0.403075
-68460.775871	0.000263	0.408669
-68459.667972	0.000250	0.408711
-68458.003515	0.000288	0.412637
-68455.956682	0.000400	0.410720
-68454.324716	0.000219	0.423499
-68451.157836	0.000334	0.395662
-68449.444506	0.000369	0.399590
-68446.608240	0.000278	0.398416
-68444.311409	0.000456	0.409264
-68442.202837	0.000334	0.403483
-68439.774941	0.000197	0.397000
-68438.745023	0.000188	0.390852
-68436.455504	0.000416	0.393958
-68435.601725	0.000459	0.396064
-68432.478471	0.000519	0.413481
-68431.116793	0.000238	0.410795
-68427.751357	0.000181	0.414546
-68425.812990	0.000228	0.413710
-68422.373258	0.000313	0.412367
-68419.919145	0.000350	0.401760
-68416.887892	0.000291	0.411345
-68415.344150	0.000244	0.416104
-68413.179904	0.000516	0.413858
-68411.951154	0.000191	0.414780
-68410.896030	0.000247	0.412940
-68408.315532	0.000338	0.406125
-68406.601945	0.000338	0.414509
-68403.627086	0.000256	0.406150
-68401.503897	0.000513	0.399029
-68398.551109	0.000275	0.402506
-68396.559103	0.000478	0.393616
-68393.749601	0.000581	0.380941
-68392.170725	0.000316	0.393589
-68389.885231	0.000363	0.399395
-68388.363822	0.000300	0.400513
-68386.509771	0.000272	0.409340
-68384.585328	0.000334	0.414120
-68381.541455	0.000513	0.410043
-68380.023600	0.000516	0.397170
-68376.572043	0.000400	0.407669
-68374.560794	0.000678	0.413161
-68370.995766	0.000091	0.407455
-68368.499853	0.000291	0.410708
-68366.349818	0.000359	0.408487
-68363.923787	0.000284	0.413948
-68363.080281	0.000281	0.411070
-68360.894846	0.000278	0.395828
-68360.128158	0.000344	0.411681
-68356.633500	0.000219	0.408786
-68355.622287	0.000506	0.411877
-68352.693130	0.000309	0.399309
-68350.691064	0.000391	0.400238
-68348.070980	0.000478	0.391109
-68345.988573	0.000372	0.390785
-68343.475954	0.000434	0.393751
-68341.589971	0.000397	0.410800
-68339.886459	0.000313	0.417536
-68338.898986	0.000425	0.406245
-68336.356094	0.000434	0.402590
-68334.896495	0.000225	0.408563
-68331.149669	0.000188	0.409927
-68329.599300	0.000347	0.411560
-68326.090804	0.000159	0.405047
-68324.240120	0.000341	0.413637
-68321.032119	0.000366	0.410091
-68318.489550	0.000378	0.406287
-68316.374595	0.000400	0.395466
-68314.292078	0.000397	0.403003
-68313.587926	0.000391	0.407930
-68311.670650	0.000394	0.405119
-68310.249339	0.000294	0.398632
-68307.424347	0.000344	0.389533
-68304.989545	0.000353	0.393568
-68302.778073	0.000384	0.403005
-68299.750289	0.000606	0.404442
-68298.364942	0.000269	0.409661
-68294.842884	0.000331	0.414673
-68293.362733	0.000344	0.413868
-68291.583920	0.000409	0.416798
-68289.951119	0.000319	0.405549
-68288.317042	0.000263	0.407216
-68285.729878	0.000653	0.409070
-68283.826374	0.000619	0.403578
-68280.341020	0.000322	0.415971
-68278.754760	0.000284	0.405802
-68274.905461	0.000088	0.407756
-68272.664217	0.000203	0.399574
-68269.167933	0.000350	0.407454
-68267.865501	0.000394	0.409226
-68265.957050	0.000113	0.401459
-68264.831291	0.000331	0.404067
-68262.978187	0.000434	0.397359
-68261.319277	0.000494	0.387777
-68259.161051	0.000431	0.398153
-68256.643875	0.000416	0.401786
-68254.721539	0.000297	0.399019
-68251.683535	0.000322	0.403584
-68249.416947	0.000400	0.413215
-68246.859561	0.000481	0.398523
-68245.245702	0.000313	0.403725
-68243.064625	0.000178	0.419168
-68241.973272	0.000269	0.414718
-68239.850545	0.000481	0.408238
-68238.242042	0.000425	0.405811
-68235.203655	0.000363	0.418216
-68233.754571	0.000138	0.408669
-68230.168165	0.000259	0.403521
-68228.139976	0.000075	0.405287
-68224.216854	0.000478	0.404688
-68222.467329	0.000231	0.402185
-68219.661882	0.000250	0.395270
-68218.057072	0.000106	0.382816
-68216.861987	0.000547	0.396022
-68215.362038	0.000303	0.385545
-68213.805806	0.000428	0.396727
-68210.972446	0.000234	0.402155
-68209.249603	0.000269	0.402901
-68206.167180	0.000475	0.406996
-68204.364940	0.000303	0.405287
-68201.882627	0.000256	0.396519
-68199.666536	0.000234	0.409580
-68197.169753	0.000344	0.412596
-68195.135832	0.000341	0.409800
-68193.187073	0.000234	0.408171
-68192.265828	0.000316	0.412360
-68189.830773	0.000466	0.400506
-68187.748983	-0.000034	0.392096
-68184.886505	0.000513	0.400762
-68182.416765	0.000263	0.399847
-68179.454311	0.000256	0.404937
-68176.834484	0.000016	0.389659
-68173.871118	0.000313	0.393219
-68171.292907	0.000372	0.400459
-68169.401742	0.000766	0.394601
-68167.790585	0.000331	0.406297
-68167.207837	0.000359	0.404441
-68164.839105	0.000463	0.407488
-68163.418306	0.000466	0.410523
-68160.114668	0.000191	0.400564
-68158.737866	0.000341	0.404860
-68155.852428	0.000197	0.411944
-68153.816927	0.000478	0.399794
-68151.219173	0.000309	0.402239
-68148.713342	0.000438	0.399487
-68146.872986	0.000419	0.402275
-68145.084108	0.000325	0.399856
-68143.632436	0.000363	0.395081
-68141.689617	0.000450	0.393365
-68139.556613	0.000328	0.404330
-68136.921480	0.000375	0.403277
-68134.510976	0.000141	0.382422
-68131.801084	0.000244	0.395639
-68128.907337	0.000431	0.392285
-68126.270339	0.000169	0.391298
-68123.383449	0.000613	0.392313
-68121.701463	0.000488	0.409010
-68119.912931	0.000025	0.407159
-68118.614373	0.000366	0.404617
-68117.299930	0.000397	0.398741
-68115.134621	0.000256	0.395230
-68113.060947	0.000403	0.406678
-68110.472130	0.000097	0.396976
-68108.512511	0.000497	0.407058
-68105.675707	0.000525	0.408331
-68103.546964	0.000331	0.408829
-68100.980591	0.000416	0.403358
-68098.587606	0.000344	0.396141
-68096.977998	0.000209	0.394303
-68095.056311	0.000506	0.401523
-68094.124795	0.000331	0.387865
-68091.907385	0.000384	0.389215
-68089.792222	0.000266	0.384278
-68086.352029	0.000316	0.381672
-68083.633169	0.000538	0.387980
-68080.482089	0.000369	0.395529
-68077.950549	0.000300	0.409053
-68076.089248	0.000197	0.407170
-68073.455792	0.000191	0.398977
-68071.882259	0.000281	0.407052
-68070.145145	0.000184	0.395253
-68068.594573	0.000359	0.404530
-68066.804787	0.000472	0.401905
-68064.620798	0.000322	0.403521
-68062.348346	0.000384	0.403553
-68060.233863	0.000244	0.397110
-68057.790208	0.000297	0.395601
-68054.797551	0.000247	0.398088
-68052.640542	0.000106	0.392561
-68050.159641	0.000350	0.399328
-68048.396379	0.000441	0.401161
-68047.250863	0.000269	0.382010
-68045.616724	0.000213	0.391419
-68043.576367	0.000384	0.386107
-68040.894149	0.000419	0.392525
-68038.489801	0.000413	0.401889
-68035.886149	0.000203	0.392923
-68033.202995	0.000309	0.395032
-68030.453696	0.000491	0.392503
-68027.745883	0.000275	0.397868
-68025.207472	0.000131	0.391824
-68022.990496	0.000209	0.402576
-68022.124397	0.000363	0.393245
-68020.835584	0.000234	0.396124
-68019.392807	0.000278	0.401182
-68017.171458	0.000297	0.407495
-68014.251608	0.000400	0.397687
-68012.206866	0.000509	0.383928
-68009.070595	0.000575	0.395383
-68007.852493	0.000066	0.397989
-68004.516116	0.000319	0.398433
-68003.028763	0.000409	0.394875
-68000.647689	0.000388	0.396574
-67998.765218	0.000413	0.388774
-67997.512840	0.000381	0.390906
-67995.004243	0.000250	0.400450
-67993.486511	0.000228	0.401647
-67990.478678	0.000375	0.399111
-67988.382876	0.000622	0.398597
-67985.202609	0.000375	0.401258
-67982.697964	0.000247	0.392251
-67979.427622	0.000272	0.406934
-67976.962398	0.000375	0.397379
-67974.993563	0.000266	0.402522
-67973.336028	0.000422	0.403011
-67972.054879	0.000200	0.399871
-67970.537275	0.000338	0.393550
-67967.928991	0.000400	0.392370
-67966.214067	0.000528	0.395853
-67963.373710	0.000338	0.399356
-67961.817064	0.000281	0.392106
-67958.843028	0.000363	0.378504
-67956.797881	0.000359	0.381145
-67953.939752	0.000531	0.384173
-67951.938293	0.000500	0.381704
-67950.492425	0.000009	0.393277
-67948.243348	0.000338	0.406204
-67947.515029	0.000403	0.407072
-67944.068579	0.000484	0.396356
-67942.486473	0.000175	0.390023
-67939.084240	0.000497	0.392492
-67937.707313	0.000144	0.405352
-67934.300419	0.000206	0.411055
-67932.072169	0.000253	0.412093
-67929.256225	0.000253	0.409760
-67927.026542	0.000359	0.399894
-67925.393756	0.000247	0.404056
-67923.529326	0.000234	0.402582
-67922.550627	0.000222	0.388208
-67920.685962	0.000222	0.401149
-67918.322230	0.000263	0.400991
-67916.397118	0.000350	0.397320
-67913.389804	0.000456	0.387534
-67911.116126	0.000213	0.388898
-67908.393615	0.000272	0.392725
-67906.469972	0.000400	0.400651
-67904.209693	0.000428	0.400461
-67902.404373	0.000319	0.403017
-67900.853614	0.000325	0.403727
-67898.618563	0.000497	0.387017
-67897.183049	0.000391	0.388472
-67894.776752	0.000463	0.402378
-67892.534243	0.000219	0.400399
-67889.764127	0.000444	0.408219
-67886.745114	0.000272	0.401520
-67883.749504	0.000088	0.407186
-67881.623854	0.000284	0.399024
-67878.556672	0.000484	0.394775
-67877.303021	0.000228	0.397429
-67875.038488	0.000303	0.412492
-67873.857463	0.000231	0.396793
-67871.914077	0.000172	0.387922
-67870.127804	0.000141	0.385855
-67867.780278	0.000391	0.397420
-67865.478041	0.000331	0.384990
-67863.024898	0.000297	0.396412
-67860.080936	0.000472	0.392853
-67857.747910	0.000419	0.396738
-67855.363975	0.000425	0.413753
-67853.259929	0.000453	0.406049
-67852.010935	0.000353	0.394051
-67850.680444	0.000250	0.403782
-67848.205819	0.000234	0.408061
-67846.416577	0.000300	0.408713
-67843.441823	0.000325	0.402171
-67841.674465	0.000384	0.403702
-67838.148120	0.000225	0.396416
-67836.487497	0.000331	0.397813
-67832.476702	0.000241	0.388044
-67830.657148	0.000384	0.401799
-67828.511932	0.000394	0.396040
-67827.038198	0.000313	0.389052
-67826.084843	0.000356	0.392802
-67823.758899	0.000181	0.385815
-67822.121036	0.000422	0.387534
-67819.392993	0.000334	0.390010
-67817.150060	0.000338	0.391868
-67814.903745	0.000416	0.404634
-67812.912266	0.000291	0.409978
-67810.056484	0.000397	0.405564
-67807.721610	0.000306	0.395196
-67805.521067	0.000322	0.409842
-67803.729528	0.000569	0.411705
-67802.365989	0.000097	0.406382
-67801.556897	0.000253	0.403556
-67798.751977	0.000375	0.401295
-67796.712818	0.000497	0.402164
-67793.174262	0.000169	0.388265
-67790.929689	0.000306	0.388811
-67787.652185	0.000153	0.397003
-67785.378419	0.000184	0.398860
-67782.529623	0.000322	0.391719
-67780.619350	0.000431	0.391406
-67778.614582	0.000484	0.389502
-67776.980081	0.000231	0.390069
-67775.913526	0.000375	0.400109
-67773.560098	0.000266	0.408600
-67771.751984	0.000259	0.403892
-67769.142918	0.000350	0.404307
-67766.759240	0.000444	0.398244
-67763.930836	0.000181	0.391396
-67761.710250	0.000466	0.398581
-67759.272014	0.000306	0.400718
-67757.529686	0.000438	0.401300
-67755.856869	0.000206	0.403365
-67753.696734	0.000388	0.404892
-67752.418928	0.000253	0.404925
-67749.867068	0.000122	0.393954
-67747.667236	0.000278	0.399576
-67745.569654	0.000409	0.405140
-67742.789166	0.000472	0.411086
-67740.299686	0.000244	0.388802
-67736.853890	0.000175	0.389840
-67734.682422	0.000234	0.388640
-67732.165371	0.000213	0.396350
-67730.733032	0.000481	0.404977
-67729.363001	0.000278	0.405967
-67727.462221	0.000353	0.403025
-67725.889234	0.000253	0.408320
-67723.076955	0.000269	0.402403
-67721.292995	0.000350	0.403091
-67718.855719	0.000222	0.400329
-67716.363550	0.000281	0.405024
-67714.123813	0.000203	0.400888
-67711.754321	0.000347	0.401908
-67709.286712	0.000194	0.407920
-67707.542504	0.000341	0.389034
-67706.099029	0.000447	0.385396
-67704.320052	0.000372	0.390721
-67702.464005	0.000244	0.404316
-67700.549301	0.000472	0.397330
-67697.539829	0.000138	0.386503
-67695.550785	0.000384	0.392712
-67692.439416	0.000397	0.389034
-67689.844609	0.000491	0.390473
-67686.902977	0.000331	0.399898
-67684.481685	0.000297	0.402397
-67682.094718	0.000516	0.400185
-67680.809773	0.000213	0.406044
-67679.629006	0.000303	0.411529
-67677.563104	0.000413	0.400095
-67675.989789	0.000344	0.406530
-67672.879280	0.000313	0.401976
-67671.174675	0.000528	0.411021
-67668.066473	0.000250	0.407737
-67665.979712	0.000341	0.402435
-67663.345795	0.000413	0.396804
-67661.276245	0.000153	0.392012
-67658.927860	0.000347	0.397294
-67657.609437	0.000275	0.399647
-67656.193534	0.000419	0.397496
-67654.019404	0.000331	0.387305
-67651.862668	0.000216	0.389896
-67649.684790	0.000222	0.388496
-67646.825494	0.000463	0.390726
-67644.874931	0.000372	0.394020
-67641.007279	0.000172	0.403687
-67638.897147	0.000288	0.400622
-67635.652129	0.000256	0.400145
-67634.024912	0.000403	0.400173
-67632.606815	0.000444	0.403693
-67631.605232	0.000350	0.406959
-67629.471104	0.000634	0.403938
-67627.284073	0.000269	0.404830
-67624.800846	0.000419	0.403044
-67622.124764	0.000125	0.401925
-67620.484761	0.000494	0.398175
-67618.063282	0.000178	0.395514
-67615.570210	0.000325	0.394566
-67612.794749	0.000253	0.396137
-67611.111266	0.000356	0.408205
-67609.065150	0.000559	0.394275
-67607.946929	0.000313	0.383228
-67606.308125	0.000428	0.389357
-67604.157012	0.000453	0.388644
-67601.599207	0.000347	0.393075
-67599.166938	0.000422	0.400741
-67596.318804	0.000400	0.406261
-67593.808215	0.000409	0.400939
-67590.523370	0.000269	0.395014
-67588.595643	0.000338	0.396458
-67585.888488	0.000038	0.400470
-67584.305188	0.000216	0.397460
-67582.421905	0.000009	0.407741
-67581.302565	0.000494	0.402797
-67578.876127	0.000119	0.403001
-67576.844888	0.000419	0.401319
-67574.928367	0.000238	0.393115
-67571.890752	0.000097	0.389845
-67570.126942	0.000194	0.399601
-67566.703421	0.000322	0.400494
-67565.149897	0.000325	0.392077
-67562.530443	0.000347	0.394714
-67561.521999	0.000216	0.395048
-67559.260108	0.000231	0.395819
-67557.685575	0.000375	0.398205
-67556.042879	0.000428	0.402159
-67552.672841	0.000050	0.402329
-67551.073103	0.000169	0.408699
-67548.001401	0.000306	0.400914
-67545.852967	0.000363	0.397460
-67542.741405	0.000241	0.401966
-67540.215205	0.000313	0.401288
-67537.563729	0.000525	0.397664
-67535.132234	0.000019	0.403522
-67534.017446	0.000297	0.392353
-67532.815231	0.000309	0.390727
-67531.529984	0.000406	0.389173
-67529.033982	0.000256	0.400036
-67526.295142	0.000463	0.404174
-67524.182530	0.000388	0.402849
-67520.966372	0.000428	0.392962
-67519.251908	0.000597	0.390188
-67516.571454	0.000388	0.389603
-67514.618414	0.000119	0.383945
-67512.473795	0.000400	0.398418
-67511.276109	0.000319	0.399126
-67509.398675	0.000400	0.402210
-67507.559803	0.000325	0.407654
-67505.539436	0.000238	0.394214
-67503.057318	0.000169	0.395357
-67501.146136	0.000303	0.405445
-67497.793695	0.000244	0.400612
-67495.078466	0.000678	0.400887
-67492.344421	0.000500	0.402790
-67489.570498	0.000441	0.398813
-67487.670396	0.000475	0.394763
-67486.409225	0.000263	0.390964
-67484.907442	0.000119	0.391264
-67482.949501	0.000353	0.406520
-67481.072540	0.000041	0.400420
-67478.151705	0.000363	0.386840
-67476.330982	0.000297	0.387909
-67473.623503	0.000272	0.389817
-67471.352522	0.000288	0.393625
-67468.805824	0.000441	0.403656
-67466.467878	0.000284	0.396285
-67464.293150	0.000431	0.398708
-67462.905095	0.000556	0.395672
-67461.646452	0.000250	0.392369
-67459.543982	0.000341	0.394253
-67457.470119	0.000313	0.406522
-67455.353714	0.000431	0.402735
-67452.021117	0.000234	0.408375
-67450.166039	0.000506	0.403978
-67446.767120	0.000241	0.402858
-67444.665580	0.000347	0.406332
-67441.702815	0.000416	0.395445
-67439.673978	0.000253	0.390544
-67437.775859	0.000319	0.392601
-67436.306053	0.000231	0.398799
-67435.036370	0.000116	0.385871
-67432.738109	0.000444	0.391321
-67430.824155	0.000403	0.384903
-67427.713097	0.000416	0.394510
-67425.682688	0.000269	0.395777
-67423.069610	0.000053	0.399600
-67420.719632	0.000278	0.403601
-67418.589573	0.000500	0.411350
-67416.592302	0.000219	0.400329
-67414.756227	0.000419	0.393290
-67412.839690	0.000331	0.399836
-67411.884062	0.000169	0.405210
-67409.332110	0.000409	0.400999
-67407.279439	0.000494	0.409064
-67404.517807	0.000316	0.396517
-67402.105563	0.000428	0.392611
-67399.370313	0.000238	0.391883
-67396.222263	0.000091	0.393067
-67393.795201	0.000584	0.399151
-67391.447092	0.000175	0.408552
-67389.552805	0.000188	0.391242
-67388.440388	0.000344	0.389959
-67387.115000	0.000256	0.394926
-67384.994507	0.000331	0.390188
-67382.246826	0.000478	0.403958
-67380.261157	0.000028	0.401352
-67377.474322	0.000284	0.406112
-67375.800260	0.000172	0.400280
-67372.827102	0.000081	0.392776
-67370.353672	0.000334	0.395885
-67368.354656	0.000184	0.399187
-67366.057315	0.000441	0.398032
-67364.998713	0.000450	0.400780
-67362.896256	0.000294	0.406569
-67361.660704	0.000528	0.407038
-67358.252984	0.000384	0.395842
-67356.524501	0.000341	0.393397
-67353.621311	0.000500	0.400604
-67350.720880	0.000216	0.395699
-67348.287541	0.000300	0.402138
-67345.565495	0.000450	0.387086
-67343.269648	0.000431	0.396658
-67340.705217	0.000544	0.394827
-67339.500291	0.000316	0.400063
-67337.593419	0.000438	0.400735
-67336.233948	0.000600	0.398867
-67333.854729	0.000231	0.395495
-67331.737837	0.000300	0.395601
-67329.349204	0.000375	0.395266
-67326.623449	0.000166	0.397677
-67324.455257	0.000328	0.402334
-67321.956194	0.000403	0.405282
-67319.751665	0.000247	0.404163
-67318.061484	0.000484	0.402427
-67316.435721	0.000319	0.398767
-67315.230531	0.000175	0.397575
-67313.257321	0.000225	0.392337
-67311.017042	0.000200	0.397075
-67308.186447	0.000253	0.400921
-67305.519193	0.000181	0.396410
-67302.912530	0.000331	0.390606
-67300.357344	0.000356	0.394226
-67297.562946	0.000400	0.385055
-67295.251854	0.000241	0.387289
-67292.251007	0.000138	0.394743
-67291.269097	0.000359	0.399303
-67289.200036	0.000413	0.404250
-67288.206647	0.000534	0.406861
-67286.382605	0.000469	0.396964
-67284.206595	0.000313	0.399092
-67281.626502	0.000247	0.401044
-67278.908518	0.000031	0.392813
-67276.322359	0.000263	0.394538
-67274.087926	0.000366	0.403347
-67271.714462	0.000284	0.398711
-67269.740626	0.000200	0.398702
-67267.882320	0.000416	0.402942
-67266.624955	0.000438	0.399410
-67264.654922	0.000266	0.403745
-67262.512277	0.000444	0.406683
-67260.602477	0.000206	0.394833
-67256.864941	0.000459	0.392029
-67255.256119	0.000359	0.396402
-67250.994362	0.000403	0.395437
-67249.312963	0.000350	0.399650
-67245.691484	0.000313	0.402120
-67244.330456	0.000088	0.401370
-67242.284596	0.000481	0.404223
-67240.818231	0.000275	0.395559
-67239.182954	0.000228	0.394570
-67237.090872	0.000522	0.399931
-67235.308370	0.000438	0.399182
-67232.460546	0.000313	0.407537
-67230.895712	0.000541	0.417466
-67227.874069	0.000391	0.402204
-67225.795495	0.000250	0.395490
-67222.860729	0.000375	0.392796
-67220.957686	0.000191	0.387207
-67219.290208	0.000344	0.394773
-67217.907651	0.000344	0.406530
-67216.339236	0.000419	0.385264
-67214.241540	0.000094	0.387803
-67211.412780	0.000272	0.399020
-67209.418617	0.000275	0.381073
-67206.289537	0.000384	0.395417
-67204.365642	0.000056	0.402402
-67200.706212	0.000325	0.397252
-67198.794129	0.000456	0.402939
-67196.077015	0.000334	0.405128
-67194.255921	0.000250	0.396202
-67192.868023	0.000453	0.407837
-67191.561743	0.000494	0.404955
-67190.492914	0.000269	0.403456
-67187.452657	0.000244	0.411338
-67185.891003	0.000331	0.409308
-67182.821526	0.000228	0.406238
-67180.335916	0.000413	0.398840
-67177.671374	0.000216	0.393824
-67175.246677	0.000009	0.402365
-67173.444306	0.000469	0.394501
-67171.215360	0.000225	0.388720
-67169.798906	0.000184	0.387902
-67167.959437	0.000425	0.391242
-67165.935778	0.000444	0.393120
-67163.537878	0.000444	0.392845
-67161.250674	0.000444	0.402019
-67158.850180	0.000547	0.413429
-67155.563136	0.000125	0.400269
-67152.740308	0.000297	0.404428
-67149.381923	0.000281	0.394124
-67147.991413	0.000516	0.408963
-67144.942213	0.000250	0.400976
-67144.721870	0.000322	0.408074
-67142.824622	0.000344	0.402720
-67140.982239	0.000175	0.398639
-67138.907985	0.000316	0.398688
-67136.161868	0.000313	0.394358
-67134.149018	0.000200	0.393286
-67131.176210	0.000163	0.398307
-67129.296079	0.000350	0.403323
-67126.865750	0.000153	0.393381
-67124.810912	0.000244	0.391962
-67122.825425	0.000444	0.398795
-67120.904912	0.000278	0.389001
-67119.086094	0.000256	0.396166
-67117.674751	0.000228	0.401137
-67114.937651	0.000372	0.394153
-67113.087055	0.000303	0.396442
-67109.971775	0.000034	0.404673
-67107.729763	0.000341	0.395515
-67104.843302	0.000350	0.401787
-67102.481741	0.000409	0.405891
-67099.337620	0.000328	0.411925
-67097.675265	0.000319	0.396882
-67095.419101	0.000347	0.401935
-67094.697081	0.000425	0.396971
-67093.001734	0.000488	0.398488
-67091.236514	0.000203	0.390898
-67088.710225	0.000047	0.400712
-67086.094063	0.000256	0.397499
-67084.603366	0.000284	0.385546
-67081.318509	0.000456	0.389058
-67079.768706	0.000475	0.387285
-67076.704835	0.000063	0.391508
-67074.883504	0.000509	0.392722
-67072.938864	0.000494	0.399793
-67071.465436	0.000303	0.399777
-67069.774285	0.000213	0.409816
-67067.618547	0.000194	0.398041
-67065.310992	0.000228	0.389708
-67062.441594	0.000181	0.400118
-67059.954853	0.000253	0.402745
-67056.927179	0.000428	0.398059
-67053.867294	0.000384	0.412608
-67051.175352	0.000331	0.402910
-67048.988352	0.000491	0.394001
-67047.384582	0.000281	0.387373
-67045.899438	0.000231	0.402772
-67044.158893	0.000366	0.397929
-67042.408629	0.000534	0.397979
-67039.814074	0.000397	0.378627
-67038.024751	0.000231	0.374932
-67035.478541	0.000478	0.390819
-67033.854103	0.000453	0.390593
-67030.354315	0.000444	0.393880
-67028.816167	0.000350	0.404883
-67026.157967	0.000209	0.404187
-67024.399809	0.000338	0.412751
-67022.835706	0.000441	0.403724
-67021.411773	0.000313	0.392100
-67019.050749	0.000328	0.406820
-67016.426054	0.000191	0.404103
-67014.152027	0.000319	0.402455
-67011.216586	0.000309	0.401203
-67009.011947	0.000156	0.396961
-67005.762706	0.000428	0.393659
-67003.390268	0.000450	0.392506
-67000.657137	0.000291	0.395005
-66998.843900	0.000234	0.400691
-66997.465874	0.000494	0.401241
-66996.553392	0.000328	0.391815
-66994.328096	0.000256	0.385649
-66992.600386	0.000363	0.394454
-66990.292922	0.000488	0.392821
-66988.223931	0.000228	0.391869
-66985.654520	0.000397	0.397203
-66983.286405	0.000188	0.394739
-66980.509128	0.000547	0.399899
-66978.390411	0.000106	0.396427
-66976.385395	0.000316	0.387139
-66974.593345	0.000319	0.395429
-66973.269510	0.000216	0.402197
-66971.081665	0.000503	0.405442
-66969.043131	0.000294	0.400511
-66966.289447	0.000391	0.403735
-66964.090246	0.000275	0.400209
-66960.944191	0.000244	0.388238
-66958.271552	0.000297	0.396481
-66955.308183	0.000422	0.391087
-66952.398472	0.000269	0.391205
-66950.118849	0.000438	0.386495
-66948.616797	0.000406	0.384326
-66947.807657	0.000350	0.384180
-66945.876428	0.000591	0.389814
-66943.948869	0.000294	0.387373
-66941.467000	0.000331	0.396135
-66938.781056	-0.000022	0.410890
-66937.236962	0.000394	0.403088
-66934.207274	0.000303	0.390469
-66932.677417	0.000197	0.394969
-66929.160038	0.000472	0.401190
-66927.806004	0.000325	0.395999
-66925.329274	0.000294	0.390033
-66924.003969	0.000369	0.392851
-66922.630162	0.000466	0.399146
-66920.211232	0.000319	0.386328
-66918.028069	0.000134	0.388263
-66915.019072	0.000303	0.384819
-66912.493902	0.000363	0.397336
-66909.607599	0.000300	0.398427
-66906.837834	0.000369	0.386490
-66904.482478	0.000447	0.381797
-66902.325719	0.000184	0.389177
-66900.622855	0.000388	0.385588
-66898.890515	0.000403	0.389601
-66897.667708	0.000263	0.387258
-66896.016609	0.000538	0.396416
-66893.335051	0.000425	0.394368
-66891.729974	0.000450	0.394745
-66888.790910	0.000356	0.390189
-66886.829469	0.000300	0.387960
-66883.673797	0.000728	0.396107
-66882.174128	0.000181	0.403884
-66879.356878	0.000141	0.399836
-66877.825670	0.000481	0.396583
-66876.181594	0.000344	0.393307
-66874.363832	0.000291	0.385149
-66872.668046	0.000469	0.388858
-66869.888184	0.000128	0.400329
-66867.676551	0.000453	0.387854
-66864.626043	0.000278	0.383974
-66861.895181	0.000309	0.386637
-66858.960189	0.000359	0.382897
-66856.240752	0.000450	0.383574
-66854.038121	0.000397	0.392794
-66852.025450	0.000438	0.395914
-66850.480950	0.000359	0.393386
-66848.791549	0.000075	0.393717
-66846.945842	0.000331	0.386922
-66844.943201	0.000394	0.380687
-66842.424329	0.000378	0.401672
-66840.747795	0.000397	0.396973
-66837.673580	0.000444	0.398634
-66835.590674	0.000491	0.407454
-66832.686558	0.000388	0.396858
-66830.677358	0.000209	0.393333
-66828.589183	0.000478	0.393214
-66826.720927	0.000275	0.392237
-66825.501687	0.000191	0.390322
-66822.614419	0.000259	0.386569
-66821.628110	0.000563	0.378729
-66818.034998	0.000413	0.384691
-66816.471677	0.000441	0.386655
-66813.418056	0.000247	0.379907
-66810.437541	0.000341	0.386641
-66808.111534	0.000281	0.394065
-66804.635814	0.000544	0.397854
-66803.589354	0.000513	0.397002
-66801.180267	0.000153	0.398138
-66801.023883	0.000450	0.388141
-66798.526811	0.000416	0.399127
-66797.020528	0.000519	0.390322
-66794.481668	0.000266	0.402410
-66792.117210	0.000606	0.399279
-66790.180244	0.000319	0.396231
-66787.545731	0.000341	0.397165
-66785.292250	0.000281	0.391327
-66782.317166	0.000281	0.394647
-66780.160939	0.000288	0.391670
-66778.446718	0.000225	0.398135
-66777.102849	0.000222	0.380062
-66775.571581	0.000156	0.381945
-66773.365388	0.000234	0.381985
-66771.077952	0.000069	0.385974
-66768.137176	0.000184	0.388055
-66765.611526	0.000203	0.391674
-66762.874135	0.000178	0.394653
-66759.408790	0.000581	0.402295
-66757.183926	0.000153	0.393104
-66754.480333	0.000378	0.389825
-66752.888246	0.000147	0.401518
-66751.596424	0.000263	0.403266
-66749.980147	0.000697	0.394505
-66748.025401	0.000169	0.391351
-66745.562367	0.000409	0.400603
-66743.617531	0.000341	0.390774
-66741.077615	0.000694	0.388215
-66738.687440	0.000206	0.390439
-66735.567990	0.000297	0.389862
-66733.624598	0.000344	0.395802
-66731.102199	0.000375	0.390146
-66729.538039	0.000225	0.381266
-66727.967005	0.000422	0.388700
-66726.529129	0.000613	0.387217
-66723.923668	0.000316	0.392773
-66721.626370	0.000234	0.400012
-66719.212297	0.000316	0.399688
-66716.466736	0.000384	0.397176
-66713.748830	0.000441	0.397039
-66711.106837	0.000313	0.396641
-66708.333297	0.000359	0.398612
-66706.307047	0.000138	0.396409
-66703.817285	0.000453	0.396156
-66702.841330	0.000241	0.392807
-66701.371365	0.000078	0.401627
-66699.648602	0.000384	0.392652
-66697.596276	0.000528	0.382376
-66694.956170	0.000234	0.386532
-66692.859559	0.000544	0.397648
-66689.883808	0.000428	0.385996
-66688.128854	0.000319	0.378990
-66685.560335	0.000263	0.381977
-66683.503632	0.000175	0.379838
-66681.184505	0.000353	0.382245
-66679.292472	0.000413	0.393419
-66677.968289	0.000241	0.405851
-66676.266247	0.000269	0.407479
-66673.955498	0.000188	0.399656
-66671.878362	0.000503	0.400332
-66668.714696	0.000109	0.392076
-66665.653527	0.000163	0.403210
-66663.190403	0.000334	0.401431
-66660.175691	0.000391	0.396223
-66657.774900	0.000259	0.393819
-66655.517243	0.000316	0.392831
-66653.630612	0.000356	0.388634
-66652.194241	0.000225	0.386509
-66650.568651	0.000206	0.384793
-66648.525605	0.000572	0.392762
-66646.531437	0.000513	0.393799
-66644.126701	0.000356	0.384603
-66641.618852	0.000413	0.384654
-66638.750154	0.000456	0.382248
-66636.473697	0.000234	0.381343
-66633.643061	0.000325	0.379853
-66632.254910	0.000525	0.390226
-66629.674360	0.000369	0.390931
-66628.624146	0.000241	0.396822
-66626.192760	0.000359	0.394822
-66624.247777	0.000128	0.381845
-66621.863989	0.000381	0.388165
-66619.488554	0.000484	0.395225
-66616.957143	0.000500	0.395717
-66614.065870	0.000309	0.393675
-66610.934564	0.000250	0.400153
-66608.134042	0.000422	0.389358
-66606.335792	0.000203	0.385247
-66604.582175	0.000547	0.380895
-66603.208986	0.000347	0.392844
-66602.055711	0.000419	0.392622
-66599.573998	0.000325	0.380731
-66597.186107	0.000450	0.389379
-66595.223954	0.000522	0.387928
-66593.020612	0.000378	0.378520
-66590.648498	0.000213	0.393271
-66587.602886	0.000228	0.394134
-66585.320726	0.000431	0.392008
-66582.781424	0.000316	0.398998
-66581.492082	0.000156	0.390355
-66579.980201	0.000244	0.387485
-66578.894190	0.000491	0.398695
-66576.667689	0.000359	0.392412
-66574.473264	0.000409	0.393255
-66571.425580	0.000328	0.399506
-66568.713027	0.000325	0.402742
-66565.500873	0.000191	0.392695
-66563.152917	0.000109	0.383370
-66560.348604	0.000456	0.392745
-66558.251223	0.000428	0.396280
-66555.773759	0.000288	0.387778
-66554.454153	0.000275	0.389300
-66552.638079	0.000153	0.381414
-66551.172059	0.000284	0.386639
-66548.712801	0.000616	0.378766
-66546.602966	0.000619	0.393638
-66544.099664	0.000166	0.395683
-66541.299872	0.000234	0.399739
-66538.855477	0.000606	0.396496
-66536.010982	0.000156	0.397582
-66533.989484	0.000319	0.403930
-66531.745854	0.000444	0.396606
-66530.781593	0.000134	0.396600
-66528.636709	0.000275	0.392164
-66527.434565	0.000297	0.395546
-66524.348545	0.000491	0.389807
-66522.162969	0.000347	0.389724
-66519.067911	0.000272	0.386099
-66516.599747	0.000275	0.382143
-66514.079269	0.000463	0.394797
-66511.286750	0.000319	0.394166
-66509.250018	0.000322	0.385488
-66506.325376	0.000256	0.381985
-66505.471211	0.000331	0.371936
-66503.045565	0.000222	0.383422
-66502.247268	0.000331	0.394488
-66499.865663	0.000397	0.394534
-66497.798983	0.000506	0.396686
-66495.472840	0.000428	0.402444
-66492.640535	0.000341	0.396270
-66490.423951	0.000425	0.396178
-66487.776792	0.000184	0.395425
-66485.384821	0.000256	0.393938
-66483.754904	0.000416	0.392313
-66482.028477	0.000125	0.394420
-66481.095414	0.000419	0.398238
-66478.334057	0.000347	0.387662
-66476.693448	0.000322	0.391271
-66473.753954	0.000275	0.391124
-66471.261314	0.000359	0.392749
-66468.841589	0.000200	0.400682
-66465.915010	0.000275	0.383993
-66463.302458	0.000341	0.382004
-66460.100019	0.000359	0.383216
-66458.138018	0.000581	0.384316
-66456.215194	0.000281	0.385963
-66454.829397	0.000419	0.394879
-66453.176120	0.000428	0.403126
-66450.946253	0.000334	0.397545
-66449.084125	0.000219	0.390697
-66445.795800	0.000453	0.390549
-66444.132361	0.000278	0.394540
-66440.878053	0.000209	0.402241
-66438.782287	0.000381	0.403259
-66436.642168	0.000447	0.404212
-66433.874579	0.000169	0.402630
-66432.487273	0.000278	0.393337
-66430.264079	0.000147	0.386799
-66428.663994	0.000163	0.392702
-66426.715987	0.000256	0.392900
-66424.565298	0.000341	0.396123
-66421.749621	-0.000034	0.387734
-66419.080125	0.000459	0.378866
-66416.387262	0.000325	0.388632
-66413.139403	0.000484	0.386268
-66410.970628	0.000238	0.392434
-66408.189109	0.000450	0.396852
-66407.125853	0.000394	0.398426
-66404.999953	0.000353	0.397814
-66404.275734	0.000603	0.401443
-66401.508989	0.000334	0.393841
-66399.619209	0.000303	0.399412
-66397.141622	0.000056	0.399431
-66394.948585	0.000259	0.406293
-66392.690525	0.000403	0.401456
-66389.534077	0.000491	0.397228
-66387.420539	0.000350	0.396880
-66384.839187	0.000191	0.400275
-66383.339223	0.000281	0.399415
-66381.949846	0.000397	0.402609
-66380.486911	0.000247	0.399076
-66378.263898	0.000275	0.393089
-66375.783971	0.000259	0.384236
-66373.402007	0.000350	0.384190
-66370.865367	0.000188	0.391835
-66368.219255	0.000238	0.398695
-66365.070217	0.000400	0.405467
-66362.418567	0.000225	0.401421
-66359.848471	0.000413	0.406207
-66357.419736	0.000078	0.399059
-66356.516960	0.000156	0.395156
-66354.749319	0.000306	0.400205
-66353.138014	0.000488	0.403916
-66350.708215	0.000325	0.397768
-66348.381873	0.000438	0.407602
-66345.996368	0.000553	0.405075
-66342.675085	0.000484	0.396412
-66340.796548	0.000100	0.396568
-66337.820671	0.000369	0.390098
-66336.131067	0.000272	0.399140
-66333.449232	0.000341	0.400691
-66332.205735	0.000481	0.389400
-66330.473287	0.000328	0.382624
-66328.403553	0.000281	0.385724
-66326.366615	0.000519	0.384429
-66323.704435	0.000134	0.399076
-66321.190036	0.000406	0.398349
-66318.103853	0.000113	0.403525
-66315.357076	0.000463	0.402085
-66312.450348	0.000556	0.406724
-66310.361214	0.000431	0.400190
-66307.726870	0.000306	0.395344
-66306.670977	0.000106	0.406669
-66305.021424	0.000206	0.410444
-66303.287695	0.000353	0.408748
-66301.400989	0.000353	0.405415
-66298.899271	0.000250	0.392141
-66296.378386	0.000366	0.397993
-66293.650745	0.000206	0.396441
-66291.461345	0.000291	0.394103
-66289.038758	0.000416	0.395640
-66286.878906	0.000500	0.389655
-66284.912985	0.000331	0.391059
-66283.061066	0.000391	0.388215
-66281.545699	0.000297	0.389521
-66279.856868	0.000288	0.393245
-66277.489949	0.000175	0.400436
-66275.717292	0.000459	0.413849
-66272.380029	0.000197	0.406518
-66270.374340	0.000331	0.401962
-66266.899175	0.000194	0.396174
-66264.125843	0.000097	0.402608
-66261.372483	0.000322	0.410784
-66258.990592	0.000228	0.404829
-66257.714714	0.000425	0.401170
-66256.032740	0.000384	0.408169
-66255.008351	0.000353	0.406007
-66251.948093	0.000341	0.385432
-66250.467169	0.000247	0.398713
-66247.124035	0.000334	0.400985
-66245.300782	0.000278	0.397440
-66242.593838	0.000309	0.393139
-66240.235270	0.000466	0.397517
-66237.597034	0.000297	0.387699
-66235.831354	0.000247	0.396135
-66232.946011	0.000363	0.406351
-66231.665533	0.000316	0.405658
-66229.995578	0.000175	0.401189
-66228.074132	0.000569	0.411258
-66225.590794	0.000253	0.401241
-66223.303152	0.000309	0.390556
-66220.225498	0.000272	0.389098
-66217.255431	0.000147	0.405155
-66214.249774	0.000234	0.402185
-66211.937352	0.000484	0.403624
-66209.772826	0.000359	0.400732
-66207.501674	0.000550	0.391002
-66206.266228	0.000338	0.401650
-66204.354979	0.000519	0.399051
-66202.633745	0.000331	0.402130
-66199.956187	0.000275	0.402763
-66198.474028	0.000247	0.389096
-66195.434266	0.000263	0.385349
-66193.639559	0.000388	0.379366
-66190.517964	0.000247	0.387468
-66188.408563	0.000363	0.397135
-66186.001713	0.000284	0.406162
-66184.000930	0.000284	0.404232
-66182.803602	0.000238	0.401038
-66181.246092	0.000397	0.391750
-66179.478901	0.000294	0.395654
-66176.602767	0.000325	0.407962
-66174.617760	0.000222	0.406199
-66171.913537	0.000028	0.408533
-66169.153612	0.000331	0.411764
-66166.363767	0.000347	0.406598
-66163.494585	0.000197	0.401811
-66160.687202	0.000134	0.389292
-66158.396169	0.000234	0.387809
-66156.917129	0.000338	0.402146
-66155.692181	0.000344	0.400882
-66154.290045	0.000381	0.387992
-66151.803046	0.000356	0.383353
-66149.365484	0.000306	0.386165
-66146.984466	0.000075	0.386580
-66143.829458	0.000184	0.386918
-66141.869519	0.000291	0.398630
-66139.063244	0.000297	0.405205
-66136.973068	0.000394	0.405840
-66135.044562	0.000472	0.398252
-66132.582243	0.000566	0.389335
-66131.472771	0.000544	0.404392
-66129.081970	0.000194	0.406816
-66127.477691	0.000200	0.407050
-66124.620451	0.000459	0.406809
-66122.170386	0.000316	0.406523
-66119.175529	0.000284	0.398441
-66116.271395	0.000306	0.388888
-66113.597303	0.000494	0.394920
-66110.782868	0.000447	0.398879
-66109.155264	0.000641	0.399331
-66106.919296	0.000225	0.379929
-66105.552099	0.000250	0.380522
-66103.989962	0.000147	0.391346
-66101.302400	0.000259	0.381572
-66099.438375	0.000503	0.401786
-66096.641630	0.000403	0.398106
-66094.787490	0.000259	0.406205
-66092.090752	0.000588	0.398118
-66090.191660	0.000788	0.400924
-66087.124892	0.000281	0.394063
-66085.526045	0.000175	0.396109
-66083.718092	0.000350	0.403110
-66082.213349	0.000375	0.396715
-66080.940569	0.000103	0.401654
-66078.066599	0.000228	0.407539
-66075.852056	0.000391	0.396565
-66072.863208	0.000341	0.389061
-66070.771853	0.000322	0.388484
-66067.761658	0.000403	0.397750
-66065.518586	0.000306	0.402461
-66062.184653	0.000372	0.389327
-66060.073965	0.000544	0.386634
-66057.481018	0.000528	0.385553
-66056.328345	0.000219	0.389599
-66055.128759	0.000400	0.389499
-66053.550284	0.000422	0.397813
-66050.622647	0.000425	0.397567
-66048.489467	0.000166	0.399875
-66045.665710	0.000203	0.395810
-66043.420868	0.000647	0.396795
-66040.532344	0.000375	0.400591
-66038.632765	0.000331	0.403068
-66035.853843	0.000375	0.404195
-66034.167540	0.000244	0.405258
-66032.104703	0.000416	0.401783
-66030.350641	0.000319	0.390761
-66028.757412	0.000200	0.390354
-66025.545541	0.000475	0.386559
-66023.845628	0.000247	0.396259
-66020.402637	0.000256	0.400601
-66018.087898	0.000219	0.389286
-66014.875678	0.000388	0.386659
-66012.499964	0.000347	0.386940
-66009.793323	0.000131	0.388809
-66007.486373	0.000106	0.393745
-66006.171138	0.000316	0.397304
-66004.570715	0.000256	0.407075
-66002.987319	0.000297	0.399325
-66000.548051	0.000138	0.403476
-65998.004617	0.000281	0.398641
-65996.197038	0.000197	0.400736
-65993.018204	0.000266	0.399902
-65991.654105	0.000109	0.397177
-65990.830185	0.000303	0.406945
-65991.796220	0.000375	0.398442
-65993.579615	0.000163	0.387415
-65993.888446	0.000353	0.395564
-65993.946561	0.000347	0.395469
-65992.399640	0.000375	0.400227
-65992.014136	0.000506	0.399162
-65991.155089	0.000381	0.393150
-65992.150198	0.000322	0.392140
-65992.627954	0.000509	0.388528
-65993.469341	0.000422	0.387155
-65992.953532	0.000478	0.401356
-65992.624471	0.000294	0.399077
-65991.616850	0.000397	0.399292
-65991.738797	0.000294	0.408286
-65991.840309	0.000284	0.396479
-65992.584364	0.000228	0.396850
-65992.580866	0.000256	0.399391
