-74221.957835	0.000328	0.392933
-74213.725547	0.000172	0.400380
-74207.546469	0.000291	0.398817
-74204.852980	0.000206	0.409362
-74202.443545	0.000256	0.407291
-74198.316487	0.000444	0.404874
-74190.523466	0.000347	0.399784
-74181.970366	0.000350	0.409183
-74172.742951	0.000234	0.391698
-74164.798916	0.000213	0.405197
-74158.120608	0.000272	0.403526
-74154.261435	0.000556	0.407462
-74151.796683	0.000069	0.397928
-74146.537776	0.000297	0.395820
-74139.720166	0.000272	0.383664
-74130.814574	0.000556	0.385351
-74123.511215	0.000463	0.403003
-74115.671214	0.000347	0.403469
-74109.574166	0.000344	0.407411
-74105.478557	0.000363	0.399498
-74101.996194	0.000319	0.411477
-74097.052199	0.000284	0.415353
-74089.884714	0.000147	0.413106
-74082.211856	0.000300	0.400231
-74074.374308	0.000500	0.402856
-74066.497268	0.000394	0.401527
-74059.889321	0.000550	0.396036
-74054.594548	0.000406	0.413462
-74051.260913	0.000294	0.397391
-74046.177823	0.000397	0.395891
-74039.511901	0.000100	0.402452
-74032.179527	0.000094	0.408357
-74024.419100	0.000247	0.390776
-74017.115159	0.000394	0.387894
-74010.467035	0.000281	0.382166
-74006.051977	0.000341	0.395422
-74002.709212	0.000322	0.408237
-73997.772053	0.000281	0.406208
-73991.150918	0.000488	0.401693
-73983.501925	0.000256	0.409003
-73975.939807	0.000325	0.403755
-73967.577486	0.000603	0.405078
-73960.770621	0.000484	0.407653
-73955.584424	0.000128	0.401716
-73951.986130	0.000259	0.405535
-73947.173097	0.000375	0.412458
-73940.956969	0.000306	0.407619
-73933.662273	0.000381	0.399822
-73926.677678	0.000072	0.395720
-73918.158720	0.000394	0.396610
-73911.308771	0.000372	0.403900
-73907.058945	0.000478	0.401409
-73903.273337	0.000466	0.396467
-73898.575678	0.000297	0.404677
-73892.238640	0.000378	0.391296
-73885.021346	0.000350	0.393610
-73877.408892	0.000434	0.389316
-73869.300201	0.000303	0.402840
-73862.314374	0.000225	0.413567
-73857.298333	0.000466	0.407494
-73853.400100	0.000444	0.395959
-73848.031634	0.000256	0.394581
-73841.448293	0.000500	0.411714
-73834.887985	0.000497	0.417854
-73827.600339	0.000363	0.413065
-73820.197972	0.000169	0.406070
-73813.136035	0.000088	0.420069
-73808.170517	0.000309	0.400697
-73804.071073	0.000388	0.400749
-73799.017312	0.000338	0.406663
-73792.685936	0.000388	0.403935
-73785.848173	0.000544	0.404127
-73778.836301	0.000588	0.387177
-73771.239314	0.000525	0.401457
-73763.758402	0.000019	0.393216
-73758.530769	0.000494	0.391423
-73754.253407	0.000225	0.404040
-73749.674131	0.000375	0.414171
-73742.879856	0.000331	0.411829
-73736.155294	0.000278	0.403983
-73728.829264	0.000256	0.404965
-73720.982174	0.000491	0.406510
-73714.364671	0.000553	0.413367
-73708.913168	0.000369	0.409835
-73705.618767	0.000091	0.409194
-73700.007378	0.000222	0.415018
-73694.777458	0.000434	0.405187
-73687.579567	0.000141	0.397402
-73680.881624	0.000181	0.393379
-73672.057818	0.000341	0.389428
-73665.228280	0.000356	0.405632
-73659.714906	0.000375	0.398879
-73655.869901	0.000344	0.390371
-73650.656971	0.000203	0.384090
-73644.838143	0.000309	0.391782
-73638.104398	0.000303	0.399056
-73630.858695	0.000288	0.404446
-73622.246067	0.000225	0.406509
-73615.225858	0.000519	0.412060
-73610.570667	0.000194	0.407726
-73606.939767	0.000553	0.404502
-73602.178734	0.000469	0.399943
-73595.970665	0.000381	0.408793
-73589.632626	0.000394	0.399956
-73581.722694	0.000413	0.412784
-73574.141551	0.000219	0.408412
-73566.404341	0.000416	0.400453
-73562.121517	0.000525	0.401878
-73557.704373	0.000069	0.402796
-73552.688971	0.000425	0.399306
-73546.103349	0.000375	0.407185
-73539.560499	0.000431	0.412314
-73531.809448	0.000294	0.393851
-73524.141172	0.000372	0.391523
-73517.360479	0.000041	0.389232
-73512.692494	0.000194	0.393719
-73508.878411	0.000291	0.400370
-73504.384491	0.000134	0.409500
-73498.470512	0.000359	0.401521
-73491.310859	0.000231	0.407652
-73483.816037	0.000403	0.402955
-73474.638742	0.000528	0.396343
-73468.342206	0.000266	0.401801
-73463.237289	0.000378	0.407950
-73460.052150	0.000434	0.402890
-73455.300521	0.000231	0.408818
-73448.786900	0.000319	0.416424
-73441.373223	0.000300	0.402299
-73432.749636	0.000413	0.390708
-73424.468431	0.000081	0.395566
-73417.898354	0.000313	0.399024
-73414.329559	0.000225	0.403624
-73411.338514	0.000397	0.383666
-73406.521047	0.000450	0.382304
-73400.182851	0.000275	0.381987
-73392.776764	0.000200	0.388627
-73384.372376	0.000353	0.403709
-73376.172756	0.000500	0.412802
-73369.733567	0.000400	0.399022
-73366.102844	0.000206	0.401127
-73362.484699	0.000434	0.396075
-73357.240771	0.000450	0.397009
-73350.229631	0.000291	0.405715
-73342.651468	0.000409	0.419016
-73334.279278	0.000203	0.409531
-73326.210668	0.000509	0.415159
-73320.193634	0.000388	0.399238
-73316.752869	0.000166	0.390784
-73313.343579	0.000256	0.388415
-73308.147110	0.000313	0.386612
-73301.550628	0.000356	0.400144
-73294.268767	0.000222	0.406342
-73285.842427	0.000228	0.387652
-73277.426791	0.000231	0.387946
-73271.861341	0.000269	0.389390
-73268.261734	0.000172	0.390839
-73264.911793	0.000191	0.391068
-73259.367812	0.000238	0.406369
-73251.955684	0.000481	0.408345
-73243.985807	0.000691	0.400270
-73235.596090	0.000191	0.392272
-73227.744591	0.000206	0.387611
-73222.500271	0.000259	0.396845
-73219.153754	0.000325	0.407573
-73216.198232	0.000153	0.401225
-73210.363721	0.000206	0.398464
-73203.445691	0.000213	0.405516
-73195.053783	0.000353	0.404682
-73187.283528	0.000275	0.398457
-73178.951349	0.000197	0.395298
-73174.107296	0.000400	0.409743
-73170.519992	0.000416	0.398553
-73167.142880	0.000328	0.387273
-73161.433222	0.000400	0.387636
-73154.118916	0.000147	0.388878
-73146.124519	0.000166	0.395147
-73137.424772	0.000478	0.400863
-73129.798788	0.000338	0.399843
-73124.359805	0.000213	0.407009
-73121.461875	0.000244	0.404573
-73117.808185	0.000541	0.402802
-73112.516247	0.000519	0.395152
-73105.004653	0.000331	0.396520
-73097.119154	0.000303	0.397374
-73088.108179	0.000303	0.412039
-73080.899236	0.000288	0.401582
-73075.773138	0.000141	0.401883
-73073.387710	0.000175	0.397847
-73069.417047	0.000391	0.393372
-73063.120389	0.000269	0.400504
-73055.776433	0.000313	0.387429
-73047.189256	0.000206	0.397108
-73038.815679	0.000316	0.387542
-73031.550149	0.000294	0.378410
-73026.487881	0.000313	0.383218
-73023.905856	0.000538	0.384690
-73019.703801	0.000128	0.389173
-73013.813228	0.000278	0.399410
-73006.181784	0.000441	0.405576
-72998.138521	0.000609	0.411821
-72990.021760	0.000081	0.394253
-72982.576197	0.000113	0.385689
-72978.622784	0.000325	0.402049
-72974.706103	0.000291	0.407062
-72971.473468	0.000109	0.401763
-72964.717136	0.000044	0.407669
-72957.414253	0.000247	0.407334
-72949.020028	0.000384	0.393998
-72940.736572	0.000184	0.388996
-72933.350980	0.000316	0.383460
-72928.533574	0.000484	0.399200
-72925.432721	0.000316	0.396011
-72921.562332	0.000388	0.385086
-72915.369360	0.000075	0.380262
-72908.117351	0.000381	0.381603
-72899.435842	0.000284	0.390821
-72891.602203	0.000438	0.388501
-72884.662548	0.000278	0.401203
-72880.062559	0.000469	0.405756
-72877.503704	0.000331	0.398744
-72872.655541	0.000463	0.398021
-72866.591568	0.000438	0.402158
-72858.525092	0.000347	0.397161
-72850.963608	0.000406	0.400398
-72842.304624	0.000328	0.402464
-72835.548289	0.000644	0.405060
-72830.588938	0.000478	0.390674
-72827.579009	0.000447	0.389896
-72823.014349	0.000313	0.385840
-72816.608711	0.000519	0.393231
-72809.058477	0.000341	0.402817
-72801.388182	0.000422	0.405884
-72793.289077	0.000238	0.378579
-72786.593094	0.000450	0.381141
-72782.552129	0.000488	0.386149
-72779.104740	0.000347	0.377832
-72774.184601	0.000491	0.384463
-72767.408869	0.000556	0.395660
-72760.626318	0.000506	0.389796
-72752.706163	0.000419	0.397474
-72744.822812	0.000266	0.397097
-72737.801005	0.000228	0.385300
-72732.738161	0.000244	0.402168
-72729.119366	0.000306	0.401419
-72724.428475	0.000403	0.402855
-72717.822358	0.000297	0.409644
-72711.261067	0.000313	0.401206
-72703.470104	0.000369	0.387936
-72696.538532	0.000306	0.386649
-72688.781840	0.000269	0.389675
-72684.571206	0.000394	0.397380
-72680.234412	0.000266	0.390081
-72675.980318	0.000275	0.384647
-72669.478546	-0.000025	0.376448
-72662.885634	0.000275	0.376581
-72655.068591	0.000272	0.385316
-72647.364827	0.000541	0.392925
-72640.360895	0.000463	0.398997
-72634.990674	0.000584	0.397492
-72631.162692	0.000434	0.394791
-72626.224920	0.000300	0.399764
-72620.070854	0.000297	0.388637
-72613.494831	0.000303	0.398252
-72606.342680	0.000134	0.395302
-72597.819150	-0.000016	0.400135
-72591.089738	0.000422	0.399803
-72585.524854	0.000241	0.393807
-72582.673314	0.000259	0.386214
-72577.229768	0.000366	0.385209
-72571.976045	0.000319	0.383412
-72564.594301	0.000284	0.400936
-72558.069761	0.000225	0.394965
-72549.268082	0.000359	0.390692
-72542.165461	0.000278	0.378744
-72537.234388	0.000266	0.385447
-72533.510754	0.000184	0.386671
-72528.625235	0.000378	0.391130
-72522.322350	0.000294	0.400654
-72515.841410	0.000513	0.398838
-72508.004749	0.000359	0.403994
-72500.225056	-0.000019	0.391485
-72492.670749	0.000175	0.379097
-72488.471863	0.000316	0.400870
-72483.771544	0.000475	0.396669
-72479.700459	0.000350	0.394934
-72473.065615	0.000247	0.398894
-72467.584662	0.000484	0.407371
-72459.151251	0.000316	0.397079
-72451.950900	0.000444	0.390860
-72443.722950	0.000256	0.388911
-72439.317684	0.000422	0.394228
-72435.208663	0.000331	0.402095
-72430.621594	0.000378	0.391752
-72424.754774	0.000359	0.381754
-72417.551787	0.000209	0.382184
-72409.739655	0.000303	0.380614
-72401.410418	0.000491	0.387165
-72394.594481	0.000009	0.393148
-72389.504503	0.000391	0.399170
-72386.351337	0.000200	0.399847
-72381.184615	0.000450	0.401537
-72375.906435	0.000184	0.385206
-72368.707959	0.000353	0.405349
-72361.638161	0.000400	0.398017
-72352.617090	0.000428	0.400203
-72345.905218	0.000394	0.405300
-72340.941819	0.000178	0.404726
-72337.596257	0.000300	0.395720
-72332.617758	0.000156	0.400178
-72326.893452	0.000313	0.395398
-72319.400931	0.000234	0.398153
-72311.769692	0.000178	0.387675
-72302.462429	0.000291	0.384130
-72296.020392	0.000213	0.386487
-72291.703404	0.000341	0.389204
-72288.530182	0.000197	0.395074
-72283.542953	0.000484	0.389106
-72277.832799	0.000456	0.397585
-72270.568586	0.000450	0.396892
-72262.384712	0.000247	0.393225
-72253.909941	0.000313	0.396577
-72247.440596	0.000569	0.401692
-72243.468785	0.000266	0.404356
-72240.141202	0.000344	0.402896
-72235.343289	0.000522	0.394347
-72228.705223	0.000244	0.400504
-72221.092161	0.000288	0.395786
-72212.908438	0.000188	0.398159
-72204.592915	0.000394	0.380603
-72198.023139	0.000156	0.394197
-72193.830545	0.000253	0.393507
-72190.434533	0.000400	0.387642
-72185.853714	0.000294	0.389746
-72179.512268	0.000119	0.384693
-72172.304979	0.000056	0.383079
-72163.797376	0.000484	0.384141
-72155.468941	0.000509	0.402900
-72149.429202	0.000591	0.393073
-72145.523825	0.000300	0.386100
-72142.097878	0.000000	0.394930
-72136.763470	0.000300	0.386692
-72130.170674	0.000538	0.386662
-72122.355960	0.000009	0.400044
-72113.545592	0.000381	0.400917
-72105.221594	0.000288	0.393807
-72099.547603	0.000463	0.391539
-72096.145726	0.000234	0.396991
-72093.066586	0.000572	0.381599
-72087.680582	0.000572	0.378698
-72081.015737	0.000356	0.385405
-72072.685810	0.000131	0.404195
-72063.902163	0.000569	0.396465
-72056.066392	0.000375	0.384914
-72050.899672	0.000413	0.378910
-72047.941463	0.000366	0.384074
-72044.399124	0.000347	0.379109
-72038.487450	0.000559	0.381241
-72031.521532	0.000528	0.403990
-72022.833719	0.000316	0.392593
-72014.036985	0.000197	0.404106
-72006.065794	0.000322	0.391965
-72001.003103	0.000413	0.389058
-71998.092029	0.000391	0.397919
-71994.710396	0.000481	0.396988
-71988.317405	0.000206	0.405961
-71981.623531	0.000544	0.408929
-71973.022380	0.000309	0.400949
-71964.503293	0.000406	0.393563
-71957.092714	0.000644	0.404158
-71952.545191	0.000188	0.391840
-71949.718278	0.000431	0.383238
-71945.283526	0.000541	0.393976
-71939.462542	0.000219	0.383412
-71931.356537	0.000334	0.383764
-71923.412592	0.000369	0.388999
-71914.992755	0.000394	0.380498
-71907.297593	0.000481	0.396113
-71902.839789	0.000341	0.395275
-71899.836939	0.000303	0.401794
-71895.863765	0.000141	0.401571
-71889.881457	0.000275	0.396549
-71881.659894	0.000234	0.389472
-71873.612674	0.000444	0.405005
-71864.996766	0.000194	0.405570
-71858.121817	0.000353	0.394814
-71854.201155	0.000369	0.405194
-71851.495869	0.000363	0.399349
-71847.470583	0.000334	0.392894
-71840.660770	0.000041	0.395994
-71832.413306	0.000303	0.391624
-71823.743459	0.000359	0.392016
-71815.305827	0.000094	0.392745
-71808.168403	0.000175	0.382798
-71804.651968	0.000322	0.398336
-71801.284273	0.000350	0.393578
-71797.279502	0.000281	0.387273
-71790.356809	0.000294	0.396225
-71782.959659	0.000119	0.402003
-71774.075094	0.000378	0.400931
-71765.769674	0.000247	0.394980
-71759.435359	0.000503	0.391794
-71755.376055	0.000309	0.394767
-71753.039122	0.000481	0.398025
-71747.900070	0.000356	0.397590
-71741.378931	0.000309	0.396108
-71733.010560	0.000444	0.406646
-71724.933044	0.000209	0.399886
-71716.455881	0.000419	0.391260
-71709.907727	0.000238	0.396310
-71705.234462	0.000538	0.391336
-71702.643947	0.000284	0.400216
-71697.244391	0.000328	0.394964
-71690.846353	0.000428	0.378395
-71682.886229	0.000147	0.388632
-71674.815871	0.000409	0.382637
-71666.903893	0.000350	0.389732
-71660.245201	0.000438	0.397295
-71657.022038	0.000275	0.394593
-71653.066732	0.000319	0.388606
-71648.529455	0.000275	0.406439
-71640.999856	0.000356	0.387799
-71633.862530	0.000256	0.392161
-71625.163417	0.000191	0.400874
-71617.433622	0.000425	0.400463
-71610.279702	0.000525	0.405536
-71606.418719	0.000144	0.404482
-71602.472077	0.000341	0.392551
-71598.304592	0.000309	0.389166
-71590.446195	0.000444	0.389896
-71583.160367	0.000328	0.403907
-71574.656571	0.000350	0.397561
-71567.073331	0.000428	0.389362
-71561.120990	0.000375	0.379704
-71557.546749	-0.000025	0.391744
-71553.763399	0.000269	0.382173
-71548.372741	0.000444	0.377167
-71541.422547	0.000497	0.387447
-71534.034655	0.000353	0.394690
-71526.229081	0.000381	0.401793
-71517.532364	0.000625	0.401395
-71511.147626	0.000506	0.406161
-71506.060794	0.000422	0.395835
-71503.037572	0.000216	0.399290
-71496.896166	0.000406	0.394805
-71491.167587	0.000634	0.400538
-71483.153539	0.000341	0.403451
-71475.948049	0.000413	0.405785
-71467.298804	0.000344	0.387198
-71461.459483	0.000081	0.384561
-71457.225804	0.000356	0.396180
-71453.287947	0.000481	0.393958
-71447.703478	0.000363	0.390336
-71441.354222	0.000434	0.383120
-71434.086760	0.000316	0.386757
-71426.456857	0.000059	0.384272
-71418.051874	0.000325	0.386085
-71411.050375	0.000266	0.394068
-71406.560693	0.000081	0.403839
-71402.711669	0.000359	0.408236
-71397.285295	0.000359	0.396521
-71390.750988	0.000550	0.390161
-71383.599106	0.000513	0.398411
-71375.643617	0.000094	0.395101
-71367.384278	0.000381	0.398288
-71361.261061	0.000350	0.392857
-71357.240384	0.000109	0.403598
-71353.240532	0.000347	0.396670
-71347.867472	0.000250	0.399081
-71341.067283	0.000300	0.401113
-71334.237536	0.000316	0.390059
-71325.778304	0.000278	0.391865
-71318.198940	0.000109	0.386540
-71311.125843	0.000188	0.396045
-71307.107268	0.000391	0.380828
-71302.537252	0.000347	0.377644
-71297.270981	0.000491	0.387988
-71290.308718	0.000541	0.389184
-71283.495756	0.000291	0.390761
-71275.311438	0.000438	0.391356
-71267.806085	0.000209	0.393796
-71261.099812	0.000259	0.399277
-71257.054473	0.000263	0.403667
-71252.694429	0.000269	0.401116
-71247.864313	0.000328	0.397430
-71240.905363	0.000231	0.403691
-71234.251893	0.000394	0.393584
-71226.498374	0.000353	0.396581
-71218.171654	0.000050	0.389872
-71211.693562	0.000094	0.380135
-71206.544548	0.000234	0.390100
-71202.726795	0.000328	0.392571
-71196.198880	0.000578	0.384553
-71190.839400	0.000281	0.376000
-71182.745308	0.000434	0.375174
-71175.916501	0.000397	0.381135
-71166.621267	0.000313	0.380936
-71161.793739	0.000034	0.386798
-71156.250205	0.000409	0.390162
-71153.122663	0.000472	0.396577
-71146.655956	0.000328	0.392229
-71141.345855	0.000119	0.390105
-71133.671931	0.000253	0.389664
-71126.301247	0.000291	0.392230
-71117.580708	0.000228	0.399244
-71111.017921	0.000119	0.394457
-71106.422036	0.000091	0.384818
-71102.050530	0.000378	0.387027
-71096.714364	0.000447	0.383870
-71089.566233	0.000394	0.391617
-71082.701487	0.000313	0.389483
-71073.788145	0.000084	0.394473
-71066.425492	0.000238	0.397816
-71059.468507	0.000222	0.381878
-71056.499869	0.000350	0.371654
-71051.670069	0.000359	0.380025
-71047.577040	0.000144	0.383864
-71039.460441	0.000175	0.390312
-71033.286315	0.000275	0.392895
-71024.167604	-0.000000	0.397776
-71016.289865	0.000281	0.388205
-71009.540769	0.000269	0.384566
-71006.211736	0.000256	0.382871
-71001.850849	0.000494	0.392073
-70995.818099	0.000306	0.395716
-70988.876136	0.000256	0.401796
-70980.676941	0.000144	0.390698
-70972.802343	0.000250	0.399220
-70964.388397	0.000303	0.392785
-70959.192658	0.000250	0.388967
-70955.393298	0.000234	0.386581
-70951.517302	0.000200	0.392838
-70945.687472	0.000441	0.394176
-70939.188653	0.000369	0.387576
-70931.739614	0.000291	0.386624
-70923.456880	0.000369	0.383961
-70914.940255	0.000197	0.380853
-70909.566160	0.000231	0.391280
-70905.101101	0.000428	0.387932
-70901.337906	0.000450	0.395268
-70894.959792	0.000559	0.390522
-70888.387853	0.000391	0.387060
-70879.881806	0.000369	0.383010
-70871.559955	0.000144	0.394061
-70863.137915	0.000741	0.389354
-70857.697213	0.000281	0.398054
-70854.489970	0.000572	0.397497
-70850.777377	0.000313	0.399672
-70845.188857	0.000422	0.394190
-70838.099074	0.000406	0.392938
-70829.843096	0.000291	0.378103
-70820.948909	0.000175	0.382348
-70812.899866	0.000488	0.382365
-70807.669819	0.000372	0.380029
-70805.272012	0.000263	0.377444
-70800.689727	0.000144	0.385255
-70794.447596	0.000447	0.386243
-70785.968484	0.000294	0.388876
-70778.253577	0.000288	0.397135
-70768.971820	0.000466	0.401394
-70762.075675	0.000178	0.391057
-70756.677065	0.000313	0.382632
-70753.968023	0.000172	0.374542
-70749.774540	0.000478	0.389876
-70743.780158	0.000378	0.385661
-70736.170195	0.000444	0.388997
-70728.044798	0.000109	0.406427
-70718.945194	0.000416	0.412619
-70711.852097	0.000475	0.386409
-70706.652930	0.000334	0.385066
-70703.824586	0.000331	0.380985
-70699.365453	0.000300	0.391994
-70693.242124	0.000466	0.384537
-70684.792293	0.000331	0.377713
-70676.246928	0.000194	0.378136
-70667.441360	0.000306	0.381041
-70659.883271	0.000338	0.378881
-70655.584195	0.000200	0.398496
-70652.743518	0.000491	0.396152
-70648.922819	0.000478	0.402693
-70642.338283	0.000466	0.401254
-70634.247758	0.000066	0.388331
-70625.298225	0.000375	0.375276
-70617.161446	0.000516	0.396843
-70609.925690	0.000094	0.393103
-70605.973146	0.000197	0.404647
-70602.714233	0.000316	0.400676
-70598.299753	0.000344	0.397753
-70591.126596	0.000247	0.400584
-70583.023577	0.000216	0.403576
-70574.034753	0.000466	0.391573
-70566.305939	0.000403	0.385919
-70558.248692	0.000269	0.378020
-70554.608751	0.000256	0.378273
-70550.883471	0.000331	0.372522
-70546.801171	0.000294	0.377548
-70540.460502	0.000453	0.377650
-70532.359966	0.000206	0.399041
-70524.168710	0.000375	0.402791
-70514.974282	0.000391	0.398142
-70508.470264	0.000250	0.403426
-70503.569204	0.000341	0.404188
-70501.502887	0.000316	0.389410
-70496.651067	0.000125	0.392970
-70489.860958	0.000253	0.394465
-70481.026701	0.000353	0.384453
-70472.930158	0.000397	0.401143
-70463.825911	0.000275	0.401158
-70457.457887	0.000419	0.392245
-70452.317234	0.000216	0.391498
-70449.640589	0.000469	0.390690
-70444.838983	0.000072	0.387481
-70438.523092	0.000181	0.382751
-70430.093834	0.000503	0.366864
-70421.941477	0.000094	0.361675
-70413.720024	0.000331	0.373567
-70406.925942	0.000172	0.381422
-70402.782089	0.000350	0.395859
-70399.221174	0.000531	0.400937
-70394.914126	0.000406	0.409556
-70387.337167	0.000050	0.393734
-70379.618354	0.000481	0.385780
-70370.750887	0.000306	0.389268
-70362.885217	0.000375	0.388052
-70355.447517	0.000303	0.383582
-70351.600337	0.000334	0.392155
-70347.422676	0.000625	0.395103
-70342.865219	0.000288	0.391914
-70335.487633	0.000266	0.392272
-70328.207972	0.000122	0.385404
-70319.799369	0.000397	0.380288
-70312.417880	0.000181	0.391149
-70305.368713	0.000347	0.396059
-70301.286076	0.000316	0.391758
-70297.314231	0.000275	0.380288
-70292.034189	0.000400	0.380491
-70285.215084	0.000463	0.376992
-70277.320489	0.000331	0.385606
-70269.919636	0.000291	0.387771
-70260.987031	0.000306	0.392553
-70254.443411	0.000250	0.399488
-70249.080290	0.000269	0.386638
-70245.875538	0.000097	0.391685
-70240.253139	0.000413	0.392933
-70233.919915	0.000278	0.400856
-70226.152419	0.000125	0.397471
-70219.123937	0.000225	0.383509
-70210.481190	0.000144	0.387161
-70203.818137	0.000431	0.373079
-70198.772112	0.000328	0.378600
-70195.101094	0.000144	0.390911
-70189.987021	0.000294	0.390975
-70183.423168	0.000381	0.394442
-70175.993154	0.000253	0.391492
-70168.161872	0.000375	0.389108
-70159.710682	0.000281	0.369101
-70152.658039	0.000413	0.362942
-70147.513347	0.000513	0.374852
-70144.102627	0.000344	0.379584
-70138.523274	0.000053	0.379042
-70132.039672	0.000438	0.393294
-70124.852911	0.000275	0.397816
-70117.169515	0.000341	0.403785
-70108.701267	0.000447	0.407663
-70102.134828	0.000466	0.396286
-70096.774835	0.000381	0.394540
-70093.033291	0.000097	0.397861
-70087.509820	0.000300	0.371024
-70081.092990	0.000256	0.364918
-70073.867081	0.000141	0.371830
-70066.764203	0.000166	0.385093
-70058.632991	0.000384	0.392461
-70051.629537	0.000397	0.416063
-70046.110654	0.000538	0.400466
-70041.456646	0.000119	0.394466
-70036.524114	0.000197	0.379129
-70029.603014	0.000319	0.366812
-70023.432847	-0.000072	0.371304
-70015.133343	0.000278	0.370911
-70007.651895	0.000331	0.378051
-69999.799197	0.000381	0.408150
-69995.248816	0.000200	0.408258
-69990.642765	0.000244	0.398223
-69986.193634	0.000059	0.409892
-69979.490882	0.000219	0.408637
-69972.793086	0.000153	0.400453
-69965.048999	0.000406	0.386732
-69956.709985	0.000128	0.362722
-69949.481553	0.000072	0.357998
-69944.062056	0.000488	0.365527
-69939.999394	0.000347	0.373474
-69934.499196	0.000253	0.385395
-69928.872483	0.000353	0.411757
-69921.713599	0.000316	0.407162
-69914.243119	0.000516	0.400409
-69905.145804	0.000144	0.369764
-69898.260492	0.000234	0.355086
-69892.708056	0.000316	0.341182
-69889.496585	0.000606	0.351363
-69884.074542	0.000419	0.353844
-69878.962146	0.000281	0.374071
-69870.864871	0.000441	0.390925
-69863.612076	0.000391	0.428280
-69854.368898	0.000047	0.422827
-69847.389528	0.000122	0.410786
-69842.447076	0.000272	0.387633
-69838.776808	0.000194	0.382140
-69833.712622	0.000194	0.362815
-69826.872047	0.000059	0.351742
-69820.009280	0.000278	0.350514
-69811.389382	0.000269	0.384166
-69802.752530	0.000128	0.409613
-69795.778539	0.000453	0.425538
-69792.040142	0.000413	0.405018
-69788.036270	0.000191	0.403006
-69783.406277	0.000416	0.391990
-69776.550675	0.000334	0.369037
-69769.774514	0.000388	0.351740
-69761.307540	0.000147	0.348677
-69752.758545	0.000328	0.363741
-69745.312396	0.000216	0.400185
-69740.929930	0.000319	0.411966
-69737.291241	0.000341	0.430790
-69732.347384	0.000409	0.442910
-69726.124909	0.000469	0.439114
-69718.728948	0.000325	0.401652
-69710.283398	0.000184	0.369704
-69700.781541	0.000303	0.357677
-69694.013233	0.000441	0.363038
-69689.654795	0.000241	0.362046
-69686.988315	0.000247	0.371735
-69682.372676	0.000363	0.391774
-69675.632745	0.000341	0.422492
-69668.335743	0.000475	0.410418
-69659.059608	0.000181	0.393876
-69650.542569	0.000247	0.366820
-69644.038939	0.000263	0.351154
-69640.401464	0.000072	0.359546
-69637.225059	0.000356	0.366324
-69631.630915	0.000231	0.359807
-69624.686421	0.000303	0.384133
-69616.159127	0.000078	0.397120
-69607.274636	0.000169	0.407850
-69599.200127	0.000434	0.404399
-69593.526303	0.000397	0.404321
-69589.807584	0.000284	0.401391
-69586.465721	0.000384	0.389470
-69581.004115	0.000356	0.369849
-69574.188327	0.000513	0.367593
-69566.046188	0.000144	0.366025
-69557.335110	0.000200	0.375592
-69549.243236	0.000503	0.394650
-69543.303222	0.000291	0.407852
-69539.854768	0.000119	0.398313
-69536.177296	0.000319	0.384970
-69530.814754	0.000278	0.381393
-69523.547291	0.000244	0.379506
-69515.518758	0.000131	0.360420
-69506.157276	0.000488	0.365323
-69497.686117	0.000156	0.384346
-69491.930682	0.000541	0.393604
-69488.934127	0.000306	0.391493
-69485.914725	0.000378	0.389294
-69480.594653	0.000384	0.397596
-69472.884403	0.000603	0.403047
-69464.975835	0.000219	0.387414
-69455.496212	0.000384	0.385608
-69447.733427	0.000478	0.382860
-69442.726723	0.000425	0.375082
-69439.404368	0.000272	0.370349
-69435.950923	0.000300	0.376540
-69429.818256	0.000397	0.385000
-69422.279395	0.000281	0.392729
-69413.593753	0.000128	0.379917
-69404.932274	0.000344	0.375005
-69396.823520	0.000456	0.373184
-69392.033875	0.000434	0.366619
-69389.010973	0.000269	0.374589
-69385.664451	0.000466	0.382937
-69379.107511	0.000297	0.375343
-69371.557314	0.000163	0.380575
-69362.856491	0.000203	0.389105
-69354.916484	0.000419	0.403705
-69347.569690	0.000134	0.396717
-69342.586658	0.000459	0.398795
-69339.944654	0.000294	0.397604
-69335.643558	0.000341	0.389067
-69329.696388	0.000350	0.386097
-69321.368991	0.000331	0.379826
-69313.013188	0.000103	0.371732
-69304.032401	0.000363	0.380558
-69296.657945	0.000303	0.394401
-69291.797416	0.000534	0.394221
-69289.085065	0.000456	0.376517
-69284.950227	0.000209	0.379085
-69278.607024	0.000428	0.366633
-69270.690085	0.000216	0.372632
-69262.324350	0.000272	0.372850
-69254.399229	0.000397	0.394258
-69247.131434	0.000416	0.394220
-69242.843063	0.000356	0.383012
-69239.834750	0.000188	0.393633
-69235.520695	0.000744	0.379257
-69229.159218	0.000309	0.389180
-69221.040606	0.000328	0.395913
-69212.897185	0.000359	0.387555
-69204.054888	0.000603	0.388835
-69197.154529	0.000269	0.396048
-69192.148002	0.000091	0.380993
-69189.236951	0.000222	0.379341
-69184.545254	0.000156	0.382826
-69178.307820	0.000369	0.392313
-69170.380149	0.000169	0.395859
-69162.983668	0.000163	0.376013
-69154.490345	0.000297	0.364053
-69147.755328	0.000253	0.382612
-69143.587677	0.000238	0.371225
-69139.992820	0.000309	0.383292
-69135.707582	0.000406	0.381297
-69128.786665	0.000369	0.390928
-69121.237450	0.000272	0.392138
-69112.991553	0.000300	0.386538
-69104.598937	0.000472	0.384187
-69097.548293	0.000319	0.381285
-69092.732840	0.000363	0.387535
-69089.509568	0.000394	0.398780
-69084.768670	0.000434	0.386476
-69077.976924	0.000125	0.394112
-69070.797898	0.000509	0.382788
-69062.899058	0.000303	0.375642
-69055.094701	0.000191	0.386158
-69048.299625	0.000503	0.382960
-69043.960306	0.000306	0.386455
-69040.620684	0.000122	0.370580
-69035.696359	0.000081	0.371005
-69029.151324	0.000738	0.366862
-69021.947120	0.000813	0.378115
-69013.577874	0.000338	0.376879
-69005.922822	0.000384	0.379539
-68998.447298	0.000225	0.399493
-68993.841645	0.000281	0.398168
-68990.305076	0.000409	0.382999
-68984.925118	0.000116	0.380467
-68978.684945	0.000400	0.391618
-68971.342680	0.000353	0.398695
-68964.470212	0.000444	0.388984
-68956.322423	0.000306	0.390144
-68949.819461	0.000222	0.397715
-68945.108796	0.000294	0.378086
-68941.247270	0.000222	0.370878
-68936.581624	0.000263	0.381024
-68929.622881	0.000197	0.385830
-68922.722269	0.000259	0.382543
-68915.290890	0.000294	0.370286
-68907.616787	0.000231	0.376011
-68900.602013	0.000206	0.366460
-68895.225783	0.000291	0.372047
-68890.950181	0.000322	0.382342
-68885.703114	0.000244	0.384352
-68879.251665	0.000484	0.384600
-68872.547343	0.000338	0.395100
-68865.361335	0.000597	0.388787
-68858.046450	0.000397	0.380844
-68850.803561	0.000291	0.383355
-68845.949302	0.000181	0.392370
-68841.805310	0.000400	0.391735
-68837.384871	0.000247	0.385607
-68830.712812	0.000263	0.385725
-68824.155623	0.000506	0.384901
-68816.966284	0.000097	0.374080
-68808.878605	0.000316	0.384989
-68801.738426	0.000456	0.383310
-68795.804990	0.000278	0.394339
-68791.995222	0.000281	0.374042
-68786.474009	0.000263	0.373003
-68780.959787	0.000247	0.363383
-68774.091591	0.000375	0.382262
-68767.595007	0.000228	0.379186
-68758.545434	0.000531	0.389328
-68751.691522	0.000281	0.385213
-68746.179112	0.000425	0.384540
-68742.692233	0.000331	0.385887
-68738.104412	0.000256	0.383213
-68732.798534	0.000716	0.390153
-68725.762396	0.000425	0.397516
-68718.458056	0.000466	0.396451
-68709.781788	0.000281	0.386552
-68702.341893	0.000441	0.387026
-68697.154827	0.000359	0.385554
-68693.231662	0.000144	0.378175
-68688.414991	0.000459	0.387878
-68682.128592	0.000272	0.388716
-68675.753599	0.000328	0.383408
-68667.624378	0.000222	0.380941
-68659.784736	0.000275	0.367943
-68652.464856	0.000438	0.374192
-68648.187108	0.000319	0.377762
-68644.530114	0.000594	0.368066
-68639.564454	0.000484	0.384371
-68633.431055	0.000644	0.388113
-68626.697520	0.000416	0.387772
-68619.210019	0.000169	0.388206
-68611.281675	0.000256	0.383191
-68603.777811	0.000559	0.383329
-68599.123681	0.000363	0.393881
-68595.013825	0.000472	0.401911
-68589.714673	0.000466	0.389865
-68583.641026	0.000347	0.382014
-68576.258392	0.000316	0.382579
-68569.373889	0.000241	0.374113
-68560.216078	0.000278	0.381497
-68554.154486	0.000263	0.385806
-68548.996370	0.000488	0.384217
-68545.907053	0.000250	0.372199
-68540.919207	0.000331	0.372791
-68535.272566	0.000122	0.378419
-68528.416524	0.000356	0.378406
-68519.812239	0.000456	0.377526
-68512.138899	0.000316	0.387121
-68504.503834	0.000294	0.391105
-68500.526302	0.000541	0.397356
-68496.509639	0.000363	0.385688
-68491.902807	0.000397	0.384010
-68485.083632	0.000391	0.393006
-68477.886197	0.000156	0.389988
-68469.514088	0.000263	0.389059
-68461.261706	0.000391	0.377200
-68454.981636	0.000313	0.385258
-68450.900325	0.000181	0.384651
-68447.716369	0.000356	0.383443
-68442.717362	0.000456	0.374698
-68436.478951	0.000072	0.380657
-68428.976340	0.000016	0.386823
-68420.909078	0.000363	0.376942
-68412.647095	0.000703	0.377354
-68406.725409	0.000363	0.367214
-68402.184222	0.000191	0.372060
-68399.320469	0.000481	0.380486
-68393.230010	0.000441	0.388038
-68386.904049	0.000266	0.390899
-68378.758560	0.000209	0.390764
-68371.083143	0.000100	0.383996
-68362.424200	0.000400	0.392421
-68356.378409	0.000381	0.387569
-68353.381381	0.000506	0.389695
-68351.477835	0.000366	0.392075
-68352.983017	0.000519	0.386078
-68355.708310	0.000241	0.390941
-68357.788875	0.000300	0.384039
-68357.941316	0.000534	0.383106
-68356.258623	0.000316	0.379635
-68353.807227	0.000391	0.384637
-68353.242601	0.000569	0.383255
-68353.379351	0.000428	0.364092
-68355.303264	0.000691	0.369231
-68356.165904	0.000356	0.371639
-68356.798143	0.000122	0.373455
-68355.727712	0.000409	0.372329
-68354.732766	0.000275	0.383507
-68353.635347	0.000322	0.388798
-68354.015747	0.000366	0.387476
-68354.781731	0.000328	0.388994
-68355.599728	0.000409	0.373905
-68355.944276	0.000303	0.384030
-68355.185517	0.000397	0.388219
-68354.646356	0.000522	0.389300
-68354.023622	0.000353	0.381442
-68354.503955	0.000263	0.386510
-68354.829082	0.000306	0.387301
-68355.392964	0.000238	0.369195
-68354.868629	0.000531	0.372588
-68355.023254	0.000378	0.377626
-68354.456166	0.000278	0.390225
-68354.616037	0.000388	0.377854
-68354.500390	0.000347	0.367602
-68354.835071	0.000278	0.364998
-68354.801465	0.000356	0.373436
-68354.996311	0.000375	0.376206
-68354.930927	0.000147	0.386702
-68354.653581	0.000275	0.391477
-68354.550956	0.000528	0.379722
-68354.495937	0.000297	0.380947
-68354.528507	0.000303	0.376680
-68354.753693	0.000372	0.382428
-68354.772307	0.000406	0.384659
-68354.875573	0.000281	0.393391
-68354.590660	0.000528	0.385388
-68354.500155	0.000528	0.389178
-68354.498373	0.000338	0.379992
-68354.889382	0.000188	0.373948
-68354.672631	0.000188	0.375486
-68354.695919	0.000256	0.393314
-68354.474973	0.000503	0.383092
-68354.637300	0.000575	0.365593
-68354.749621	0.000419	0.366656
-68354.530024	0.000581	0.365831
-68354.712259	0.000125	0.371624
-68354.318037	0.000331	0.380360
-68354.626603	0.000250	0.380625
-68354.422571	0.000153	0.381848
-68354.745406	0.000234	0.381286
