-1987.896056	0.000253	0.395088
-1985.229683	0.000297	0.393440
-1982.258173	0.000438	0.385906
-1979.672185	0.000378	0.379543
-1976.831959	0.000197	0.391065
-1975.272919	0.000228	0.399818
-1973.478139	0.000478	0.391383
-1971.441427	0.000281	0.379750
-1969.778353	0.000388	0.380964
-1967.874634	0.000338	0.385446
-1965.800175	0.000303	0.390100
-1963.102937	0.000428	0.392611
-1961.522119	0.000375	0.387558
-1958.206146	0.000225	0.396942
-1956.198296	0.000416	0.398230
-1952.411277	0.000297	0.392183
-1949.994655	0.000141	0.389273
-1947.151040	0.000113	0.394939
-1945.354733	0.000447	0.388519
-1944.401698	0.000328	0.396504
-1943.008666	0.000447	0.400422
-1941.616708	0.000191	0.394631
-1938.741662	0.000347	0.391644
-1936.546546	0.000453	0.388121
-1933.683601	0.000350	0.385134
-1931.455479	0.000275	0.392437
-1929.295553	0.000059	0.394217
-1926.817781	0.000309	0.392719
-1924.965236	0.000259	0.384018
-1922.586353	0.000144	0.382143
-1921.086307	0.000534	0.386216
-1919.313004	0.000466	0.388830
-1917.712864	0.000434	0.392230
-1914.617667	0.000319	0.392289
-1912.710311	0.000144	0.391741
-1909.927398	0.000141	0.390934
-1907.212034	0.000388	0.388838
-1904.659339	0.000281	0.400520
-1901.900447	0.000403	0.398185
-1899.519578	0.000169	0.394075
-1897.983335	0.000319	0.394200
-1895.668037	0.000375	0.387216
-1894.996814	0.000172	0.383999
-1892.724280	0.000334	0.386705
-1891.463076	0.000138	0.389011
-1888.803110	0.000463	0.392627
-1886.629099	0.000303	0.397609
-1884.197664	0.000131	0.383359
-1881.321497	0.000259	0.393242
-1879.876053	0.000366	0.377476
-1876.376661	0.000244	0.381940
-1876.063528	0.000288	0.389315
-1872.685996	0.000147	0.399225
-1872.068298	0.000288	0.401049
-1869.036327	0.000281	0.386555
-1867.761484	0.000550	0.391925
-1864.539979	0.000403	0.389723
-1863.045756	0.000459	0.395222
-1859.762791	0.000122	0.385988
-1856.981945	0.000288	0.391347
-1853.706652	0.000381	0.395978
-1850.817687	0.000394	0.391889
-1848.914896	0.000034	0.396267
-1847.720289	0.000344	0.385524
-1846.937093	0.000475	0.384739
-1846.953032	0.000284	0.390367
-1846.046622	0.000284	0.396090
-1844.018159	0.000294	0.382331
-1841.549821	0.000188	0.380811
-1837.231210	0.000325	0.376631
-1834.861200	0.000413	0.383786
-1831.040164	0.000484	0.384602
-1830.657563	0.000263	0.389479
-1828.568652	0.000303	0.397942
-1827.932052	0.000209	0.398993
-1825.441945	0.000384	0.391352
-1823.493286	0.000344	0.393851
-1819.980540	0.000269	0.395515
-1817.665251	0.000416	0.393525
-1815.159573	0.000303	0.400522
-1813.376520	0.000347	0.398393
-1811.302545	0.000278	0.395257
-1808.190012	0.000125	0.395997
-1805.830395	0.000263	0.381383
-1802.444709	0.000275	0.389497
-1800.960804	0.000359	0.387721
-1799.339772	0.000416	0.390802
-1798.877076	0.000219	0.384760
-1796.882692	0.000191	0.391271
-1795.075985	0.000441	0.377159
-1792.423775	0.000294	0.382072
-1790.047884	0.000122	0.387495
-1786.801949	0.000241	0.390935
-1784.642618	0.000159	0.402306
-1782.049659	0.000313	0.391562
-1780.520793	0.000434	0.393441
-1778.502180	0.000250	0.387356
-1777.273290	0.000463	0.399188
-1775.205941	0.000409	0.396707
-1773.673682	0.000234	0.395798
-1770.279350	0.000603	0.398579
-1768.237795	0.000100	0.393342
-1765.835582	0.000231	0.391228
-1762.882344	0.000303	0.384839
-1760.376717	0.000300	0.386308
-1756.927376	0.000366	0.392541
-1754.641685	0.000144	0.386674
-1752.210527	0.000281	0.384460
-1751.415337	0.000219	0.385862
-1750.169094	0.000575	0.386493
-1748.590855	0.000428	0.385861
-1745.757685	0.000209	0.388632
-1743.255623	0.000116	0.388027
-1740.753992	0.000206	0.393170
-1738.054655	0.000306	0.391998
-1736.023155	0.000225	0.389383
-1733.740177	0.000031	0.388913
-1731.127979	0.000191	0.388669
-1729.486749	0.000334	0.396470
-1726.922271	0.000603	0.391352
-1725.806408	0.000350	0.393634
-1723.541090	0.000275	0.397273
-1721.921815	0.000325	0.389782
-1719.049731	0.000350	0.387959
-1716.607313	0.000328	0.389281
-1713.438774	0.000256	0.393864
-1710.769783	0.000459	0.398307
-1708.057977	0.000375	0.373009
-1705.964116	0.000206	0.376219
-1704.392681	0.000397	0.381739
-1702.636563	0.000378	0.379618
-1701.282307	0.000488	0.392219
-1698.917303	0.000297	0.382685
-1697.382485	0.000278	0.390706
-1694.379707	0.000206	0.393790
-1692.943245	0.000450	0.390653
-1690.314610	0.000025	0.390218
-1688.079180	0.000328	0.386768
-1685.659404	0.000256	0.389996
-1682.754013	0.000456	0.388371
-1680.850609	0.000269	0.396561
-1679.296063	0.000241	0.388105
-1677.922656	0.000188	0.385798
-1676.126486	0.000481	0.385024
-1673.873537	0.000353	0.389936
-1671.448768	0.000325	0.391044
-1668.315888	0.000478	0.389302
-1666.208148	0.000334	0.386142
-1662.975789	0.000341	0.380412
-1660.582816	0.000169	0.387465
-1657.561728	0.000306	0.378675
-1655.590841	0.000472	0.387125
-1653.586889	0.000244	0.398420
-1652.366912	0.000353	0.392187
-1650.487971	0.000200	0.388684
-1648.438460	0.000309	0.387698
-1646.578293	0.000413	0.392474
-1643.528178	0.000206	0.395695
-1641.915451	0.000153	0.388716
-1639.004391	0.000009	0.398668
-1636.476120	0.000066	0.395355
-1633.775714	0.000163	0.394064
-1631.260992	0.000191	0.387887
-1629.796540	0.000275	0.372091
-1627.913933	0.000197	0.385878
-1626.952882	0.000213	0.389429
-1624.074864	0.000459	0.390535
-1621.854562	0.000206	0.379298
-1618.957022	0.000353	0.377416
-1616.583986	0.000128	0.384970
-1614.122277	0.000284	0.391114
-1610.971795	0.000203	0.401154
-1609.028523	0.000394	0.388024
-1606.007779	0.000075	0.385103
-1604.542955	0.000131	0.389484
-1603.181174	0.000141	0.387904
-1601.185265	0.000563	0.390754
-1599.819839	0.000388	0.394245
-1596.772546	0.000269	0.397810
-1595.169833	0.000441	0.395092
-1592.535490	-0.000034	0.394254
-1590.603689	0.000119	0.391503
-1587.546291	0.000425	0.385095
-1585.591788	0.000416	0.380814
-1583.100305	0.000128	0.382081
-1580.862129	0.000513	0.388398
-1579.592245	0.000453	0.390348
-1578.038271	0.000359	0.376242
-1576.390955	0.000459	0.388401
-1574.089938	0.000275	0.381147
-1571.587551	0.000284	0.384350
-1568.579910	0.000519	0.383570
-1565.750034	0.000250	0.395483
-1562.625343	0.000391	0.391227
-1560.334081	0.000281	0.387119
-1558.408663	0.000206	0.391914
-1555.476236	0.000534	0.390675
-1554.178317	0.000244	0.400892
-1552.415909	0.000381	0.390434
-1550.476467	0.000172	0.394155
-1548.616280	0.000394	0.392377
-1546.288506	0.000141	0.393790
-1544.023267	0.000359	0.395002
-1540.890464	0.000544	0.378548
-1538.793754	0.000303	0.387144
-1535.669034	0.000366	0.390988
-1533.556571	0.000453	0.389053
-1531.470849	0.000375	0.379935
-1529.995607	0.000256	0.387265
-1528.857372	0.000378	0.386488
-1526.206798	0.000169	0.375548
-1524.107148	0.000219	0.387238
-1521.323902	0.000038	0.390180
-1519.005159	0.000509	0.392646
-1516.319715	0.000494	0.394140
-1513.644940	0.000303	0.389621
-1510.967999	0.000281	0.385276
-1508.265647	0.000366	0.395969
-1506.154123	0.000488	0.397244
-1504.422699	0.000381	0.397089
-1503.605513	0.000472	0.394804
-1501.158344	0.000125	0.396209
-1499.450741	0.000319	0.385450
-1496.887266	0.000275	0.388276
-1494.470266	0.000631	0.380269
-1492.141243	0.000469	0.390613
-1489.677683	0.000266	0.391468
-1487.073806	0.000478	0.388758
-1484.778621	0.000481	0.389521
-1483.282163	0.000241	0.383974
-1481.294228	0.000425	0.384931
-1480.039493	0.000294	0.390209
-1477.976200	0.000166	0.387538
-1475.514673	0.000241	0.387708
-1473.279685	0.000575	0.397864
-1470.822299	0.000428	0.394813
-1468.402586	0.000128	0.389263
-1465.495454	0.000400	0.390864
-1462.750631	0.000513	0.395272
-1459.631664	0.000353	0.395244
-1457.496177	0.000447	0.396537
-1455.530185	0.000353	0.388427
-1454.035490	0.000181	0.393370
-1452.975017	0.000469	0.378964
-1450.601371	0.000169	0.389015
-1448.307308	0.000241	0.392017
-1445.710959	0.000403	0.388651
-1443.258367	0.000316	0.382759
-1440.879675	0.000153	0.383010
-1438.380154	0.000594	0.386258
-1435.873293	0.000244	0.380475
-1433.495885	0.000309	0.385993
-1431.453453	0.000003	0.392762
-1429.834282	0.000306	0.392697
-1428.480894	0.000375	0.399637
-1426.367167	0.000338	0.382096
-1423.809191	0.000528	0.391305
-1420.974930	0.000144	0.396526
-1418.487474	0.000341	0.390224
-1415.962483	0.000297	0.395999
-1413.013455	0.000294	0.392974
-1410.537909	0.000344	0.398091
-1408.222381	0.000369	0.389826
-1405.734926	0.000294	0.387157
-1404.498467	0.000284	0.391108
-1403.206276	0.000259	0.397030
-1401.403748	0.000238	0.394579
-1398.896301	0.000416	0.382281
-1396.582776	0.000316	0.388136
-1394.251164	0.000366	0.388307
-1391.340479	0.000216	0.386521
-1389.301909	0.000131	0.393544
-1386.431100	0.000313	0.396657
-1384.724931	0.000275	0.393476
-1382.676253	0.000263	0.394250
-1381.308367	0.000422	0.393239
-1379.500784	0.000228	0.386131
-1377.744936	0.000303	0.385313
-1374.914003	0.000359	0.394861
-1372.942993	0.000291	0.388356
-1370.628228	0.000159	0.400052
-1367.750871	0.000484	0.397564
-1364.719075	0.000253	0.391626
-1361.424480	0.000281	0.389906
-1359.351198	0.000300	0.383901
-1356.781816	0.000500	0.399857
-1356.208596	0.000313	0.391544
-1354.141503	0.000453	0.386263
-1352.765544	0.000472	0.388180
-1349.841872	0.000294	0.378344
-1347.740488	0.000216	0.380602
-1345.492683	0.000322	0.385970
-1342.641803	0.000263	0.405590
-1340.487901	0.000313	0.389547
-1337.751533	0.000178	0.401535
-1335.117539	0.000031	0.390643
-1333.061490	0.000153	0.389622
-1330.894654	0.000150	0.398819
-1329.849748	0.000434	0.396918
-1327.965824	0.000272	0.394522
-1326.168331	0.000300	0.394264
-1323.011472	0.000406	0.393681
-1320.414330	0.000347	0.392314
-1317.398310	0.000341	0.385532
-1314.622005	0.000222	0.388377
-1312.459256	0.000066	0.393516
-1309.808913	0.000356	0.389213
-1307.974378	0.000444	0.376725
-1305.550396	0.000391	0.373828
-1303.927622	0.000181	0.381928
-1302.321004	0.000122	0.378808
-1300.373721	0.000216	0.392597
-1298.522517	0.000344	0.391683
-1295.699878	0.000241	0.394801
-1293.711474	0.000159	0.386842
-1290.381544	0.000166	0.388070
-1288.639576	0.000466	0.388364
-1285.696334	0.000422	0.396405
-1284.476428	0.000375	0.397185
-1282.487120	0.000291	0.397907
-1280.946871	0.000256	0.394680
-1279.410110	0.000384	0.393744
-1276.920746	0.000444	0.390586
-1274.769467	0.000225	0.388602
-1271.722206	0.000319	0.389623
-1269.772506	0.000363	0.396117
-1266.368917	0.000506	0.395384
-1263.835576	0.000419	0.390256
-1260.835951	0.000253	0.383887
-1258.631546	0.000206	0.379744
-1256.927112	0.000222	0.385934
-1255.463559	0.000494	0.387058
-1254.216360	0.000556	0.393616
-1252.156286	0.000509	0.390083
-1249.364470	0.000713	0.395446
-1246.793305	0.000191	0.390961
-1244.694634	0.000434	0.395551
-1242.183260	0.000294	0.394151
-1239.711703	0.000378	0.391339
-1237.700841	0.000163	0.390202
-1234.744947	0.000353	0.393767
-1232.313393	0.000047	0.390165
-1230.902924	0.000103	0.388297
-1228.904484	0.000331	0.380608
-1227.692859	0.000169	0.394602
-1224.875280	0.000225	0.393666
-1222.551867	0.000188	0.385980
-1219.480446	-0.000056	0.377029
-1216.500299	0.000416	0.385353
-1213.525459	0.000275	0.392183
-1211.090481	0.000341	0.375078
-1209.146959	0.000444	0.385783
-1207.009078	0.000203	0.393900
-1205.523831	0.000225	0.401556
-1203.233950	0.000369	0.396768
-1201.601581	0.000409	0.402378
-1199.087100	0.000147	0.388177
-1197.439543	0.000416	0.398598
-1195.173953	0.000472	0.402387
-1192.735865	0.000250	0.403980
-1189.878496	0.000172	0.394043
-1187.456211	0.000097	0.398520
-1184.849097	0.000266	0.386038
-1183.172122	0.000109	0.389971
-1181.936233	0.000469	0.387911
-1180.566982	0.000125	0.390442
-1178.365332	0.000391	0.393118
-1176.171654	0.000372	0.380129
-1173.445765	0.000544	0.376160
-1170.881829	0.000144	0.384451
-1168.348993	0.000253	0.384532
-1165.525147	0.000309	0.387873
-1162.728647	0.000172	0.385181
-1159.864703	0.000247	0.393333
-1157.799495	0.000344	0.396784
-1155.950468	0.000053	0.387713
-1154.395796	0.000419	0.394609
-1152.707947	0.000381	0.390412
-1151.163264	0.000316	0.392803
-1148.667053	0.000544	0.401418
-1146.018819	0.000306	0.400210
-1143.698277	0.000059	0.394750
-1140.585007	0.000328	0.386694
-1138.506694	0.000134	0.390998
-1135.490344	0.000225	0.394892
-1134.036174	0.000169	0.396588
-1131.942053	0.000294	0.397070
-1130.306057	0.000231	0.388838
-1128.610363	0.000247	0.392169
-1126.363813	0.000300	0.387454
-1123.745106	0.000319	0.382949
-1120.656914	0.000316	0.392451
-1118.703874	0.000366	0.401216
-1115.495871	0.000313	0.392395
-1113.012473	0.000322	0.390653
-1109.529068	0.000238	0.383732
-1107.715728	0.000456	0.392605
-1105.563572	0.000366	0.395051
-1104.296477	0.000309	0.388229
-1102.852776	0.000369	0.394707
-1101.101043	0.000119	0.390799
-1098.106072	0.000131	0.391718
-1096.221567	0.000503	0.388278
-1093.380805	0.000225	0.377960
-1091.131602	0.000513	0.378988
-1088.675281	0.000191	0.390699
-1086.672385	0.000225	0.396358
-1084.380595	0.000394	0.375303
-1082.500486	0.000397	0.385060
-1081.037923	0.000406	0.384662
-1079.188206	0.000444	0.394284
-1077.345021	0.000484	0.391377
-1074.676615	0.000591	0.396621
-1072.246550	0.000228	0.401300
-1069.369890	0.000213	0.394159
-1067.151496	0.000363	0.401353
-1063.333688	0.000175	0.383121
-1061.509388	0.000266	0.397976
-1058.477995	0.000406	0.394271
-1056.952935	0.000316	0.387223
-1055.477465	0.000150	0.400222
-1053.784190	0.000591	0.394441
-1052.157701	0.000391	0.391002
-1049.310754	0.000500	0.391958
-1047.582046	0.000484	0.387601
-1045.006831	0.000397	0.384413
-1042.738741	0.000459	0.386359
-1039.812474	0.000431	0.387207
-1037.472237	0.000250	0.380305
-1034.779562	0.000406	0.374288
-1032.954953	0.000478	0.377717
-1031.390402	0.000256	0.390366
-1029.586734	0.000400	0.395847
-1026.953710	0.000234	0.386867
-1025.050670	0.000497	0.390497
-1021.710784	0.000481	0.382681
-1020.362918	0.000422	0.393541
-1016.546234	0.000134	0.400835
-1014.555451	0.000425	0.393337
-1011.193891	0.000272	0.400004
-1008.508951	0.000353	0.407736
-1006.395508	0.000322	0.395518
-1004.726912	0.000388	0.406670
-1003.411739	0.000316	0.390504
-1001.404817	0.000278	0.388370
-999.842778	0.000156	0.398058
-997.098233	0.000222	0.400625
-995.071491	0.000309	0.389796
-992.303729	0.000178	0.386106
-989.783774	0.000231	0.388754
-987.489502	0.000150	0.379581
-985.035322	0.000347	0.392730
-983.273796	0.000316	0.397492
-981.482626	0.000178	0.397555
-979.861781	0.000319	0.397791
-977.762897	0.000322	0.389881
-975.722951	0.000375	0.381712
-973.174981	0.000294	0.387529
-970.541650	0.000497	0.395129
-968.192613	0.000166	0.384657
-964.935105	0.000266	0.385159
-962.615420	0.000150	0.391720
-958.991491	0.000544	0.380174
-957.594672	0.000172	0.384797
-955.372257	0.000425	0.384024
-954.242307	0.000291	0.383082
-952.930103	0.000269	0.395806
-950.902668	0.000263	0.383166
-948.711461	0.000353	0.397203
-945.590076	0.000356	0.385424
-943.664322	0.000291	0.381820
-940.507638	0.000472	0.400630
-938.600212	0.000431	0.409002
-936.017981	0.000203	0.395899
-933.663457	0.000372	0.402728
-931.588692	0.000372	0.398664
-929.798702	0.000403	0.393303
-927.866728	0.000131	0.397198
-926.077430	-0.000000	0.402160
-923.525397	0.000356	0.403800
-920.728593	0.000409	0.405271
-917.802035	0.000225	0.391122
-915.044053	0.000328	0.388284
-911.666703	0.000284	0.381439
-909.917148	0.000463	0.382406
-906.672500	0.000372	0.385527
-905.394718	0.000406	0.389175
-903.055500	0.000425	0.374105
-902.121525	0.000347	0.381307
-900.389726	0.000378	0.378829
-897.722301	0.000288	0.377965
-895.925877	0.000472	0.382210
-893.004301	0.000228	0.388297
-890.831463	0.000297	0.397323
-887.770860	0.000366	0.396606
-885.943502	0.000119	0.387082
-883.588737	0.000297	0.398812
-881.697635	-0.000059	0.399869
-880.510369	0.000678	0.398044
-878.138669	0.000138	0.398623
-876.251903	0.000375	0.402731
-873.792225	0.000122	0.404043
-871.274951	0.000253	0.400356
-869.126015	0.000284	0.394513
-865.707708	0.000250	0.399849
-863.161611	0.000169	0.395372
-859.624511	0.000400	0.407100
-857.688909	0.000309	0.380371
-855.471425	0.000319	0.384590
-854.616365	0.000359	0.385853
-853.146370	0.000297	0.391908
-851.089212	0.000241	0.393250
-848.933705	0.000300	0.386379
-846.040166	0.000388	0.392211
-844.155407	0.000522	0.388252
-841.670962	0.000331	0.390145
-839.445109	0.000209	0.379654
-836.868675	0.000388	0.389885
-834.377686	0.000091	0.383036
-831.815010	-0.000025	0.389258
-830.346930	0.000109	0.387005
-828.327652	0.000172	0.384151
-826.594762	0.000438	0.381573
-824.306293	0.000228	0.377991
-821.368334	0.000394	0.390807
-819.057801	0.000113	0.392474
-815.467074	0.000303	0.392715
-813.052577	0.000494	0.385234
-810.080733	0.000175	0.393520
-807.514091	0.000219	0.387952
-805.739601	0.000434	0.389882
-803.864907	0.000453	0.397192
-802.368998	0.000191	0.409031
-800.215283	0.000400	0.402539
-798.682978	0.000463	0.400887
-795.968326	0.000241	0.403624
-793.892875	0.000219	0.397263
-791.716272	0.000163	0.403887
-788.717186	0.000384	0.398065
-786.584004	0.000313	0.395761
-783.627941	0.000281	0.392083
-781.878945	0.000428	0.396717
-780.264594	0.000131	0.381488
-778.479765	0.000175	0.374061
-776.678169	0.000247	0.380042
-774.390459	0.000019	0.384047
-771.683059	0.000447	0.386208
-768.834724	0.000194	0.373661
-766.398555	0.000300	0.375860
-763.256352	0.000450	0.383318
-760.809044	0.000291	0.389791
-757.583516	0.000303	0.393496
-755.909316	0.000434	0.392795
-754.376822	0.000397	0.393501
-752.535713	0.000288	0.402315
-751.836749	0.000425	0.390820
-748.876652	0.000384	0.390017
-747.252676	0.000269	0.395895
-743.994580	0.000409	0.406755
-742.444089	0.000053	0.403053
-739.658050	0.000428	0.411109
-737.236656	0.000203	0.405933
-734.630573	0.000534	0.397325
-731.645682	0.000391	0.394250
-730.194552	0.000413	0.388555
-728.045787	0.000347	0.400893
-726.663370	0.000409	0.401054
-724.611720	0.000513	0.394720
-722.145939	0.000263	0.383753
-718.936872	0.000291	0.387296
-716.735414	0.000222	0.381110
-713.232768	0.000416	0.391398
-710.606617	0.000234	0.397130
-707.552821	0.000216	0.391608
-706.029504	0.000328	0.383471
-703.701219	0.000478	0.382937
-702.215104	0.000225	0.387490
-700.400129	0.000206	0.397492
-698.457312	0.000434	0.387439
-696.182239	0.000122	0.389389
-693.524497	0.000297	0.394609
-691.726996	0.000378	0.388832
-688.711585	0.000169	0.379015
-686.804343	0.000288	0.385690
-684.156822	0.000528	0.397405
-681.972962	0.000431	0.393630
-680.030756	0.000353	0.392891
-677.854891	0.000322	0.391314
-676.557063	0.000538	0.397641
-674.350632	0.000072	0.397009
-671.963646	0.000122	0.397545
-669.743172	0.000503	0.399071
-666.697040	0.000225	0.411256
-663.906163	0.000438	0.401138
-660.840866	0.000269	0.403672
-658.017015	0.000422	0.389452
-655.902516	0.000509	0.388858
-653.826718	0.000156	0.403104
-652.802800	0.000284	0.398023
-651.093398	0.000259	0.390428
-649.359263	0.000559	0.401080
-646.972235	0.000253	0.394190
-644.573016	0.000363	0.389836
-642.386346	0.000403	0.377140
-639.648035	0.000422	0.378772
-637.362678	0.000325	0.390102
-634.642628	0.000391	0.396539
-632.252527	0.000509	0.375719
-629.912704	0.000422	0.380604
-628.148955	0.000325	0.378387
-626.921854	0.000059	0.387022
-624.622330	0.000134	0.397874
-622.413944	0.000484	0.394984
-619.540621	0.000244	0.397250
-617.059395	0.000397	0.408411
-613.893072	0.000288	0.398273
-611.195774	0.000241	0.390638
-608.068273	0.000213	0.405728
-605.556713	0.000447	0.399183
-603.570837	0.000166	0.415017
-602.008019	0.000316	0.404779
-600.540866	0.000294	0.403517
-598.965219	-0.000009	0.399488
-596.651359	0.000216	0.399284
-593.990638	0.000513	0.387083
-591.858571	0.000353	0.393684
-589.093027	0.000256	0.393526
-587.032555	0.000203	0.385017
-584.557047	0.000297	0.390971
-582.029172	0.000309	0.390304
-579.889962	0.000281	0.374525
-578.072114	0.000184	0.385441
-576.327194	0.000213	0.386641
-574.470654	0.000313	0.399749
-572.554741	0.000306	0.397127
-569.759050	0.000394	0.385590
-567.079338	0.000206	0.388449
-564.120347	0.000134	0.403038
-561.174352	0.000306	0.391472
-558.825568	0.000438	0.395535
-555.968202	0.000113	0.398256
-554.530818	0.000313	0.403166
-552.364785	0.000319	0.386105
-550.777745	0.000284	0.383828
-549.405200	0.000550	0.393510
-546.907846	0.000159	0.406040
-545.576215	0.000359	0.408339
-542.279162	0.000344	0.390263
-541.033115	0.000316	0.393344
-537.442337	0.000134	0.395545
-535.284032	0.000278	0.395326
-532.643814	0.000522	0.391726
-530.258609	0.000422	0.397853
-528.692394	0.000497	0.399163
-526.702382	0.000019	0.397069
-524.939354	0.000156	0.391227
-522.762927	0.000472	0.389572
-519.859899	0.000441	0.402084
-517.718166	0.000369	0.394442
-515.485836	0.000284	0.396600
-512.401019	0.000578	0.397732
-509.278755	0.000322	0.389205
-506.128821	0.000256	0.386531
-504.008600	0.000169	0.383566
-501.722221	0.000138	0.383508
-500.573974	0.000403	0.393747
-499.227771	0.000259	0.387705
-497.417484	0.000309	0.384651
-494.388022	0.000375	0.377808
-492.611023	0.000444	0.382758
-489.833809	0.000306	0.387871
-487.517846	0.000303	0.390763
-484.935419	0.000181	0.400268
-482.436453	0.000319	0.391064
-480.052237	0.000416	0.398784
-477.674035	0.000594	0.403881
-476.354296	0.000194	0.399999
-474.418674	0.000288	0.403420
-473.406759	0.000444	0.398209
-469.955904	0.000209	0.406674
-468.282557	0.000291	0.399622
-464.957341	0.000550	0.401434
-462.045969	0.000263	0.392744
-459.442083	0.000403	0.389638
-456.684182	0.000272	0.395255
-455.008225	0.000303	0.400941
-452.213824	0.000119	0.405870
-451.089285	0.000278	0.392971
-448.938346	0.000153	0.388829
-447.513071	0.000325	0.389396
-445.577356	0.000253	0.384803
-443.230261	0.000325	0.389238
-441.298363	0.000194	0.392630
-438.004693	0.000456	0.395515
-435.515465	0.000369	0.393863
-432.565483	0.000213	0.381911
-430.205147	0.000356	0.389346
-428.650119	0.000194	0.391532
-426.991565	0.000238	0.390281
-425.537956	0.000138	0.388641
-423.377936	0.000347	0.387325
-421.137239	0.000275	0.392269
-418.395989	0.000388	0.392831
-415.763865	0.000359	0.381112
-412.776050	0.000284	0.382348
-410.172726	0.000241	0.395392
-407.160247	0.000359	0.394149
-404.396237	0.000406	0.386242
-402.518287	0.000144	0.382834
-400.431880	0.000328	0.390359
-399.284397	0.000506	0.393116
-397.678762	0.000331	0.396479
-395.285148	0.000197	0.408205
-392.870869	0.000366	0.399744
-389.839992	0.000203	0.412739
-387.831524	0.000284	0.406115
-385.551278	0.000247	0.393326
-383.230150	0.000413	0.403497
-380.638370	0.000294	0.397976
-378.625092	0.000422	0.405106
-376.555442	0.000178	0.397197
-374.938480	0.000400	0.396384
-373.336185	0.000403	0.387002
-370.904648	0.000244	0.385297
-368.421679	0.000188	0.382809
-365.476265	0.000331	0.377537
-362.818747	0.000313	0.377560
-360.368291	0.000153	0.373017
-357.538085	0.000300	0.382043
-355.163569	0.000341	0.375998
-352.820106	0.000250	0.372630
-351.055951	0.000447	0.379283
-349.072283	0.000322	0.387003
-347.864410	0.000431	0.397238
-345.610545	0.000466	0.386793
-343.318601	0.000303	0.391545
-341.324439	0.000234	0.395710
-339.165549	0.000256	0.412036
-336.358450	0.000209	0.409665
-333.706020	0.000222	0.411315
-330.971842	0.000456	0.417326
-328.980911	0.000134	0.418028
-326.865811	0.000291	0.405280
-325.330594	0.000569	0.405060
-323.561987	0.000419	0.398689
-321.681972	0.000269	0.414101
-318.910103	0.000434	0.416447
-316.673174	0.000328	0.393050
-313.965990	0.000138	0.392412
-311.221840	0.000334	0.380710
-308.160022	0.000225	0.384693
-305.394164	0.000147	0.377360
-303.086614	0.000400	0.374334
-300.533269	0.000150	0.381699
-299.356039	0.000394	0.379765
-297.731059	0.000247	0.381356
-296.014997	0.000169	0.362715
-293.097898	0.000288	0.375423
-291.177430	0.000434	0.376123
-288.656500	0.000238	0.394890
-286.255209	0.000206	0.390016
-283.769941	0.000094	0.386620
-280.944602	0.000425	0.389726
-278.539218	0.000341	0.394026
-276.035647	0.000394	0.400641
-274.666836	0.000516	0.395579
-273.308046	0.000325	0.409110
-271.688941	0.000194	0.401486
-269.306208	0.000306	0.396572
-266.520926	0.000272	0.419762
-263.982422	0.000506	0.408681
-261.004468	0.000466	0.413005
-258.715680	0.000344	0.419428
-255.897031	0.000125	0.411448
-253.342972	0.000266	0.412195
-251.539521	0.000372	0.399230
-249.144602	0.000375	0.402435
-248.298956	0.000384	0.401829
-246.084062	0.000291	0.391038
-244.459586	0.000225	0.389076
-241.933910	0.000650	0.384455
-239.584236	0.000281	0.376831
-236.735647	0.000375	0.371745
-234.110340	0.000175	0.355920
-231.427472	-0.000019	0.362887
-228.951517	0.000538	0.376276
-227.450418	0.000234	0.375507
-225.449744	0.000488	0.354375
-224.045326	0.000275	0.370026
-222.104711	0.000538	0.375287
-219.844872	0.000163	0.381018
-217.442564	0.000350	0.387347
-214.747972	0.000297	0.400324
-212.193881	0.000228	0.410655
-209.240542	0.000441	0.407689
-206.244234	0.000422	0.422918
-203.739573	0.000306	0.413790
-201.292826	0.000466	0.427340
-199.583825	0.000141	0.427048
-197.805269	0.000225	0.422594
-196.617536	0.000375	0.427108
-193.985132	0.000425	0.419942
-191.741158	0.000253	0.413697
-189.270478	0.000338	0.399319
-186.950627	0.000359	0.397670
-184.686156	0.000203	0.398409
-181.961128	0.000144	0.396610
-179.501010	0.000353	0.371642
-176.977722	0.000306	0.365781
-175.147187	0.000341	0.363450
-173.656325	0.000250	0.364678
-172.161437	0.000413	0.364064
-170.718266	0.000184	0.371052
-166.964152	0.000319	0.364987
-164.791467	0.000153	0.364907
-161.805150	0.000316	0.358781
-159.517839	0.000253	0.373460
-156.359283	0.000366	0.373914
-154.092300	0.000363	0.390458
-151.259848	0.000284	0.391184
-148.932399	0.000175	0.393539
-147.459511	0.000203	0.410555
-146.401711	0.000225	0.402647
-144.488844	0.000234	0.404923
-142.198867	0.000488	0.417815
-139.782133	0.000288	0.415256
-137.056236	0.000384	0.426503
-134.923116	0.000425	0.421112
-132.201567	0.000353	0.418513
-129.962492	0.000228	0.419091
-127.146126	0.000438	0.406345
-125.240394	0.000125	0.409974
-123.377736	0.000525	0.411595
-122.286453	0.000394	0.413708
-120.390289	0.000488	0.400490
-118.239186	0.000213	0.391575
-115.349573	0.000331	0.376317
-113.265561	0.000178	0.383029
-109.452819	0.000144	0.372706
-107.301832	0.000016	0.353832
-104.034971	0.000441	0.363409
-102.135445	0.000297	0.359322
-99.535843	0.000091	0.352175
-97.791717	0.000284	0.357270
-96.618958	0.000313	0.358720
-94.455647	0.000369	0.370574
-92.652872	0.000228	0.376967
-89.637996	0.000259	0.377115
-87.715073	0.000338	0.377623
-84.637738	0.000378	0.392581
-82.885803	0.000397	0.404787
-79.819884	0.000419	0.410703
-77.829634	0.000372	0.424772
-75.169040	0.000475	0.429464
-73.844832	0.000300	0.439368
-71.867729	0.000238	0.434637
-70.499621	0.000181	0.425119
-67.851090	0.000200	0.437801
-65.586984	0.000419	0.438319
-63.031181	0.000397	0.431313
-59.979308	0.000331	0.413502
-57.155988	0.000463	0.405354
-54.101436	0.000288	0.388393
-51.565053	0.000300	0.381333
-49.721409	0.000334	0.376982
-47.707351	0.000169	0.369244
-46.520199	0.000381	0.364314
-44.627956	0.000200	0.353364
-42.357111	0.000200	0.358357
-40.210519	0.000469	0.352300
-37.487045	0.000359	0.342521
-35.418037	0.000459	0.348477
-32.582520	0.000447	0.355856
-30.119637	0.000450	0.367707
-27.328877	0.000413	0.369102
-25.598266	0.000091	0.374038
-23.605979	0.000128	0.389642
-22.264834	0.000303	0.394667
-20.867148	0.000244	0.398821
-18.481162	0.000297	0.417274
-16.003554	0.000347	0.428250
-13.464215	0.000250	0.433534
-10.573654	0.000100	0.431485
-7.903465	0.000234	0.432204
-4.715902	0.000191	0.439512
-2.297700	0.000400	0.442949
-0.164811	0.000331	0.438803
2.356672	0.000656	0.403911
3.740972	0.000319	0.411717
5.141355	0.000331	0.404652
7.251631	0.000444	0.399263
9.224450	0.000213	0.392496
11.605101	0.000403	0.384366
14.168792	0.000213	0.380497
16.864286	0.000175	0.369333
19.736286	0.000497	0.355579
22.038848	0.000156	0.347177
24.326959	0.000322	0.355565
25.853354	0.000009	0.352016
28.081734	0.000253	0.356633
29.010397	0.000238	0.348029
31.474782	0.000175	0.345387
34.451702	0.000275	0.361732
36.390757	0.000222	0.369285
39.533465	0.000481	0.379919
41.794320	0.000353	0.406436
45.186092	0.000316	0.416427
47.713137	0.000447	0.407658
50.487934	0.000244	0.420267
52.622813	0.000484	0.427327
53.645513	0.000397	0.427718
55.107012	0.000178	0.443556
56.580090	0.000288	0.441986
59.426962	0.000381	0.437780
61.463061	0.000369	0.443443
64.745018	0.000384	0.422041
66.517278	0.000397	0.419736
69.165300	0.000444	0.414526
71.505688	0.000378	0.400660
73.533561	0.000256	0.394273
75.882428	0.000175	0.387405
77.211777	0.000228	0.377911
79.016997	0.000288	0.361457
80.834322	0.000163	0.359410
83.525154	0.000334	0.352980
85.985633	0.000394	0.348559
88.090826	0.000088	0.357112
91.570908	0.000250	0.344620
93.498826	0.000369	0.347130
96.920029	0.000366	0.357764
99.235555	0.000413	0.364914
101.197931	0.000191	0.375412
103.735282	0.000281	0.387803
104.207300	0.000291	0.402450
106.737817	0.000128	0.402231
108.576313	0.000216	0.419537
111.012950	0.000278	0.411271
112.667832	0.000175	0.432576
115.771494	0.000613	0.437156
118.082500	0.000384	0.446902
121.383431	0.000459	0.433498
123.647006	0.000228	0.443072
125.414229	0.000347	0.433015
127.244218	0.000178	0.416075
128.633708	0.000288	0.423897
130.617002	0.000369	0.420300
133.125945	0.000331	0.411979
135.694809	0.000369	0.406383
138.279273	0.000203	0.369156
141.112022	0.000472	0.365931
143.646595	0.000203	0.358381
146.915023	0.000291	0.360871
149.390344	0.000434	0.365831
151.920830	0.000128	0.348258
153.649553	0.000247	0.351947
155.103925	0.000428	0.354850
156.246549	0.000284	0.350973
158.752517	0.000325	0.363351
160.761104	0.000156	0.368755
163.398022	0.000153	0.387297
165.784277	0.000466	0.383614
168.098058	0.000419	0.396640
170.840536	0.000278	0.403217
172.668433	0.000269	0.402219
175.391532	0.000375	0.424633
176.563369	0.000497	0.415632
179.168834	0.000303	0.424441
180.008508	0.000403	0.434845
182.638661	0.000297	0.432802
184.747866	0.000125	0.422712
187.032622	0.000384	0.417342
190.261521	0.000116	0.420534
192.362891	0.000313	0.420183
196.327664	0.000425	0.408165
198.144374	0.000450	0.390277
200.993196	0.000313	0.380944
202.707620	0.000263	0.372936
204.191669	0.000500	0.391974
205.306495	0.000291	0.377469
207.378809	0.000219	0.364472
209.917423	0.000213	0.369264
212.111541	0.000275	0.369968
214.511195	0.000372	0.351875
216.920960	0.000128	0.348658
219.282502	0.000116	0.363085
222.297555	0.000288	0.377281
224.117837	0.000244	0.383462
226.786811	0.000547	0.372942
227.859895	0.000450	0.372632
229.968282	0.000350	0.392120
231.619307	0.000181	0.394531
234.341789	0.000400	0.388709
236.807303	0.000506	0.409379
239.256148	0.000144	0.416233
242.721639	0.000188	0.427330
245.027473	0.000131	0.424830
248.626128	0.000369	0.406937
250.480326	0.000375	0.413194
253.088086	0.000453	0.417351
254.060500	0.000341	0.422490
255.361269	0.000125	0.410539
256.957478	0.000309	0.409739
259.618225	0.000216	0.399155
262.133648	0.000400	0.387527
264.143532	0.000434	0.397258
266.632717	0.000438	0.389431
268.649014	0.000319	0.385123
271.356199	0.000163	0.376504
274.111556	0.000300	0.375746
275.964434	0.000334	0.370636
278.091471	0.000131	0.363812
279.492890	0.000547	0.366990
280.459191	0.000384	0.381288
283.791804	0.000300	0.367355
285.457827	0.000344	0.375933
289.154570	0.000359	0.378633
290.914001	0.000528	0.384499
294.404625	0.000297	0.387319
296.215149	0.000231	0.399504
299.800662	0.000400	0.403170
301.145455	0.000272	0.414443
303.608408	0.000209	0.412227
304.783343	0.000263	0.404159
305.997921	0.000450	0.398547
308.431900	0.000509	0.406604
310.466145	0.000409	0.414749
313.276325	0.000291	0.409656
314.839069	0.000178	0.403606
318.162762	0.000422	0.410326
319.804778	0.000250	0.398491
322.909194	0.000491	0.403525
324.751248	0.000484	0.400075
326.996832	0.000403	0.397070
328.736108	0.000541	0.398568
330.316105	0.000213	0.399053
332.244815	0.000119	0.391591
335.081881	0.000197	0.378357
337.123355	0.000241	0.379666
340.659491	0.000338	0.377695
343.329551	0.000434	0.375147
346.747224	0.000322	0.379703
348.970994	0.000369	0.374626
350.914382	0.000388	0.370511
353.640652	0.000563	0.371049
354.428379	0.000216	0.373698
356.729985	0.000181	0.377367
357.806723	0.000219	0.389348
360.718908	0.000422	0.388315
361.934586	0.000425	0.385345
364.935977	0.000397	0.394097
367.089486	0.000463	0.396103
369.880993	0.000372	0.406880
372.669958	0.000222	0.417284
374.548555	0.000575	0.416154
376.974019	0.000238	0.415805
378.311461	0.000184	0.410935
380.084010	0.000513	0.415548
381.271577	0.000494	0.407305
384.183347	0.000025	0.409436
386.609632	0.000444	0.401721
389.374835	0.000063	0.401873
392.742443	0.000116	0.392643
395.149997	0.000181	0.376303
398.172747	0.000459	0.368693
400.219235	0.000213	0.372033
402.365920	0.000078	0.373226
403.871972	0.000341	0.384776
405.334243	0.000334	0.361636
407.044648	0.000234	0.372561
409.130306	0.000325	0.366506
411.514585	0.000597	0.373682
413.684531	0.000525	0.378734
415.848447	0.000319	0.385623
418.909356	0.000134	0.392943
420.844180	0.000353	0.389469
424.024469	0.000425	0.392733
425.582522	0.000288	0.394285
427.484354	0.000275	0.405772
428.629477	0.000513	0.411049
430.965829	0.000219	0.406225
433.103329	0.000122	0.416528
436.257245	0.000347	0.408772
439.086963	0.000206	0.402586
441.604494	0.000294	0.399199
444.619051	0.000297	0.395895
446.826181	0.000534	0.405497
450.223549	0.000388	0.398559
451.405339	0.000216	0.383453
454.058052	0.000450	0.384039
455.008475	0.000375	0.381698
456.989990	0.000284	0.385403
458.695633	0.000394	0.394015
461.092748	0.000166	0.381009
463.145173	0.000247	0.389514
465.750787	0.000147	0.385087
468.464748	0.000416	0.376927
470.986948	0.000191	0.380963
473.711910	0.000281	0.383796
475.239986	0.000134	0.393765
477.202461	0.000169	0.391671
478.869545	0.000338	0.392582
480.786627	0.000288	0.389390
482.814363	0.000500	0.381623
485.806784	0.000350	0.384465
488.145345	0.000069	0.398749
490.510259	0.000334	0.401353
493.378638	0.000366	0.405964
495.934099	0.000303	0.393966
498.976174	0.000216	0.396148
501.476984	0.000231	0.394777
502.938881	0.000328	0.396714
504.778052	0.000291	0.402958
505.157642	0.000138	0.407473
507.648237	0.000381	0.402757
509.770537	0.000353	0.399742
512.492478	0.000394	0.392896
514.563850	0.000491	0.395134
516.944449	0.000631	0.397333
519.741312	0.000331	0.391771
521.361821	0.000225	0.390162
524.757099	0.000219	0.392186
526.120775	0.000341	0.391349
528.461017	0.000200	0.391790
529.640493	0.000356	0.379756
531.485609	0.000241	0.388131
534.046361	0.000213	0.393700
536.575074	0.000528	0.386601
539.730359	0.000356	0.382603
542.469374	0.000284	0.386620
545.869600	0.000269	0.391225
548.194913	0.000194	0.396456
550.674317	0.000484	0.397347
552.632174	0.000313	0.401278
553.847940	0.000028	0.408091
555.615062	0.000456	0.412017
556.956603	0.000119	0.398457
559.731371	0.000434	0.398964
561.771231	0.000250	0.399603
564.322150	0.000253	0.402853
566.930080	0.000194	0.402332
569.349281	0.000338	0.402249
571.778122	0.000188	0.398586
573.878551	0.000303	0.388830
576.250145	0.000191	0.384828
577.530387	0.000375	0.388106
579.418524	0.000184	0.393997
581.567847	0.000403	0.389449
583.517171	0.000525	0.383818
586.648433	0.000294	0.380392
588.834632	0.000416	0.378808
592.172583	0.000291	0.382035
594.777961	0.000106	0.391258
597.563731	0.000241	0.399780
599.559073	0.000450	0.395111
601.492869	0.000228	0.405303
602.672705	0.000306	0.387800
604.607694	0.000509	0.393058
606.712971	0.000459	0.396490
608.691382	0.000103	0.395444
611.013018	0.000350	0.404895
612.599599	0.000375	0.405881
615.137486	0.000341	0.399065
617.742379	0.000441	0.396358
620.166452	0.000238	0.392957
623.319955	0.000159	0.395824
624.820268	0.000372	0.403075
626.840556	0.000534	0.392953
627.850684	0.000234	0.387165
630.058836	0.000284	0.389099
632.247921	0.000341	0.384572
634.605113	0.000244	0.390984
638.131324	0.000469	0.386874
640.219850	0.000369	0.389143
643.721817	0.000241	0.393368
645.877569	0.000409	0.392539
649.198941	0.000181	0.392245
650.615892	0.000209	0.397770
652.812215	0.000484	0.397285
654.024432	0.000331	0.390866
655.883660	0.000575	0.404680
657.646097	0.000213	0.398350
659.674404	0.000231	0.397712
662.579964	0.000441	0.414268
664.633126	-0.000022	0.395506
667.675023	0.000228	0.398406
669.978964	0.000350	0.402528
672.364873	0.000119	0.401992
674.724813	0.000144	0.393137
676.229055	0.000519	0.390821
678.001497	0.000194	0.394720
679.758183	0.000322	0.394398
681.878615	0.000359	0.399294
684.353359	0.000294	0.399118
687.137595	0.000475	0.397002
689.410812	0.000169	0.395175
692.110336	0.000166	0.394901
694.954048	0.000350	0.388899
697.376807	0.000097	0.398907
700.204388	0.000334	0.390633
701.484910	0.000309	0.392684
703.308480	0.000466	0.401001
703.717707	0.000228	0.391457
706.314280	0.000169	0.388667
708.320195	0.000319	0.385349
711.294748	0.000263	0.385484
713.587625	0.000528	0.392341
715.440701	0.000000	0.391516
718.369918	0.000225	0.393835
719.972687	0.000384	0.399122
722.951270	0.000466	0.390642
725.083145	0.000472	0.389967
726.598900	0.000191	0.399076
727.790359	0.000403	0.395507
729.983971	0.000369	0.405568
732.354196	0.000475	0.398700
734.787897	0.000288	0.408044
737.683231	0.000359	0.400403
740.360896	0.000359	0.404426
743.267471	0.000303	0.400629
746.368253	0.000100	0.400739
748.515005	0.000216	0.401622
751.116035	0.000403	0.395770
751.798855	0.000363	0.397941
753.432880	0.000209	0.383695
755.115664	0.000509	0.393009
757.516255	0.000325	0.390033
759.986340	0.000575	0.398915
762.505785	0.000353	0.376269
765.282882	0.000222	0.382551
767.219055	0.000297	0.386078
770.098251	0.000394	0.388455
771.899493	0.000400	0.393929
774.727225	0.000319	0.394014
776.046058	0.000394	0.402425
777.604158	0.000231	0.411362
779.599174	0.000378	0.394079
781.888195	0.000338	0.393610
783.938506	0.000194	0.406836
787.061991	0.000413	0.400069
789.332565	0.000322	0.409775
792.498135	0.000097	0.400015
794.778294	0.000347	0.402739
797.642924	0.000372	0.392410
799.409572	0.000384	0.391396
801.444928	0.000341	0.386338
802.524523	0.000300	0.398997
804.422194	0.000238	0.400358
806.391946	0.000281	0.385959
808.187505	0.000228	0.387709
810.810218	0.000431	0.378311
812.556768	0.000319	0.385745
815.715275	0.000328	0.393135
817.894159	0.000403	0.395022
820.857264	0.000359	0.400633
822.128129	0.000334	0.393079
825.107753	0.000356	0.393154
825.319297	0.000319	0.394407
828.080558	0.000259	0.394551
829.384277	0.000134	0.392883
832.580421	0.000450	0.395673
834.625572	0.000153	0.403224
837.600219	0.000391	0.400104
840.167797	0.000413	0.389659
843.451494	0.000325	0.391253
846.203558	0.000178	0.395262
848.260549	0.000228	0.394589
850.442869	0.000284	0.394293
851.442566	0.000513	0.389904
853.093211	0.000188	0.394442
854.732465	0.000153	0.396084
857.516549	0.000431	0.388582
859.533008	0.000303	0.386564
862.776697	0.000363	0.396524
864.345632	0.000381	0.400731
868.181438	0.000416	0.399747
869.462250	0.000294	0.396421
872.495568	0.000372	0.397441
873.700961	0.000222	0.397679
875.983518	0.000363	0.396886
876.723248	0.000131	0.408219
879.058330	0.000263	0.396699
881.644357	0.000403	0.398598
883.888494	0.000259	0.392574
887.233577	0.000281	0.397707
889.452206	0.000366	0.383742
892.714056	0.000469	0.396639
894.872619	0.000669	0.396889
897.172544	0.000394	0.380510
898.729258	0.000284	0.382622
900.535419	0.000319	0.383129
902.067301	0.000247	0.387534
904.174954	0.000275	0.394051
906.297407	0.000331	0.387415
908.461476	0.000444	0.390870
910.019012	0.000516	0.393790
913.448361	0.000125	0.400031
915.257838	0.000391	0.396253
918.603993	0.000141	0.394015
920.289357	0.000106	0.399645
922.634541	0.000447	0.395157
923.383218	0.000319	0.403162
925.402851	0.000488	0.400331
927.097099	0.000569	0.393472
929.673574	0.000350	0.392710
932.589260	0.000419	0.404658
934.610202	0.000353	0.397541
937.791554	0.000125	0.399035
939.794884	0.000188	0.388252
942.718073	0.000269	0.393542
945.463597	0.000281	0.393661
947.786039	0.000434	0.385003
949.615825	0.000103	0.394739
950.877199	0.000288	0.392836
952.645852	0.000247	0.395305
954.466699	0.000303	0.394377
957.016758	0.000325	0.385553
959.590495	0.000156	0.384627
962.277083	0.000388	0.395635
964.947639	0.000331	0.393051
966.936909	0.000184	0.391002
969.864518	0.000284	0.396942
971.078270	0.000194	0.403609
973.392768	0.000334	0.393872
974.795441	0.000381	0.385293
977.035071	0.000231	0.394610
978.600603	0.000041	0.394782
981.253086	0.000266	0.405343
983.481761	0.000438	0.387071
986.290612	0.000206	0.389336
989.042501	0.000441	0.394240
992.111902	0.000247	0.406225
995.182053	0.000322	0.408637
996.787509	0.000300	0.398752
998.566563	0.000156	0.396857
999.638329	0.000125	0.396043
1001.387040	0.000403	0.398299
1003.047903	0.000234	0.389386
1005.940168	0.000369	0.396132
1007.875805	0.000356	0.396170
1010.635637	0.000397	0.389897
1012.880958	0.000300	0.403315
1015.568946	0.000441	0.392725
1017.366589	0.000369	0.392346
1020.228273	0.000494	0.391142
1021.205282	0.000206	0.386850
1023.481759	0.000163	0.384629
1024.479624	0.000163	0.392736
1027.083014	0.000416	0.384260
1029.364129	0.000316	0.390764
1031.723591	0.000397	0.387490
1034.482527	0.000384	0.386943
1037.010585	0.000175	0.399959
1040.750763	0.000322	0.409296
1042.339846	0.000391	0.392343
1045.536989	0.000250	0.395816
1046.504254	0.000400	0.400622
1048.832150	0.000178	0.400723
1049.618195	0.000163	0.409568
1052.198122	0.000534	0.400094
1053.978665	0.000503	0.397218
1057.143464	0.000300	0.403358
1058.958835	0.000238	0.404148
1062.178080	0.000503	0.386346
1064.132361	0.000438	0.393851
1066.680381	0.000347	0.392504
1068.325396	0.000341	0.393283
1071.162205	0.000516	0.397158
1072.069855	0.000359	0.383262
1074.111922	0.000350	0.380100
1076.084280	0.000419	0.383103
1078.378963	0.000306	0.384336
1080.726482	0.000288	0.392167
1082.778837	0.000397	0.394342
1086.292098	0.000128	0.396225
1088.461068	0.000359	0.399620
1092.036371	0.000319	0.392430
1093.538415	0.000106	0.395712
1096.322561	0.000300	0.401554
1096.722959	0.000231	0.394415
1098.943234	0.000397	0.391198
1100.579969	0.000266	0.393370
1103.272495	0.000047	0.395574
1105.280685	0.000297	0.397290
1107.515583	0.000325	0.392364
1109.594266	0.000334	0.389911
1112.064140	0.000319	0.400467
1114.818590	0.000356	0.403990
1117.178542	0.000613	0.390371
1119.651459	0.000353	0.389421
1120.672055	0.000394	0.392765
1122.003233	0.000238	0.393854
1123.474562	0.000288	0.397841
1126.176668	0.000497	0.400418
1128.376597	0.000419	0.389708
1130.828516	0.000344	0.396085
1133.724938	0.000528	0.393174
1136.060371	0.000416	0.386839
1139.042328	0.000203	0.399688
1142.225245	0.000578	0.395763
1143.547784	0.000106	0.395913
1146.019479	0.000556	0.402021
1146.552707	0.000450	0.393992
1148.939239	0.000225	0.383907
1150.741116	0.000228	0.384222
1153.569889	0.000166	0.391718
1155.848675	0.000316	0.394408
1158.095900	0.000400	0.394643
1160.568962	0.000506	0.387446
1163.009423	0.000213	0.390142
1165.462514	0.000388	0.392120
1167.580393	0.000194	0.384286
1169.539776	-0.000078	0.393821
1171.195771	0.000434	0.402471
1172.186334	0.000559	0.406774
1174.413310	0.000391	0.407927
1176.934046	0.000231	0.394160
1179.860359	0.000309	0.402710
1182.602416	0.000222	0.401569
1185.121825	0.000409	0.409819
1188.277423	0.000200	0.403258
1190.110510	0.000434	0.402923
1192.796234	0.000272	0.400436
1194.194895	0.000328	0.383745
1196.438240	0.000478	0.387817
1197.568340	0.000341	0.392265
1199.625158	0.000175	0.393713
1201.943390	0.000184	0.405155
1204.113803	0.000306	0.385859
1205.896764	0.000278	0.379693
1209.064437	0.000350	0.388459
1210.979573	0.000300	0.387655
1213.918327	0.000328	0.390991
1215.602932	0.000366	0.388691
1217.746084	0.000494	0.398182
1218.715982	0.000125	0.402249
1220.393838	0.000397	0.395692
1222.624411	0.000306	0.392846
1224.995396	0.000319	0.398325
1228.088537	0.000522	0.405461
1229.923539	0.000316	0.403516
1233.028856	0.000147	0.402994
1234.994568	0.000403	0.397986
1238.217464	0.000347	0.395898
1240.137325	0.000338	0.390971
1243.352579	0.000178	0.390951
1243.742685	0.000338	0.399604
1246.453676	0.000325	0.398423
1247.156414	0.000353	0.390471
1249.804724	0.000469	0.395568
1251.541898	0.000359	0.405980
1254.265017	0.000253	0.387407
1256.919991	0.000244	0.392554
1259.688079	0.000331	0.402009
1262.156470	0.000288	0.393008
1264.558936	0.000513	0.389974
1266.599992	0.000244	0.385921
1267.688437	0.000203	0.393221
1269.698152	0.000269	0.399423
1271.342731	0.000153	0.395169
1273.936459	0.000172	0.396357
1276.129297	0.000456	0.389845
1278.731939	0.000609	0.397843
1281.216828	0.000181	0.387128
1284.503405	0.000481	0.382062
1286.958638	0.000119	0.392103
1290.321470	0.000278	0.393659
1291.388850	0.000463	0.402838
1293.618662	0.000450	0.391002
1294.063031	0.000297	0.390183
1297.070537	0.000425	0.390311
1298.406223	0.000406	0.392894
1301.158715	0.000347	0.393261
1303.233324	0.000544	0.395356
1305.432987	0.000319	0.402833
1308.070517	0.000428	0.402004
1310.426453	0.000588	0.401975
1313.290192	0.000425	0.397006
1314.923974	0.000106	0.401172
1316.800245	0.000488	0.401491
1317.651469	0.000531	0.391343
1319.289113	0.000128	0.411074
1321.616120	0.000431	0.397644
1324.245265	0.000244	0.394767
1327.144202	0.000172	0.390871
1329.541702	0.000056	0.389237
1332.282245	0.000319	0.403013
1335.239387	0.000213	0.397807
1337.301860	0.000300	0.386403
1340.204057	0.000219	0.380516
1341.517559	0.000328	0.387934
1343.540297	0.000294	0.393127
1344.261283	0.000125	0.388627
1346.831908	0.000406	0.403692
1348.449570	0.000416	0.399725
1351.645641	0.000303	0.393827
1353.906130	0.000219	0.391399
1356.623005	0.000131	0.389306
1359.074225	0.000403	0.394849
1361.155447	0.000325	0.400725
1363.157208	0.000306	0.400587
1365.163526	0.000466	0.401143
1367.092020	0.000225	0.399184
1368.254573	0.000181	0.394111
1370.746519	0.000297	0.387407
1372.870047	0.000056	0.393845
1375.842335	0.000341	0.405770
1378.309621	0.000338	0.402511
1381.312774	0.000222	0.381766
1384.079995	0.000531	0.395682
1386.596749	0.000406	0.392366
1389.204204	0.000428	0.383139
1390.930840	0.000213	0.394215
1392.417621	0.000306	0.400002
1393.834813	0.000431	0.399199
1395.543122	0.000219	0.400913
1398.511139	0.000497	0.391385
1399.854754	0.000359	0.393427
1402.787343	0.000416	0.403111
1404.634327	0.000094	0.398386
1407.348351	0.000384	0.388918
1409.839797	0.000153	0.395974
1411.891380	0.000247	0.397075
1413.830529	0.000347	0.392861
1415.112698	0.000391	0.391519
1417.130102	0.000353	0.388368
1418.661225	0.000297	0.394170
1421.654461	0.000422	0.400028
1423.409202	0.000184	0.389104
1425.985247	0.000053	0.378436
1428.898380	0.000266	0.383908
1431.719833	0.000281	0.403019
1434.797879	0.000266	0.408442
1436.910200	0.000313	0.402781
1438.837812	0.000409	0.395996
1440.234137	0.000397	0.400990
1441.531204	0.000378	0.397289
1443.518485	0.000241	0.393208
1445.760028	0.000378	0.402177
1448.357904	0.000278	0.401306
1449.950786	0.000347	0.402729
1453.328773	0.000469	0.398182
1455.120443	0.000388	0.404188
1457.748780	0.000363	0.388966
1460.622531	0.000331	0.391780
1461.881483	0.000378	0.403195
1464.243100	0.000294	0.396437
1464.972426	0.000453	0.392895
1467.785369	0.000238	0.387896
1468.927034	0.000388	0.394639
1472.569789	0.000359	0.398261
1474.596552	0.000578	0.391545
1478.000368	0.000197	0.393352
1480.497780	0.000413	0.402014
1482.987623	0.000263	0.407074
1485.780372	0.000625	0.394573
1487.584290	0.000438	0.396995
1489.290092	0.000275	0.397855
1490.828355	0.000434	0.397004
1492.233342	0.000388	0.398351
1494.362156	0.000219	0.396051
1496.712205	0.000241	0.398139
1499.396839	0.000119	0.396706
1500.912815	0.000438	0.390196
1503.797113	0.000484	0.382572
1505.830860	0.000131	0.391212
1508.435623	0.000291	0.399788
1510.606777	0.000488	0.403988
1512.285396	0.000397	0.384366
1514.138234	0.000547	0.385534
1515.235641	0.000269	0.384828
1517.564528	0.000388	0.391384
1519.682605	0.000316	0.392416
1522.493912	0.000403	0.395613
1524.946380	0.000272	0.398500
1527.892493	0.000219	0.404283
1531.048800	0.000550	0.401992
1533.028219	0.000269	0.393613
1535.939283	0.000294	0.403341
1536.474292	0.000184	0.405144
1539.046442	0.000291	0.401047
1539.801522	0.000181	0.388381
1542.716947	0.000538	0.398659
1544.613191	0.000366	0.393090
1546.983454	0.000394	0.391460
1548.726678	0.000456	0.398102
1551.077347	0.000316	0.395697
1553.939917	0.000419	0.392986
1556.366594	0.000384	0.389787
1558.903684	0.000428	0.398344
1561.326609	0.000353	0.400653
1561.930365	0.000344	0.393594
1563.998469	0.000506	0.396777
1565.472672	0.000359	0.401477
1568.590140	0.000303	0.407268
1570.905909	0.000328	0.398215
1573.757252	0.000503	0.391502
1576.627423	0.000119	0.397896
1579.193577	0.000300	0.396074
1582.017785	0.000447	0.402608
1584.249780	0.000025	0.404209
1586.708805	0.000134	0.402143
1587.880793	0.000466	0.393681
1589.371442	0.000194	0.386123
1591.175607	0.000375	0.387961
1592.975982	0.000334	0.391307
1595.259107	0.000259	0.400764
1597.527394	0.000447	0.404350
1600.196058	0.000216	0.389040
1602.543059	0.000153	0.387642
1604.928773	0.000366	0.397045
1607.577254	0.000216	0.399752
1608.995925	0.000328	0.394339
1611.032050	0.000219	0.397876
1612.062175	0.000269	0.395176
1614.269993	0.000303	0.407704
1616.651240	0.000281	0.399630
1619.069092	0.000494	0.390774
1621.853021	0.000363	0.405689
1623.969395	0.000269	0.399473
1626.795595	0.000494	0.395455
1629.798773	0.000041	0.397194
1632.393024	0.000200	0.392865
1634.705243	-0.000013	0.393307
1636.002222	0.000609	0.381160
1637.297405	0.000244	0.390678
1638.289306	0.000422	0.393001
1640.822871	0.000341	0.401618
1643.093406	0.000394	0.392698
1645.731877	0.000431	0.381823
1647.822621	0.000297	0.387634
1650.165915	0.000322	0.390389
1652.552075	0.000363	0.398885
1654.966092	0.000406	0.404019
1657.309289	0.000381	0.392495
1658.808854	0.000272	0.395840
1661.213736	0.000278	0.398422
1662.111462	0.000581	0.399079
1664.673153	0.000400	0.395681
1666.963552	0.000384	0.400605
1669.902781	0.000503	0.390531
1672.323809	0.000141	0.406778
1675.298428	0.000141	0.399262
1678.160741	0.000231	0.385826
1680.566933	0.000528	0.395321
1682.790439	0.000144	0.398323
1684.543162	0.000281	0.394719
1685.975111	0.000522	0.399499
1687.371400	0.000463	0.390365
1689.236025	0.000331	0.386167
1691.883428	0.000394	0.390071
1693.673750	0.000475	0.389053
1695.924724	0.000253	0.392504
1698.659676	0.000438	0.402663
1700.609945	0.000372	0.398702
1703.829515	0.000138	0.389320
1705.490302	0.000281	0.392127
1707.919344	0.000188	0.393072
1708.757726	0.000297	0.398798
1710.873018	0.000119	0.408469
1712.392154	0.000631	0.400098
1715.282618	0.000297	0.399073
1717.521540	0.000300	0.395630
1720.233408	0.000431	0.395451
1723.096043	0.000441	0.391777
1725.642658	0.000372	0.392252
1728.247806	0.000322	0.394829
1730.432945	0.000453	0.407692
1732.999996	0.000100	0.389190
1733.779400	0.000250	0.389416
1736.008502	0.000334	0.386784
1737.028789	0.000206	0.392783
1739.108160	0.000306	0.388710
1741.459175	0.000447	0.398955
1743.508632	0.000175	0.394718
1746.654988	0.000459	0.398852
1748.829061	0.000203	0.387805
1751.415966	0.000381	0.388139
1753.371625	0.000150	0.395625
1755.338327	0.000497	0.402703
1757.121416	0.000122	0.404218
1758.438287	0.000381	0.396563
1761.220452	0.000266	0.393911
1762.698790	0.000172	0.386827
1765.432212	0.000175	0.390917
1768.155582	0.000247	0.405307
1770.628203	0.000238	0.392176
1773.933526	0.000497	0.390695
1776.266690	0.000163	0.379047
1779.533661	0.000472	0.391679
1780.998044	0.000319	0.383498
1782.819895	0.000344	0.384497
1783.787887	0.000141	0.388647
1785.550618	0.000175	0.401480
1787.675231	0.000356	0.402136
1789.837089	0.000466	0.389338
1792.740959	0.000300	0.398000
1794.374731	0.000478	0.399045
1796.973720	0.000316	0.393745
1799.180961	0.000375	0.408334
1801.729461	0.000325	0.396759
1804.068815	0.000203	0.397963
1805.838043	0.000291	0.401898
1807.250395	0.000516	0.392468
1808.606599	0.000172	0.387559
1811.262207	0.000203	0.393311
1813.418664	0.000325	0.394754
1816.450761	0.000384	0.387371
1818.989179	0.000309	0.386483
1821.279345	0.000194	0.381691
1824.633396	0.000213	0.386774
1826.501509	0.000244	0.405224
1829.501501	0.000316	0.387980
1830.370939	0.000475	0.397620
1832.596291	0.000316	0.396028
1833.354367	0.000319	0.407994
1835.843267	0.000359	0.403214
1837.673455	0.000444	0.391351
1839.749568	0.000234	0.400633
1842.414348	0.000384	0.401806
1844.655397	0.000250	0.404430
1847.561061	0.000350	0.395363
1849.773282	0.000116	0.393929
1851.931078	0.000203	0.391062
1853.436688	0.000344	0.390275
1855.521544	0.000425	0.396818
1856.666812	0.000338	0.398486
1858.933980	0.000338	0.393225
1861.726534	0.000538	0.393464
1864.089484	0.000288	0.382451
1866.655723	0.000241	0.383758
1869.619567	0.000375	0.392465
1872.076571	0.000338	0.402098
1874.959159	0.000403	0.396342
1877.041226	0.000275	0.389996
1879.699762	0.000488	0.400513
1880.602470	0.000381	0.394695
1882.235519	0.000291	0.394906
1883.450995	0.000306	0.393039
1886.371325	0.000194	0.394867
1888.369119	0.000216	0.402144
1890.565303	0.000513	0.401109
1893.299600	0.000250	0.402417
1895.034835	0.000372	0.387737
1898.201838	0.000434	0.383201
1900.076434	0.000416	0.390084
1902.705734	0.000194	0.407096
1903.888394	0.000281	0.388010
1905.868954	0.000509	0.385122
1907.200316	0.000494	0.388517
1909.365516	0.000284	0.395927
1911.992991	0.000425	0.398229
1914.637713	0.000531	0.392119
1918.040224	0.000072	0.393108
1920.354548	0.000184	0.399894
1922.909231	0.000472	0.397547
1925.115449	0.000413	0.390133
1926.784173	0.000638	0.399631
1928.941120	0.000472	0.408853
1930.087306	0.000103	0.402548
1932.410821	0.000044	0.396933
1933.753818	0.000541	0.393999
1935.973385	0.000325	0.398251
1938.223509	-0.000116	0.396517
1940.270291	0.000334	0.384009
1943.608597	0.000341	0.387912
1945.569975	0.000369	0.398871
1948.671813	0.000522	0.398120
1949.884559	0.000316	0.389796
1951.820045	0.000353	0.389815
1952.854845	0.000378	0.395163
1955.176986	0.000397	0.386843
1956.998727	0.000319	0.403552
1959.990755	-0.000025	0.410649
1962.490754	0.000481	0.397092
1965.109224	0.000331	0.398483
1967.972273	0.000463	0.405815
1970.608534	0.000444	0.400947
1973.100263	0.000216	0.398021
1975.557680	0.000019	0.404922
1976.823293	0.000116	0.401123
1978.051868	0.000347	0.394154
1976.953051	0.000275	0.392648
1975.992678	0.000275	0.392379
1974.793640	0.000247	0.388788
1974.799244	0.000094	0.393579
1975.861464	0.000138	0.388193
1976.634206	0.000559	0.400275
1977.578742	0.000394	0.392803
1976.915089	0.000475	0.392965
1976.272973	0.000375	0.391067
1975.678352	0.000172	0.390615
1975.343095	0.000134	0.393675
1975.864594	0.000306	0.396702
1976.987053	0.000300	0.403987
1976.879496	0.000456	0.400336
1977.319333	0.000466	0.392065
1976.197092	0.000266	0.387030
1975.896915	0.000481	0.400079
1975.476997	-0.000006	0.403406
1976.273709	0.000516	0.395546
