994.044957	0.000475	0.349828
993.733178	0.000247	0.349530
992.646595	0.000522	0.351520
989.949387	0.000344	0.363277
986.605763	0.000541	0.367544
982.403981	0.000328	0.372759
979.364538	0.000556	0.361123
978.446407	0.000156	0.371219
977.571238	0.000456	0.376053
977.271065	0.000322	0.361793
974.727489	0.000356	0.373788
971.866526	0.000503	0.376389
967.589811	0.000781	0.388049
964.289717	0.000319	0.368216
962.147032	0.000497	0.366447
960.356460	0.000563	0.363692
960.003258	0.000359	0.376154
958.649878	0.000528	0.375627
957.056053	0.000356	0.364330
953.771347	0.000697	0.373117
951.143651	0.000488	0.362000
948.512680	0.000300	0.335917
946.252740	0.000341	0.345375
944.786577	0.000222	0.341453
941.561175	0.000578	0.349079
939.697080	0.000528	0.339991
937.646818	0.000134	0.333774
936.318694	0.000234	0.329501
935.813921	0.000422	0.340567
934.500289	0.000453	0.344983
932.311597	0.000247	0.342819
928.845321	0.000363	0.351881
926.244136	0.000444	0.357160
923.321786	0.000359	0.359939
921.507127	0.000544	0.363739
919.832851	0.000238	0.365787
918.010013	0.000541	0.368563
915.459552	0.000250	0.378796
913.031444	0.000206	0.376597
910.633876	0.000391	0.397709
909.133140	0.000359	0.385817
907.885648	0.000328	0.393496
906.387867	0.000403	0.387119
904.183698	0.000563	0.389409
901.850469	0.000553	0.393723
898.626361	0.000125	0.387155
895.655391	0.000206	0.376801
893.221007	0.000363	0.353311
890.719341	0.000572	0.351480
889.032546	0.000281	0.355207
887.371066	0.000406	0.337796
885.910395	0.000272	0.336250
883.359946	0.000588	0.332728
881.610949	0.000225	0.335964
878.515553	0.000300	0.320879
876.825882	0.000431	0.320168
874.076921	0.000319	0.329316
871.893298	0.000563	0.341217
869.597455	0.000363	0.351261
867.338614	0.000281	0.337747
864.943275	0.000309	0.354608
863.070310	0.000409	0.366217
861.868364	0.000266	0.367014
859.646100	0.000328	0.368919
858.229532	0.000588	0.382386
855.736374	0.000431	0.382755
853.245264	0.000469	0.384692
850.597026	0.000241	0.385957
847.440618	0.000394	0.387191
845.322473	0.000491	0.389982
841.885049	0.000481	0.403892
840.272094	0.000503	0.378233
838.017386	0.000394	0.371588
836.508897	0.000309	0.372558
834.458903	0.000313	0.354339
832.414230	0.000181	0.360784
830.415931	0.000413	0.351740
827.572620	0.000425	0.340492
826.163898	0.000425	0.339677
822.715027	0.000303	0.327092
820.957597	0.000509	0.328588
817.982221	0.000697	0.323714
815.936576	0.000231	0.329423
814.127580	0.000325	0.335127
812.770259	0.000328	0.325593
811.625840	0.000153	0.339183
809.359846	0.000631	0.340914
807.668245	0.000163	0.358629
804.825675	0.000491	0.351027
802.515847	0.000228	0.368785
799.823338	0.000244	0.375816
796.795176	0.000519	0.385014
794.608615	0.000372	0.390357
792.006583	0.000563	0.390875
789.880065	0.000731	0.387597
788.274851	0.000256	0.393461
786.806133	0.000375	0.398505
784.881920	0.000350	0.393878
782.187191	0.000541	0.400982
780.303708	0.000506	0.399425
777.296350	0.000575	0.386197
775.109437	0.000531	0.383732
772.499024	0.000478	0.370655
770.202085	0.000525	0.356540
768.167439	0.000056	0.347635
765.557983	0.000153	0.343605
764.562227	0.000581	0.339362
762.437719	0.000216	0.321498
761.410710	0.000178	0.316233
758.337852	0.000372	0.324066
756.648530	0.000181	0.318537
754.074162	0.000378	0.322440
750.993915	0.000063	0.321154
748.777666	0.000253	0.322036
745.683447	0.000488	0.344591
743.332481	0.000197	0.349342
740.464022	0.000400	0.356811
739.075251	0.000363	0.364817
737.626972	0.000463	0.388152
735.568309	0.000597	0.382358
733.482865	0.000541	0.392322
730.963320	0.000481	0.401333
728.720940	0.000319	0.413400
725.679135	0.000469	0.417584
723.700122	0.000338	0.411114
720.654701	0.000025	0.399714
719.038512	0.000628	0.399659
717.037989	0.000406	0.401069
715.442879	0.000525	0.394029
714.130559	0.000344	0.385983
712.299868	0.000325	0.372920
710.302122	0.000166	0.369021
707.830614	0.000341	0.341190
705.860942	0.000288	0.324031
702.952864	0.000359	0.310013
700.954186	0.000509	0.310761
698.025042	0.000347	0.302135
695.149375	0.000381	0.284686
693.052195	0.000344	0.291872
690.595963	0.000484	0.307268
689.278537	0.000259	0.305388
687.701845	0.000334	0.311894
685.816133	0.000419	0.329279
683.153400	0.000541	0.337585
680.548910	0.000284	0.349553
678.431563	0.000403	0.377784
675.454517	0.000313	0.385349
673.332205	0.000481	0.410413
670.650857	0.000547	0.405970
668.735813	0.000553	0.420945
666.804256	0.000694	0.433832
665.163517	0.000491	0.435690
663.831804	0.000450	0.429353
661.862816	0.000469	0.420150
659.691903	0.000403	0.413968
656.978593	0.000372	0.400887
654.515620	0.000203	0.390849
651.813081	0.000472	0.379642
649.115099	0.000356	0.350591
646.780949	0.000353	0.329820
643.938608	0.000372	0.305736
641.841647	0.000350	0.304528
639.417407	0.000247	0.293910
638.224005	0.000434	0.281909
636.097613	0.000313	0.290277
633.535228	0.000297	0.277625
631.796195	0.000328	0.276054
628.626872	0.000144	0.283784
626.673749	0.000238	0.310818
623.643577	0.000438	0.332410
621.681889	0.000256	0.352428
619.218906	0.000219	0.372432
617.442952	0.000559	0.390156
616.484948	0.000500	0.397546
614.444474	0.000603	0.399081
613.344918	0.000491	0.415154
610.721968	0.000616	0.440634
608.509775	0.000566	0.448341
606.057633	0.000500	0.454306
603.345307	0.000466	0.456183
600.725508	0.000306	0.446705
598.261416	0.000372	0.433416
595.573402	0.000694	0.416783
593.485873	-0.000003	0.393716
591.708983	0.000466	0.379837
589.832279	0.000388	0.355109
587.746110	0.000359	0.333551
585.868318	0.000281	0.301656
583.119447	0.000216	0.294537
580.935131	0.000178	0.280744
578.670800	0.000128	0.262815
576.012509	0.000309	0.254005
573.581103	0.000397	0.265505
570.707575	0.000278	0.270032
568.845160	0.000181	0.269249
567.191211	0.000275	0.279466
565.991627	0.000397	0.298110
564.340541	0.000294	0.313261
562.417463	0.000272	0.328318
559.863693	0.000184	0.348410
557.273981	0.000444	0.395870
554.688068	0.000569	0.414992
551.724969	0.000416	0.426304
549.432699	0.000309	0.466603
546.137796	0.000650	0.474754
543.973242	0.000481	0.472124
541.929247	0.000575	0.452107
540.033582	0.000556	0.451130
538.404325	0.000506	0.447441
536.355537	0.000344	0.426509
533.985129	0.000669	0.400964
531.071003	0.000500	0.391465
529.240849	0.000397	0.372600
526.101861	0.000409	0.322289
524.180916	0.000475	0.302233
521.545900	0.000488	0.287890
519.616495	0.000394	0.265704
517.754419	0.000191	0.268070
516.474767	0.000166	0.257047
514.821124	0.000266	0.249100
512.707338	0.000306	0.246502
510.958512	0.000425	0.250033
507.755106	0.000025	0.260694
506.295589	0.000359	0.268027
503.266717	0.000347	0.295971
500.475610	0.000569	0.319452
497.798061	0.000341	0.340871
494.968233	0.000250	0.364336
493.481198	0.000478	0.392606
491.356864	0.000594	0.412945
490.320885	0.000466	0.435285
487.886612	0.000625	0.444205
485.521546	0.000509	0.462166
482.867385	0.000591	0.479987
480.536807	0.000519	0.490856
477.917053	0.000563	0.471515
475.370852	0.000531	0.466277
473.260462	0.000359	0.452916
470.851685	0.000331	0.424326
468.768814	0.000450	0.414542
467.553242	0.000528	0.388895
465.951569	0.000413	0.379033
464.433443	0.000478	0.350128
461.880153	0.000359	0.324569
459.561855	0.000066	0.298250
457.021603	0.000513	0.262422
454.330102	0.000234	0.241454
451.737231	0.000316	0.211290
448.965925	0.000247	0.214804
446.393899	0.000113	0.212060
443.556849	0.000300	0.222582
441.985975	0.000084	0.236672
440.414462	0.000381	0.254492
438.072138	0.000297	0.272298
436.246605	0.000478	0.294422
433.558055	0.000384	0.346268
431.304443	0.000581	0.385732
428.452032	0.000344	0.425185
426.208915	0.000497	0.473168
423.650024	0.000528	0.493220
421.358235	0.000700	0.509621
419.411518	0.000581	0.525308
417.670019	0.000572	0.539720
416.907411	0.000653	0.550741
414.600921	0.000544	0.534279
412.847680	0.000513	0.510244
410.369688	0.000569	0.482441
408.097283	0.000406	0.448205
405.457865	0.000284	0.409791
402.873783	0.000578	0.361584
400.302392	0.000347	0.309795
397.058101	0.000259	0.263460
395.061973	0.000278	0.217495
392.876464	0.000184	0.197419
391.609704	0.000178	0.189760
389.468230	0.000300	0.164500
387.502504	0.000078	0.164392
384.889703	0.000163	0.159970
382.654268	0.000013	0.174847
380.429072	0.000028	0.195135
377.818964	0.000313	0.241073
375.124380	0.000178	0.276019
372.693406	0.000256	0.328176
370.787414	0.000472	0.373553
368.971693	0.000578	0.408849
367.729977	0.000416	0.440183
366.273652	0.000500	0.460989
363.861299	0.000728	0.497737
361.735969	0.000444	0.528168
359.398178	0.000728	0.562123
356.513203	0.000497	0.575200
354.563406	0.000375	0.554421
350.820782	0.000641	0.540551
348.830494	0.000575	0.487629
345.601003	0.000444	0.466840
343.796113	0.000569	0.413292
341.732396	0.000509	0.361979
340.623217	0.000325	0.345266
338.073189	0.000306	0.298984
335.977043	0.000266	0.248525
333.125727	0.000391	0.196901
330.927767	0.000347	0.174487
328.368055	0.000253	0.149837
325.551181	0.000153	0.142626
323.497416	0.000213	0.152091
320.497468	0.000303	0.168422
319.390236	0.000081	0.186255
317.600871	-0.000003	0.191477
317.143138	0.000206	0.226627
314.579225	0.000447	0.255923
312.316828	0.000281	0.306925
309.769149	0.000238	0.361459
307.162795	0.000772	0.428089
304.445137	0.000309	0.471977
301.759616	0.000681	0.506190
299.305174	0.000641	0.545228
296.489579	0.000531	0.581365
294.386187	0.000647	0.572775
292.475881	0.000541	0.564582
291.158122	0.000600	0.537408
288.963361	0.000663	0.529154
286.666817	0.000528	0.500197
284.177050	0.000256	0.449831
282.080291	0.000472	0.404418
279.221994	0.000381	0.357056
277.295047	0.000278	0.286209
274.336766	0.000203	0.241904
272.659471	-0.000034	0.213594
269.745748	0.000363	0.181177
268.935197	0.000097	0.163272
267.175160	0.000038	0.167751
265.535484	0.000097	0.152960
263.285214	0.000219	0.143187
260.556187	0.000228	0.152211
258.700497	0.000316	0.179795
255.298749	0.000225	0.215206
253.564778	0.000300	0.274920
249.922070	0.000391	0.326352
247.699160	0.000350	0.371610
245.109445	0.000472	0.437064
242.776953	0.000466	0.481171
241.730126	0.000663	0.493372
239.428458	0.000494	0.512644
237.796448	0.000466	0.543136
234.824569	0.000569	0.556731
232.631359	0.000806	0.563506
229.745734	0.000419	0.542040
227.522734	0.000719	0.521268
224.851297	0.000231	0.486115
222.492466	0.000400	0.446206
220.701653	0.000466	0.405441
218.449379	0.000403	0.364302
217.383181	0.000319	0.365027
216.066822	0.000431	0.302833
213.653236	0.000216	0.253463
211.410469	0.000094	0.235816
208.668537	0.000325	0.193667
206.348898	-0.000022	0.170971
203.632955	0.000103	0.152715
200.897110	0.000038	0.148972
198.251603	0.000150	0.166163
195.711582	0.000119	0.192725
193.477849	0.000144	0.217292
191.882749	0.000325	0.255059
190.401590	0.000238	0.301569
188.070849	0.000372	0.314039
186.083112	0.000375	0.367510
183.430263	0.000531	0.425801
181.228150	0.000588	0.461914
178.632314	0.000569	0.514201
175.997741	0.000544	0.532922
173.900922	0.000703	0.553577
171.563671	0.000650	0.544503
169.743670	0.000578	0.537801
168.293185	0.000756	0.542920
166.933398	0.000778	0.537987
165.000471	0.000600	0.518391
162.496952	0.000391	0.475442
160.100587	0.000622	0.448534
157.719650	0.000225	0.388705
154.693389	0.000413	0.344839
152.159603	0.000419	0.279817
149.084115	0.000169	0.226445
146.743010	0.000169	0.197728
144.269109	0.000303	0.172464
142.583214	0.000022	0.153261
140.809682	0.000119	0.148046
139.140605	0.000106	0.156188
136.162044	0.000181	0.171822
134.146346	0.000303	0.196391
131.635134	0.000356	0.222411
129.021046	0.000347	0.284523
126.740362	0.000284	0.328011
124.004632	0.000519	0.361032
122.023039	0.000597	0.412049
119.384575	0.000459	0.445976
118.646146	0.000775	0.474119
116.755130	0.000378	0.484185
115.548628	0.000378	0.511236
112.713125	0.000619	0.523418
110.555700	0.000738	0.549000
107.719542	0.000809	0.550043
104.983774	0.000684	0.514008
102.325304	0.000572	0.500748
99.193996	0.000691	0.454138
97.063063	0.000400	0.409884
94.096752	0.000531	0.350574
92.991728	0.000406	0.319595
91.238153	0.000313	0.316607
89.736958	0.000513	0.283089
86.886696	0.000266	0.248206
84.699685	0.000388	0.205317
82.516863	0.000241	0.192657
79.516089	0.000338	0.174659
78.003626	0.000369	0.167202
75.356891	0.000138	0.179674
72.974874	0.000169	0.202504
70.891799	0.000216	0.232534
68.945023	0.000425	0.248728
67.398609	0.000388	0.271451
65.843546	0.000459	0.295201
64.077958	0.000597	0.333606
61.405665	0.000603	0.387408
59.248565	0.000491	0.418643
56.306010	0.000572	0.458009
53.681108	0.000572	0.489921
51.336967	0.000600	0.492050
47.924554	0.000538	0.496606
46.039906	0.000478	0.504342
43.517361	0.000531	0.502317
42.189724	0.000500	0.488096
40.398774	0.000491	0.466793
38.318307	0.000319	0.432763
35.881223	0.000278	0.402126
33.253470	0.000444	0.379662
30.818985	0.000528	0.339490
28.252076	0.000238	0.291959
25.646761	0.000147	0.260839
23.177923	0.000272	0.242416
21.361963	0.000231	0.223005
19.672038	0.000053	0.201818
17.756047	0.000322	0.212408
16.489689	0.000100	0.209254
14.129578	0.000194	0.211571
11.575874	-0.000019	0.223024
9.386190	0.000353	0.236528
6.621955	0.000291	0.273908
4.227483	0.000234	0.311984
1.103331	0.000534	0.331955
-1.602280	0.000269	0.394955
-4.234803	0.000531	0.419847
-6.061590	0.000394	0.429810
-7.886921	0.000500	0.438487
-8.978373	0.000606	0.457423
-11.038898	0.000659	0.473981
-13.628290	0.000641	0.461547
-15.972836	0.000384	0.470486
-18.102561	0.000331	0.472121
-20.755338	0.000381	0.474174
-23.444719	0.000319	0.427032
-25.548348	0.000419	0.399039
-28.523588	0.000384	0.394437
-29.938700	0.000394	0.377287
-31.785227	0.000522	0.354588
-32.904322	0.000150	0.331138
-34.846717	0.000375	0.311757
-37.364940	0.000200	0.272400
-39.495055	0.000266	0.238218
-42.386258	0.000222	0.249152
-44.449361	0.000388	0.235928
-47.509782	0.000022	0.238970
-49.938566	0.000225	0.241030
-52.833382	0.000153	0.256363
-55.125550	0.000478	0.273966
-56.815449	0.000363	0.294174
-58.558727	0.000347	0.307655
-60.020015	0.000297	0.331635
-62.741478	0.000163	0.365594
-64.735508	0.000484	0.391224
-67.512822	0.000363	0.397451
-69.957780	0.000466	0.427697
-72.270068	0.000378	0.452788
-75.104027	0.000394	0.461835
-77.467280	0.000638	0.458913
-79.626446	0.000181	0.447932
-80.825334	0.000419	0.443166
-82.416857	0.000594	0.438249
-84.225817	0.000338	0.432705
-86.250317	0.000172	0.403320
-89.350765	0.000353	0.376472
-91.605710	0.000459	0.373032
-94.744052	0.000269	0.333509
-97.247279	0.000075	0.298835
-99.772240	0.000416	0.270592
-102.589971	0.000225	0.270413
-104.469189	0.000288	0.264651
-106.700400	0.000141	0.256642
-108.024493	0.000447	0.256842
-110.259353	0.000194	0.262570
-112.092999	0.000328	0.269200
-114.611248	0.000431	0.273597
-116.806553	0.000166	0.282599
-119.192749	0.000275	0.316491
-121.909309	0.000363	0.335575
-124.086261	0.000547	0.348803
-127.346688	0.000350	0.377034
-128.246411	0.000300	0.400588
-130.544731	0.000344	0.410639
-131.309901	0.000438	0.401337
-133.854457	0.000513	0.415520
-135.583735	0.000419	0.416656
-138.374710	0.000838	0.440097
-140.703595	0.000291	0.436218
-142.912888	0.000425	0.407814
-145.893441	0.000478	0.396110
-148.100540	0.000213	0.390767
-151.614206	0.000428	0.372789
-153.709102	0.000353	0.346512
-155.821264	0.000291	0.342004
-157.529099	0.000491	0.326070
-159.048494	0.000203	0.314461
-160.989717	0.000453	0.307373
-163.621482	0.000253	0.295536
-165.691420	0.000347	0.293912
-168.536748	0.000322	0.298326
-170.441638	0.000363	0.286890
-173.524782	0.000478	0.282655
-174.972436	0.000272	0.297451
-178.209771	0.000391	0.311605
-179.566588	0.000425	0.313963
-181.792241	0.000419	0.329654
-183.007456	0.000422	0.338589
-184.827293	0.000278	0.352996
-187.157803	0.000472	0.353917
-189.509462	0.000528	0.371908
-192.597289	0.000294	0.396700
-194.722564	0.000403	0.408871
-197.869703	0.000531	0.402711
-200.279435	0.000522	0.394835
-203.185911	0.000556	0.407737
-205.292530	0.000444	0.407105
-206.682340	0.000528	0.384671
-208.595411	0.000581	0.377153
-210.131288	0.000419	0.380749
-212.533138	0.000200	0.367279
-214.954906	0.000456	0.348209
-217.359009	0.000253	0.333562
-220.000656	0.000341	0.339957
-222.466591	0.000091	0.315080
-224.868300	0.000266	0.307744
-227.309242	0.000409	0.320107
-229.153166	0.000253	0.309653
-230.724172	0.000200	0.306857
-232.262687	0.000563	0.312334
-234.434204	0.000381	0.313913
-235.922215	0.000125	0.316746
-238.873771	0.000509	0.319571
-241.045294	0.000394	0.329880
-243.816305	0.000606	0.351485
-246.524853	0.000300	0.351571
-249.192201	0.000359	0.365802
-252.108060	0.000359	0.372707
-254.344410	0.000381	0.377284
-256.160448	0.000347	0.384925
-257.851658	0.000447	0.397840
-259.536169	0.000428	0.393098
-261.583030	0.000109	0.373927
-264.019793	0.000547	0.377057
-266.435300	0.000372	0.382303
-269.186107	0.000381	0.356243
-271.846050	0.000319	0.358530
-274.209766	0.000316	0.347912
-277.185838	0.000291	0.346455
-278.719203	0.000225	0.327093
-280.477725	0.000413	0.327697
-281.420743	0.000300	0.326893
-283.845807	0.000184	0.326466
-285.658662	0.000141	0.337975
-288.300762	0.000434	0.326773
-291.266196	0.000672	0.325491
-293.043841	0.000384	0.327616
-296.525415	0.000309	0.337324
-298.300368	0.000109	0.342870
-301.922139	0.000166	0.344936
-303.712871	0.000491	0.346635
-306.215653	0.000288	0.339845
-307.546296	0.000388	0.352604
-309.376519	0.000356	0.355884
-311.527270	0.000341	0.355733
-313.651348	0.000534	0.357974
-316.767429	0.000472	0.369133
-318.399462	0.000291	0.371658
-321.480017	0.000284	0.365434
-323.686456	0.000466	0.358876
-326.445651	0.000600	0.369204
-328.745144	0.000338	0.358403
-330.125826	0.000325	0.354603
-331.749935	0.000559	0.357509
-332.789947	0.000319	0.352015
-335.332567	0.000431	0.351933
-337.419767	0.000231	0.336873
-340.523752	0.000497	0.355228
-342.616312	0.000378	0.335325
-345.325079	0.000484	0.332499
-348.128000	0.000472	0.339892
-350.193809	0.000416	0.347361
-353.236316	0.000222	0.342918
-355.009382	0.000378	0.339300
-356.936006	0.000509	0.342921
-358.625092	0.000484	0.343704
-360.334833	0.000297	0.335301
-362.762257	0.000316	0.337590
-365.052530	0.000681	0.350190
-367.026390	0.000459	0.350603
-369.733169	0.000341	0.338672
-372.421535	0.000197	0.342106
-374.885297	0.000288	0.355240
-377.132204	0.000472	0.368897
-379.316006	0.000475	0.366090
-380.479636	0.000391	0.357144
-381.858563	0.000291	0.361989
-384.271051	0.000847	0.366395
-386.427865	0.000322	0.360559
-389.070503	0.000319	0.356771
-391.496386	0.000541	0.366437
-394.335298	0.000325	0.364565
-396.827062	0.000338	0.347754
-399.785704	0.000347	0.340181
-402.427059	0.000566	0.340389
-404.871014	0.000381	0.345999
-406.580970	0.000203	0.345572
-408.179036	0.000569	0.331213
-410.089888	0.000353	0.330545
-412.112285	0.000347	0.338727
-414.965345	0.000394	0.342319
-416.919112	0.000356	0.335892
-419.774952	0.000128	0.330742
-421.806190	0.000388	0.352204
-424.545410	0.000166	0.346558
-426.981962	0.000416	0.342712
-429.264323	0.000322	0.337304
-430.573689	0.000344	0.363654
-432.066875	0.000278	0.362959
-434.018806	0.000294	0.344736
-435.823452	0.000288	0.347632
-438.638152	0.000213	0.358504
-440.746205	0.000356	0.363584
-442.960778	0.000278	0.363378
-445.631777	0.000388	0.356477
-448.418894	0.000328	0.358012
-451.720488	0.000597	0.364077
-453.625218	0.000563	0.354446
-456.071040	0.000163	0.351829
-456.903035	0.000331	0.347197
-458.871115	0.000631	0.348999
-460.770841	0.000431	0.342421
-463.295976	0.000272	0.343116
-466.329577	0.000400	0.337534
-468.426983	0.000625	0.340575
-471.362635	0.000541	0.352706
-473.527353	0.000284	0.333565
-476.043799	0.000478	0.340693
-477.990091	0.000284	0.348973
-479.796890	0.000359	0.341522
-481.412779	0.000394	0.347575
-482.592359	0.000416	0.343309
-485.270716	0.000400	0.346079
-487.464536	0.000156	0.342768
-489.597246	0.000478	0.343322
-492.550666	0.000622	0.360091
-494.876609	0.000122	0.353286
-498.657209	0.000472	0.361592
-500.833871	0.000444	0.348069
-503.973881	0.000356	0.352663
-505.580155	0.000281	0.359380
-507.142122	0.000441	0.342797
-508.861157	0.000597	0.358584
-510.803445	0.000259	0.349760
-513.596808	0.000597	0.365108
-516.050358	0.000381	0.362138
-518.759470	0.000284	0.343247
-520.985587	0.000469	0.351126
-523.932345	0.000372	0.356794
-525.938598	0.000500	0.354675
-528.165374	0.000441	0.338670
-530.390649	0.000553	0.339050
-531.485270	0.000381	0.336647
-533.179653	0.000469	0.339397
-535.077553	0.000203	0.341930
-537.609603	0.000244	0.334503
-539.718905	0.000544	0.336801
-542.188822	0.000359	0.340800
-544.473291	0.000450	0.339994
-547.235414	0.000084	0.341243
-549.784807	0.000447	0.339492
-552.779018	0.000419	0.342722
-555.008671	0.000381	0.348339
-556.580899	0.000497	0.354338
-558.289831	0.000681	0.350641
-560.156678	0.000450	0.353227
-562.786375	0.000425	0.364400
-565.098436	0.000216	0.360290
-567.578192	0.000447	0.354929
-569.912057	0.000494	0.355382
-572.424229	0.000394	0.360884
-574.949179	0.000450	0.355146
-576.863184	0.000456	0.348863
-579.599244	0.000531	0.350097
-580.422424	0.000488	0.353515
-582.108759	0.000469	0.342773
-583.687243	0.000350	0.341297
-586.128353	0.000444	0.339591
-588.475962	0.000331	0.344797
-591.261818	0.000353	0.335890
-593.748290	0.000538	0.321123
-596.441820	0.000450	0.333525
-599.233793	0.000481	0.325605
-601.868723	0.000506	0.321217
-604.365450	0.000369	0.332702
-606.382055	0.000644	0.336841
-607.614032	0.000172	0.336717
-610.244581	0.000456	0.337874
-612.180941	0.000144	0.348420
-614.452849	0.000338	0.346527
-617.219023	0.000503	0.355083
-619.219339	0.000281	0.354634
-622.468895	0.000341	0.350397
-624.483640	0.000394	0.354606
-627.669982	0.000563	0.354950
-629.433017	0.000241	0.363086
-630.979883	0.000338	0.359228
-632.490303	0.000472	0.351519
-633.625109	0.000447	0.351167
-636.162444	0.000566	0.343922
-638.054062	0.000266	0.350459
-641.234790	0.000550	0.350878
-643.164021	0.000434	0.346798
-646.288768	0.000306	0.338248
-648.455750	0.000575	0.342027
-651.376958	0.000413	0.346056
-653.634953	0.000403	0.337470
-656.124185	0.000266	0.343985
-658.016756	0.000513	0.339765
-659.275495	0.000325	0.337886
-662.031143	0.000491	0.336160
-663.262961	0.000075	0.323283
-666.434375	0.000363	0.335186
-668.224331	0.000466	0.332836
-671.579331	0.000366	0.345186
-674.025365	0.000338	0.329573
-676.593337	0.000213	0.338163
-678.466558	0.000431	0.351711
-680.235175	0.000438	0.346200
-681.373483	0.000434	0.345720
-682.744995	0.000544	0.352386
-685.167662	0.000491	0.357662
-687.843221	0.000316	0.354307
-689.713536	0.000284	0.358316
-692.517343	0.000200	0.359275
-694.832754	0.000338	0.352087
-698.034568	0.000356	0.350982
-700.877512	0.000288	0.360190
-703.161889	0.000650	0.348868
-706.055118	0.000256	0.354702
-706.775182	0.000147	0.350065
-709.196869	0.000403	0.355530
-710.658814	0.000481	0.332311
-714.123319	0.000156	0.329672
-715.864260	0.000431	0.346281
-718.906834	0.000200	0.332328
-720.887902	0.000238	0.341887
-724.093100	0.000388	0.328870
-726.031543	0.000572	0.328444
-728.702765	0.000016	0.332464
-730.854525	0.000378	0.326757
-732.095142	0.000231	0.326305
-733.279974	0.000238	0.329301
-734.860216	0.000403	0.343162
-737.463361	0.000169	0.340499
-739.696715	0.000575	0.344513
-742.952574	0.000403	0.349901
-744.671526	0.000278	0.358238
-748.064882	0.000344	0.367932
-749.742610	0.000431	0.369323
-752.855449	0.000647	0.368700
-755.006742	0.000291	0.361949
-757.462996	0.000409	0.358970
-758.911267	0.000663	0.357544
-761.817129	0.000313	0.357307
-762.788041	0.000197	0.358719
-765.632673	0.000425	0.352869
-767.434454	0.000572	0.347849
-770.628782	0.000397	0.347647
-773.293060	0.000600	0.343235
-775.531317	0.000434	0.343816
-778.491660	0.000256	0.337131
-779.011574	0.000519	0.341260
-781.724035	0.000347	0.335686
-781.917769	0.000238	0.330724
-784.989843	0.000213	0.329913
-786.576626	0.000484	0.336571
-789.732491	0.000222	0.343528
-791.374759	0.000450	0.330684
-794.423847	0.000263	0.327008
-796.272202	0.000288	0.341184
-799.643139	0.000497	0.346169
-802.457305	0.000263	0.341726
-805.300458	0.000394	0.348274
-807.194395	0.000472	0.349319
-808.524752	0.000397	0.357981
-810.768788	0.000366	0.352119
-812.679348	0.000409	0.356387
-815.734606	0.000525	0.356292
-818.132768	0.000206	0.356364
-820.794850	0.000297	0.355458
-822.860617	0.000503	0.340662
-825.773742	0.000344	0.358416
-828.008740	0.000397	0.360318
-830.144316	0.000491	0.346465
-831.994310	0.000250	0.340306
-833.085719	0.000400	0.345345
-834.753853	0.000466	0.342543
-836.882226	0.000803	0.352998
-839.081322	0.000672	0.347618
-841.916180	0.000334	0.349719
-844.313845	0.000103	0.338976
-846.965383	0.000444	0.341254
-849.972836	0.000356	0.324330
-852.651092	0.000550	0.337952
-855.155905	0.000469	0.341005
-857.236662	0.000453	0.338422
-858.949598	0.000363	0.328831
-860.242516	0.000406	0.330417
-863.007334	0.000469	0.337452
-865.044771	0.000534	0.349614
-867.761805	0.000441	0.349947
-869.886233	0.000434	0.355166
-872.271262	0.000425	0.369587
-875.278718	0.000272	0.356465
-877.261976	0.000459	0.346215
-879.879898	0.000338	0.362572
-881.594079	0.000506	0.361768
-882.701335	0.000631	0.365664
-884.400132	0.000194	0.349017
-886.130708	0.000678	0.353321
-888.745012	0.000356	0.361532
-891.072294	0.000431	0.354239
-894.042233	0.000469	0.350186
-896.291043	0.000191	0.344675
-900.217957	0.000463	0.349735
-901.598107	0.000016	0.347761
-905.007644	0.000047	0.339708
-906.465967	0.000303	0.334774
-908.942913	0.000144	0.334634
-910.413397	0.000397	0.337658
-912.654483	0.000369	0.333112
-915.337290	0.000247	0.331145
-916.747200	0.000294	0.337308
-919.949760	0.000078	0.343830
-921.815298	0.000353	0.343818
-925.559068	0.000291	0.327028
-927.619382	0.000369	0.342174
-930.056144	0.000613	0.354282
-931.679831	0.000472	0.360221
-932.928590	0.000266	0.351827
-934.134208	0.000259	0.350747
-936.603970	0.000494	0.363341
-938.833344	0.000400	0.363849
-941.768822	0.000388	0.350747
-943.725797	0.000303	0.350523
-946.383501	0.000497	0.368062
-948.468955	0.000513	0.360674
-951.722056	0.000556	0.348449
-954.512194	0.000419	0.341383
-956.972245	0.000400	0.352496
-959.234333	0.000272	0.348821
-959.956703	0.000169	0.346288
-962.663419	0.000553	0.342983
-963.595430	0.000347	0.349212
-967.087531	0.000206	0.343508
-968.910812	0.000434	0.333708
-972.432521	0.000388	0.339242
-974.326448	0.000319	0.341557
-976.650417	0.000253	0.348876
-978.680950	0.000363	0.337502
-980.334411	0.000516	0.339029
-982.481921	0.000350	0.342807
-983.437870	0.000303	0.335328
-985.786045	0.000222	0.347742
-987.538473	0.000459	0.338490
-990.382998	0.000409	0.345173
-991.913612	0.000425	0.349306
-995.200945	0.000406	0.346641
-997.381437	0.000347	0.347642
-1001.050848	0.000491	0.343017
-1003.617270	0.000391	0.359568
-1006.175790	0.000225	0.356812
-1007.891865	0.000197	0.354982
-1009.054760	0.000553	0.358222
-1010.933185	0.000475	0.365915
