994.980386	0.000516	0.386130
994.375117	0.000441	0.389187
995.174116	0.000528	0.397537
994.451292	0.000303	0.405239
994.575330	0.000378	0.400090
993.358248	0.000566	0.386645
991.304400	0.000497	0.391967
987.893012	0.000719	0.395182
983.699025	0.000106	0.398175
981.204077	0.000431	0.414199
979.000125	0.000516	0.407622
978.634884	0.000566	0.414517
978.032783	0.000375	0.405433
976.333368	0.000256	0.407202
973.659555	0.000428	0.417629
969.872711	0.000194	0.423145
965.880131	0.000494	0.413565
964.063241	0.000325	0.409913
961.538568	0.000494	0.418772
961.305960	0.000713	0.410184
959.387027	0.000394	0.424931
958.506493	0.000509	0.412284
955.792741	0.000478	0.400534
952.945705	0.000466	0.408508
950.712479	0.000378	0.394128
947.907346	0.000538	0.406616
946.495154	0.000438	0.395321
943.755437	0.000803	0.399553
941.483251	0.000400	0.393706
937.837487	0.000413	0.381702
935.753333	0.000538	0.397516
933.109388	0.000331	0.392855
932.122010	0.000394	0.394698
931.636838	0.000413	0.387472
931.443307	0.000331	0.380066
930.502806	0.000447	0.398578
928.021889	0.000588	0.392774
925.302491	0.000231	0.400761
920.755381	0.000163	0.397491
917.868470	0.000647	0.405178
915.223039	0.000331	0.422984
914.420057	0.000400	0.421312
913.711810	0.000544	0.424513
912.820030	0.000556	0.416819
910.944951	0.000575	0.429629
908.301910	0.000428	0.412932
905.116115	0.000528	0.400622
902.591582	0.000259	0.406736
900.589307	0.000522	0.412583
898.901975	0.000650	0.419052
896.154696	0.000659	0.405661
894.016525	0.000459	0.397048
890.587334	0.000369	0.407600
888.182637	0.000488	0.403380
886.695374	0.000216	0.395432
885.172485	0.000575	0.391768
883.885746	0.000516	0.406296
881.597033	0.000238	0.400473
879.665459	0.000363	0.396394
876.686658	0.000056	0.395860
874.167516	0.000431	0.393610
870.866742	0.000366	0.401492
868.939754	0.000484	0.385105
866.514908	0.000416	0.411989
864.804468	0.000534	0.399120
864.135915	0.000528	0.403127
861.956378	0.000472	0.396564
860.390659	0.000425	0.395808
857.190843	0.000488	0.409597
855.371690	0.000466	0.408819
852.355448	0.000469	0.412270
850.282405	0.000478	0.404425
847.093042	0.000488	0.409774
845.006257	0.000241	0.399832
842.287166	0.000369	0.410345
839.611906	0.000347	0.424600
838.085815	0.000403	0.407988
836.012543	0.000622	0.405210
834.668894	0.000506	0.414393
832.485202	0.000653	0.421289
830.662270	0.000306	0.415479
827.719547	0.000397	0.407701
825.198954	0.000531	0.412493
822.339243	0.000584	0.416988
820.092714	0.000447	0.413786
817.827732	0.000281	0.400836
816.399531	0.000581	0.393440
814.689215	0.000394	0.393182
813.860867	0.000391	0.396569
811.239878	0.000541	0.396638
809.387561	0.000766	0.394107
806.754573	0.000294	0.398662
804.922403	0.000341	0.389185
802.253656	0.000281	0.390920
799.884503	0.000650	0.392946
796.980636	0.000456	0.387281
794.359730	0.000622	0.404596
792.545557	0.000372	0.401206
789.924981	0.000503	0.407315
789.068270	0.000747	0.412570
786.585588	0.000469	0.402614
784.886702	0.000372	0.419301
782.159978	0.000353	0.412476
780.102819	0.000575	0.423847
777.283622	0.000781	0.435284
775.361038	0.000478	0.413567
772.665792	0.000284	0.418630
769.965059	0.000578	0.413350
768.022030	0.000253	0.422953
765.894337	0.000606	0.418772
764.592607	0.000534	0.412391
763.207575	0.000413	0.411038
761.246593	0.000375	0.418068
758.921740	0.000197	0.403953
756.246872	0.000341	0.391486
753.887779	0.000497	0.404441
751.016251	0.000428	0.397486
748.441626	0.000578	0.387077
745.513346	0.000434	0.378916
743.344313	0.000497	0.382333
741.181200	0.000541	0.389958
739.268448	0.000466	0.377593
737.791364	0.000225	0.383204
735.653977	0.000494	0.402697
733.252035	0.000509	0.400877
731.251467	0.000197	0.401831
728.556975	0.000566	0.394879
726.330945	0.000528	0.407405
722.920290	0.000156	0.414639
721.226973	0.000538	0.426285
718.793007	0.000309	0.429654
717.741890	0.000409	0.419859
716.096386	0.000434	0.420180
714.474052	0.000728	0.424754
712.908318	0.000300	0.427141
709.623410	0.000647	0.422318
708.353553	0.000416	0.412279
705.456886	0.000634	0.415086
703.557424	0.000753	0.427910
700.255802	0.000284	0.414054
697.773519	0.000391	0.398749
694.786314	0.000369	0.397591
692.785504	0.000281	0.399062
691.633410	0.000722	0.393682
689.688959	0.000391	0.387108
688.178992	0.000494	0.387261
685.327157	0.000381	0.384708
683.026166	0.000778	0.373506
680.413226	0.000469	0.381923
677.774833	0.000544	0.379392
675.291540	0.000466	0.398602
673.487155	0.000338	0.390060
670.589394	0.000656	0.393930
669.064073	0.000444	0.401195
667.390533	0.000325	0.400054
665.992550	0.000500	0.414020
663.921648	0.000356	0.416418
662.344537	0.000378	0.417862
659.166239	0.000581	0.436058
657.302972	0.000716	0.421595
653.915004	0.000331	0.423090
651.557959	0.000691	0.424372
648.754913	0.000653	0.429817
646.323739	0.000497	0.428774
644.091934	0.000338	0.411739
641.937347	0.000366	0.419555
640.453736	0.000459	0.410331
637.782236	0.000469	0.405182
636.447407	0.000522	0.401212
633.135052	0.000409	0.391208
631.768016	0.000431	0.392856
628.450738	0.000669	0.388366
626.490505	0.000375	0.385845
623.853223	0.000453	0.376572
621.108283	0.000678	0.368845
619.456256	0.000381	0.382707
617.742329	0.000647	0.387329
617.040745	0.000509	0.384732
614.784771	0.000766	0.382292
613.158955	0.000550	0.405069
610.500471	0.000744	0.400865
607.816703	0.000575	0.391343
605.478142	0.000588	0.416211
602.903847	0.000453	0.427545
600.258766	0.000525	0.430922
597.773609	0.000341	0.417712
595.150286	0.000453	0.423974
593.478941	0.000553	0.440293
591.269821	0.000519	0.437140
589.789981	0.000647	0.429855
587.585728	0.000428	0.422657
585.363104	0.000316	0.436162
582.838047	0.000669	0.424860
580.389190	0.000466	0.410524
577.990290	0.000331	0.395246
575.256271	0.000372	0.400590
572.958519	0.000419	0.392566
570.418650	0.000538	0.383332
569.077309	0.000394	0.375437
567.407874	0.000403	0.382640
566.332682	0.000241	0.385533
563.958842	0.000300	0.371169
561.863950	0.000278	0.374242
559.021253	0.000334	0.372830
556.781172	0.000334	0.383277
553.989144	0.000478	0.387864
550.905871	0.000541	0.383739
548.593776	0.000263	0.389912
545.126693	0.000584	0.400924
543.855501	0.000444	0.420223
541.549038	0.000525	0.428844
540.484724	0.000381	0.423071
537.877725	0.000253	0.428428
535.582635	0.000422	0.426265
533.244633	0.000547	0.441956
530.611900	0.000466	0.452352
528.776154	0.000491	0.434233
525.505345	0.000347	0.439468
523.862687	0.000534	0.440857
520.765342	0.000366	0.428602
519.275881	0.000366	0.422944
517.786274	0.000394	0.407786
516.785178	0.000328	0.413034
514.778667	0.000500	0.405061
512.548235	0.000341	0.387062
510.255535	0.000622	0.387487
507.487739	0.000519	0.380316
505.060283	0.000491	0.373647
502.081427	0.000213	0.361251
499.911457	0.000634	0.355147
496.944416	0.000347	0.360668
495.026474	0.000603	0.371458
493.185044	0.000331	0.363835
491.607860	0.000225	0.362929
488.977997	0.000581	0.377844
487.047521	0.000381	0.378276
484.550439	0.000600	0.391521
482.609041	0.000575	0.407019
479.924517	0.000397	0.428979
477.541429	0.000541	0.441849
474.453996	0.000459	0.442058
472.529068	0.000531	0.456403
470.077932	0.000550	0.461137
469.124649	0.000397	0.459645
467.963943	0.000438	0.453160
465.547732	0.000316	0.457693
463.818932	0.000250	0.445290
461.054350	0.000416	0.436726
459.137697	0.000691	0.430379
455.818706	0.000638	0.413024
453.813851	0.000422	0.397750
450.648177	0.000381	0.381962
448.334755	0.000300	0.357145
445.514824	0.000503	0.362170
443.527393	0.000250	0.339428
441.907972	0.000484	0.344072
439.668463	0.000441	0.350923
438.060420	0.000356	0.343053
435.288560	0.000138	0.343210
433.333916	0.000266	0.349680
430.225258	0.000225	0.372725
428.162730	0.000525	0.381437
425.052764	0.000525	0.394965
423.075365	0.000400	0.412542
420.835534	0.000450	0.425689
419.439018	0.000453	0.437137
418.263903	0.000197	0.429289
416.817968	0.000622	0.447894
414.376468	0.000450	0.452502
412.058701	0.000531	0.465274
409.628301	0.000753	0.461664
406.912877	0.000422	0.466708
404.979045	0.000494	0.462224
401.905040	0.000450	0.433856
399.433269	0.000378	0.423767
396.690240	0.000303	0.413773
394.653104	0.000559	0.418576
392.664084	0.000497	0.391377
391.725925	0.000397	0.382887
388.923830	0.000316	0.364619
387.189063	0.000338	0.349255
384.221991	0.000403	0.354966
381.965099	0.000428	0.345546
379.336228	0.000494	0.328539
376.533150	0.000428	0.339530
374.660766	0.000356	0.353623
372.415032	0.000328	0.347526
371.203109	0.000516	0.343931
369.016293	0.000434	0.353021
368.100930	0.000259	0.378327
365.154236	0.000528	0.384108
363.424532	0.000403	0.396016
360.904230	0.000653	0.411221
359.194330	0.000297	0.429515
356.077655	0.000450	0.444834
353.230749	0.000588	0.458878
349.985702	0.000441	0.479515
347.555218	0.000713	0.483338
345.354043	0.000556	0.482007
343.564947	0.000581	0.477157
342.455957	0.000519	0.463108
339.903659	0.000813	0.462427
337.699986	0.000563	0.456758
334.660772	0.000347	0.440145
332.926707	0.000559	0.412395
329.733440	0.000453	0.390708
328.033714	0.000303	0.364485
325.151811	0.000403	0.349188
323.327337	0.000253	0.328496
320.612426	0.000178	0.335203
319.492227	0.000344	0.325715
317.995312	0.000328	0.314618
316.838456	0.000350	0.304258
314.387566	0.000356	0.317547
311.927680	0.000119	0.325269
309.349303	0.000194	0.337490
306.178319	0.000363	0.350800
303.952871	0.000525	0.365760
300.863737	0.000534	0.395414
299.011464	0.000538	0.430245
295.960951	0.000222	0.429011
295.057806	0.000406	0.445267
292.271305	0.000316	0.464494
291.624309	0.000347	0.490469
287.929317	0.000463	0.489887
286.926056	0.000519	0.495064
284.254761	0.000569	0.492097
281.546329	0.000509	0.499343
278.935947	0.000469	0.482234
275.962749	0.000269	0.470527
274.035970	0.000728	0.442711
272.256632	0.000334	0.443689
271.414208	0.000578	0.408361
269.386230	0.000481	0.394081
267.615286	0.000628	0.389978
265.087819	0.000369	0.360802
262.805395	0.000594	0.342602
260.454341	0.000300	0.320855
258.110952	0.000244	0.298294
255.051647	0.000234	0.296647
252.589464	0.000303	0.290229
248.883868	0.000244	0.296158
247.349315	0.000466	0.311220
244.708202	0.000556	0.326851
243.666424	0.000431	0.332301
241.584412	0.000375	0.353486
239.706156	0.000350	0.374420
236.547357	0.000378	0.407853
234.747061	0.000575	0.435104
231.869751	0.000422	0.456391
229.816614	0.000303	0.485933
227.230312	0.000484	0.500817
224.291350	0.000572	0.529049
222.593785	0.000525	0.516562
220.488273	0.000284	0.515698
219.694861	0.000563	0.524100
217.709626	0.000759	0.526034
216.216371	0.000531	0.514501
213.468551	0.000384	0.484508
210.722967	0.000272	0.445242
208.520924	0.000684	0.427436
205.531207	0.000603	0.385853
202.929628	0.000431	0.350916
199.912186	0.000256	0.311249
197.897962	0.000213	0.282958
195.887171	0.000322	0.266802
193.764465	0.000400	0.253349
192.648784	0.000553	0.251086
190.147373	0.000191	0.244600
188.231702	0.000275	0.266135
185.216931	0.000319	0.274892
183.696798	0.000188	0.303091
180.233232	0.000306	0.339908
178.208692	0.000347	0.369770
175.746209	0.000566	0.403573
173.688215	0.000644	0.447654
172.008223	0.000541	0.469675
170.503600	0.000494	0.491757
168.844238	0.000547	0.515079
166.944602	0.000422	0.517392
164.709694	0.000616	0.526140
162.126649	0.000644	0.558815
159.862372	0.000497	0.573614
156.837311	0.000784	0.552863
154.118085	0.000513	0.514114
151.275964	0.000313	0.463516
148.835272	0.000431	0.443361
146.477923	0.000391	0.390089
144.814868	0.000619	0.359528
142.722519	0.000391	0.335981
141.039016	0.000534	0.323543
138.429788	0.000344	0.290321
136.278796	0.000094	0.250622
134.041276	0.000297	0.230665
131.314470	0.000188	0.235791
128.412428	0.000241	0.249012
125.908865	0.000113	0.262742
123.581910	0.000294	0.279708
121.881920	0.000381	0.306902
120.857155	0.000550	0.336750
119.010194	0.000291	0.357805
117.591356	0.000322	0.379976
114.450800	0.000609	0.433706
112.095378	0.000328	0.460823
109.803397	0.000388	0.502367
106.971087	0.000538	0.521677
104.607108	0.000553	0.539976
101.789794	0.000672	0.554370
98.824214	0.000691	0.549082
96.272360	0.000581	0.536200
94.567240	0.000634	0.530184
93.306355	0.000438	0.510167
91.318289	0.000422	0.495046
89.858616	0.000534	0.459605
86.773435	0.000453	0.413466
84.861892	0.000444	0.376549
81.501446	0.000456	0.371879
79.514148	0.000416	0.305651
77.088600	0.000463	0.273390
74.790212	0.000350	0.262162
73.262939	0.000019	0.250615
71.648810	0.000372	0.246823
70.193434	0.000303	0.236692
67.367232	0.000341	0.242254
66.119600	0.000056	0.262425
63.355058	0.000369	0.270850
61.429285	0.000153	0.279231
58.749856	0.000372	0.331857
55.663917	0.000409	0.383918
52.668220	0.000516	0.416715
49.366846	0.000697	0.448674
47.791352	0.000572	0.504100
45.691449	0.000709	0.520412
44.710072	0.000638	0.516470
42.270269	0.000641	0.530218
40.430400	0.000775	0.542382
37.476716	0.000756	0.557533
35.098876	0.000416	0.556530
32.641382	0.000644	0.539280
30.158790	0.000553	0.502206
28.176591	0.000797	0.494786
25.382727	0.000563	0.450110
23.147616	0.000319	0.421260
21.615862	0.000269	0.395719
19.966578	0.000659	0.367397
18.723829	0.000416	0.351943
16.444669	0.000156	0.308640
14.120131	0.000278	0.276340
10.851155	0.000413	0.258396
8.441267	0.000331	0.250473
5.889481	0.000344	0.247268
2.899477	0.000294	0.248365
1.082397	0.000431	0.260761
-2.071079	0.000200	0.282824
-3.560168	0.000525	0.324995
-6.171352	0.000259	0.338941
-7.267888	0.000206	0.365228
-9.393779	0.000466	0.400576
-11.437398	0.000472	0.448464
-13.677182	0.000559	0.468818
-16.151739	0.000963	0.502251
-18.321853	0.000519	0.545349
-21.483154	0.000694	0.551339
-23.535767	0.000538	0.546433
-26.325984	0.000588	0.555132
-27.644832	0.000750	0.548992
-29.179315	0.000609	0.543790
-30.381344	0.000628	0.521532
-32.541122	0.000147	0.498036
-35.054383	0.000775	0.492492
-37.618235	0.000344	0.452443
-40.032678	0.000478	0.396865
-42.702877	0.000550	0.361826
-45.834689	0.000259	0.318881
-48.142413	0.000284	0.279206
-51.393108	0.000428	0.263675
-52.988583	0.000213	0.248015
-54.749474	0.000353	0.242269
-56.229432	0.000219	0.247908
-58.346199	0.000281	0.248256
-60.888054	0.000259	0.250540
-62.797262	0.000319	0.278477
-65.642953	0.000469	0.308897
-67.638782	0.000416	0.340073
-70.813250	0.000531	0.379888
-72.927943	0.000509	0.420077
-75.576445	0.000722	0.452130
-77.511705	0.000447	0.477901
-78.832406	0.000663	0.519154
-80.171439	0.000584	0.510143
-82.334171	0.000403	0.521226
-84.406106	0.000578	0.549470
-87.102509	0.000716	0.560410
-89.632183	0.000534	0.536148
-92.590981	0.000519	0.520900
-95.468948	0.000553	0.499811
-97.713922	0.000513	0.478609
-100.828094	0.000769	0.438064
-102.470528	0.000269	0.400791
-104.360046	0.000559	0.400516
-105.717368	0.000338	0.369084
-108.416725	0.000356	0.332768
-109.917221	0.000244	0.317838
-112.769906	0.000378	0.290081
-114.579301	0.000469	0.271657
-117.260356	0.000369	0.255917
-119.487460	0.000284	0.252457
-122.453864	0.000263	0.259683
-124.578526	0.000300	0.279283
-126.968136	0.000441	0.305572
-128.281308	0.000031	0.312147
-129.382585	0.000422	0.331933
-132.015712	0.000269	0.350403
-133.519384	0.000519	0.381636
-136.332860	0.000319	0.419571
-138.666221	0.000631	0.450548
-141.370766	0.000447	0.477078
-143.857699	0.000453	0.502852
-146.560601	0.000503	0.516380
-149.266926	0.000631	0.530060
-151.607326	0.000619	0.526151
-153.660808	0.000753	0.529568
-155.204879	0.000600	0.508401
-157.309258	0.000675	0.499018
-159.188219	0.000581	0.487437
-161.666759	0.000509	0.465539
-163.980471	0.000525	0.422059
-166.372290	0.000341	0.382878
-168.824434	0.000394	0.368494
-171.585898	0.000550	0.347837
-174.033512	0.000284	0.323737
-176.313724	0.000141	0.290526
-178.045662	0.000138	0.279631
-179.353172	0.000384	0.284987
-180.737042	0.000144	0.272351
-183.336206	0.000400	0.274525
-185.492141	0.000269	0.275873
-188.238921	-0.000003	0.311606
-190.858384	0.000313	0.320262
-193.104417	0.000300	0.333487
-196.351850	0.000603	0.374151
-198.375170	0.000522	0.412994
-201.521286	0.000581	0.440313
-203.198134	0.000472	0.451974
-205.297291	0.000769	0.471634
-206.134780	0.000541	0.480418
-208.789032	0.000525	0.494690
-210.610051	0.000522	0.503185
-213.223644	0.000625	0.503034
-215.781911	0.000669	0.514130
-217.992446	0.000547	0.499138
-221.427520	0.000341	0.481128
-222.691191	0.000453	0.449222
-225.987607	0.000172	0.440341
-226.743717	0.000369	0.412150
-229.080893	0.000656	0.402749
-229.936792	0.000400	0.379637
-232.912343	0.000516	0.378103
-234.898058	0.000272	0.356224
-237.069989	0.000384	0.337993
-239.503058	0.000338	0.306680
-241.694070	0.000338	0.305729
-245.026936	0.000178	0.306016
-247.709753	0.000288	0.299877
-250.448041	0.000275	0.320750
-252.717896	0.000113	0.317790
-253.997407	0.000288	0.331705
-255.244589	0.000356	0.345249
-257.497715	0.000447	0.355925
-259.705366	0.000306	0.381371
-262.379764	0.000713	0.408542
-264.526595	0.000594	0.430552
-267.828139	0.000488	0.433947
-269.260665	0.000578	0.468224
-272.472321	0.000456	0.482484
-273.946216	0.000606	0.486179
-276.895848	0.000459	0.480050
-278.263109	0.000613	0.484239
-279.822277	0.000381	0.493406
-281.793689	0.000581	0.477715
-283.526104	0.000634	0.455357
-286.521505	0.000322	0.445239
-288.233629	0.000700	0.433094
-292.068341	0.000466	0.405960
-293.973304	0.000347	0.388503
-297.611304	0.000341	0.364300
-299.515493	0.000325	0.343189
-302.292090	0.000484	0.332528
-303.458799	0.000472	0.312476
-305.156290	0.000338	0.323887
-307.107461	0.000628	0.318399
-309.909669	0.000450	0.309486
-311.918369	0.000313	0.324238
-314.351757	0.000375	0.329060
-316.653637	0.000056	0.339115
-318.850945	0.000341	0.358442
-322.041976	0.000281	0.382897
-324.303778	0.000306	0.407097
-326.710513	0.000628	0.412939
-327.849851	0.000641	0.424750
-329.591566	0.000366	0.434320
-330.408476	0.000353	0.453310
-333.652445	0.000722	0.471295
-335.090394	0.000656	0.471720
-338.548030	0.000450	0.476871
-340.502229	0.000366	0.462526
-343.482383	0.000656	0.474581
-345.919996	0.000741	0.438175
-348.739616	0.000669	0.428337
-350.726654	0.000594	0.417947
-353.134185	0.000297	0.386374
-354.705292	0.000363	0.404398
-356.296645	0.000347	0.372655
-358.536694	0.000394	0.365288
-360.504557	0.000359	0.353880
-363.073704	0.000341	0.346464
-365.319715	0.000384	0.344801
-368.218504	0.000288	0.336738
-370.875784	0.000375	0.340781
-373.552662	0.000253	0.346078
-375.325211	0.000191	0.350300
-377.324111	0.000153	0.355342
-378.454116	0.000334	0.367025
-379.816963	0.000550	0.375757
-382.212894	0.000394	0.388753
-384.866433	0.000403	0.394553
-387.454936	0.000509	0.403683
-389.778196	0.000497	0.420569
-392.205674	0.000281	0.434544
-395.637015	0.000500	0.441905
-397.827368	0.000491	0.449702
-400.902171	0.000575	0.436145
-402.717730	0.000681	0.433611
-404.466228	0.000531	0.439238
-405.873821	0.000450	0.421284
-407.994526	0.000459	0.435849
-410.681576	0.000513	0.404848
-412.619191	0.000363	0.413217
-415.447190	0.000397	0.402699
-417.674635	0.000653	0.382000
-420.430906	0.000744	0.369240
-422.982957	0.000241	0.363785
-424.904578	0.000306	0.367116
-427.145230	0.000519	0.363018
-428.607160	0.000203	0.371012
-429.868480	0.000525	0.357462
-431.746241	0.000281	0.365164
-434.040260	0.000488	0.364501
-436.744128	0.000259	0.356312
-438.421772	0.000150	0.373013
-442.215237	0.000181	0.389778
-443.504897	0.000575	0.389946
-447.229279	0.000625	0.406447
-448.972087	0.000525	0.397046
-452.199481	0.000403	0.403903
-453.404107	0.000491	0.419223
-455.320682	0.000484	0.431083
-456.771539	0.000453	0.422194
-459.203907	0.000397	0.417524
-461.621903	0.000128	0.426329
-463.850938	0.000597	0.439381
-467.047053	0.000369	0.425277
-469.039731	0.000463	0.413700
-472.113539	0.000431	0.411064
-473.937191	0.000463	0.409076
-476.452051	0.000547	0.395184
-477.437019	0.000309	0.382661
-479.340996	0.000650	0.381155
-480.567780	0.000400	0.388342
-483.334342	0.000178	0.384658
-485.720773	0.000416	0.371738
-488.086888	0.000481	0.373089
-491.113316	0.000422	0.373321
-493.242150	0.000528	0.371127
-495.999347	0.000584	0.368420
-498.950493	0.000384	0.378731
-501.229592	0.000428	0.386272
-503.587362	0.000397	0.395486
-505.217184	0.000456	0.403849
-506.730781	0.000372	0.389383
-509.121387	0.000406	0.397452
-511.272170	0.000306	0.404500
-513.973074	0.000141	0.416226
-516.251427	0.000494	0.411308
-519.203903	0.000359	0.404301
-521.203039	0.000619	0.418711
-524.256592	0.000428	0.400476
-525.824820	0.000569	0.396591
-527.587624	0.000597	0.415850
-529.087987	0.000659	0.418061
-530.592281	0.000338	0.413916
-532.959000	0.000216	0.398307
-535.365425	0.000294	0.404828
-537.747476	0.000513	0.392963
-539.890422	0.000456	0.387195
-542.481146	0.000178	0.380790
-545.431743	0.000422	0.384561
-548.114460	0.000466	0.380374
-550.617177	0.000447	0.379344
-552.570711	0.000441	0.382082
-554.661659	0.000344	0.382147
-555.882210	0.000406	0.388241
-558.504321	0.000338	0.379835
-560.801839	0.000409	0.390456
-563.230859	0.000253	0.395688
-565.339089	0.000566	0.391075
-568.115210	0.000634	0.394507
-570.722270	0.000638	0.389964
-572.847092	0.000322	0.399995
-575.344233	0.000159	0.406387
-576.376649	0.000563	0.407554
-578.627025	0.000606	0.402995
-579.472364	0.000572	0.399776
-582.014130	0.000397	0.397305
-584.202239	0.000659	0.397667
-586.978685	0.000338	0.403334
-588.884368	0.000466	0.410753
-591.982471	0.000444	0.396357
-594.628138	0.000516	0.400577
-597.460770	0.000444	0.406070
-600.139938	0.000238	0.397956
-602.350739	0.000628	0.387813
-604.128361	0.000538	0.391595
-605.611031	0.000456	0.394451
-607.915608	0.000566	0.382541
-610.076951	0.000469	0.378990
-612.693928	0.000566	0.379707
-614.841288	0.000369	0.387143
-618.194105	0.000613	0.391435
-620.270510	0.000334	0.384163
-623.261560	0.000628	0.388810
-624.915771	0.000563	0.385220
-626.879866	0.000506	0.397535
-628.378315	0.000559	0.388293
-630.165804	0.000338	0.388132
-631.754346	0.000425	0.395982
-634.145959	0.000728	0.402345
-636.492294	0.000513	0.410824
-638.453644	0.000634	0.396885
-641.918368	0.000344	0.405035
-643.513255	0.000319	0.396753
-646.862849	0.000331	0.393086
-649.274394	0.000328	0.406925
-652.177293	0.000528	0.398434
-653.917662	0.000447	0.410079
-655.383576	0.000434	0.390365
-657.121422	0.000372	0.394094
-659.080709	0.000609	0.396523
-662.015112	0.000641	0.396303
-664.209146	0.000503	0.398866
-667.506864	0.000372	0.391677
-669.258884	0.000425	0.390156
-672.091269	0.000566	0.382341
-674.026243	0.000453	0.384898
-676.114746	0.000469	0.382925
-677.587092	0.000541	0.383428
-679.426801	0.000347	0.389626
-681.039932	0.000288	0.394343
-683.343962	0.000656	0.399384
-685.353812	0.000284	0.392151
-687.860673	0.000450	0.384708
-690.162664	0.000581	0.405849
-693.452297	0.000563	0.398623
-696.281873	0.000481	0.400433
-699.233369	0.000525	0.404774
-701.320416	0.000353	0.399056
-703.086286	0.000591	0.399853
-705.175891	0.000353	0.392065
-706.625822	0.000322	0.389630
-709.566238	0.000516	0.408060
-711.680734	0.000531	0.412081
-714.548988	0.000503	0.395714
-715.858743	0.000516	0.387114
-719.475855	0.000488	0.393677
-721.435556	0.000334	0.400396
-724.773062	0.000569	0.397000
-726.339581	0.000397	0.390921
-728.197135	0.000419	0.390519
-729.897542	0.000469	0.395243
-730.629370	0.000491	0.389505
-733.000986	0.000594	0.384871
-735.252080	0.000347	0.381566
-737.964425	0.000334	0.395010
-740.249707	0.000388	0.383123
-742.964026	0.000772	0.386593
-745.626712	0.000434	0.389405
-747.877005	0.000347	0.385120
-750.762163	0.000563	0.398044
-752.894234	0.000413	0.392191
-755.271578	0.000269	0.403926
-756.735466	0.000513	0.404549
-758.521472	0.000444	0.404995
-761.133032	0.000338	0.395671
-762.956201	0.000563	0.394360
-765.670071	0.000872	0.405246
-768.593704	0.000381	0.406416
-770.795178	0.000378	0.403030
-773.590628	0.000553	0.401837
-775.318802	0.000388	0.416693
-777.252192	0.000591	0.404969
-778.291490	0.000269	0.392700
-780.346424	0.000306	0.389199
-782.060103	0.000366	0.399388
-784.528716	0.000631	0.407510
-787.068311	0.000656	0.406036
-788.998983	0.000347	0.388902
-792.093661	0.000719	0.386965
-794.399454	0.000269	0.386850
-797.887981	0.000600	0.397769
-800.317716	0.000569	0.387282
-802.830217	0.000403	0.389176
-804.514955	0.000384	0.384611
-806.066192	0.000353	0.390134
-807.962905	0.000263	0.387722
-810.415858	0.000384	0.386414
-813.308156	0.000338	0.396649
-815.275809	0.000484	0.393372
-818.447747	0.000513	0.396877
-820.250789	0.000378	0.403229
-822.945812	0.000703	0.407043
-825.134344	0.000447	0.415913
-827.289399	0.000216	0.401727
-829.231887	0.000559	0.405284
-830.359174	0.000647	0.408141
-832.171254	0.000325	0.417514
-833.699996	0.000600	0.411155
-836.381153	0.000547	0.396441
-839.132252	0.000400	0.394511
-841.422778	0.000497	0.393567
-844.683689	0.000413	0.402615
-846.486029	0.000378	0.405011
-850.107827	0.000384	0.391212
-851.425705	0.000203	0.396472
-854.331729	0.000344	0.378688
-855.926719	0.000388	0.391974
-857.860114	0.000419	0.388084
-859.925058	0.000547	0.388570
-862.315248	0.000469	0.395361
-864.618576	0.000369	0.379754
-866.482316	0.000631	0.385273
-869.619031	0.000388	0.384784
-871.902815	0.000359	0.393350
-874.980496	0.000581	0.407332
-876.434858	0.000356	0.395776
-878.220922	0.000506	0.403358
-879.050078	0.000328	0.397728
-880.915164	0.000369	0.399787
-882.657098	0.000413	0.403354
-885.774733	0.000275	0.399202
-888.053161	0.000413	0.409165
-890.827206	0.000581	0.415994
-893.009975	0.000534	0.414498
-896.031209	0.000619	0.405647
-898.433715	0.000584	0.408676
-901.434233	0.000484	0.400617
-903.602779	0.000719	0.394010
-905.535608	0.000481	0.391903
-906.769127	0.000519	0.396282
-908.822999	0.000488	0.400624
-911.920131	0.000313	0.395076
-913.741798	0.000388	0.385831
-916.823974	0.000406	0.396698
-919.055502	0.000556	0.403364
-921.986216	0.000431	0.397302
-923.987105	0.000156	0.386045
-926.555242	0.000431	0.395368
-928.386091	0.000569	0.388746
-929.593477	0.000606	0.385069
-931.590433	0.000263	0.383526
-932.827670	0.000419	0.392792
-935.686990	0.000431	0.399861
-937.740947	0.000553	0.385052
-940.462855	0.000519	0.398787
-943.253360	0.000350	0.402268
-945.832927	0.000572	0.401501
-948.954836	0.000556	0.400110
-950.966460	0.000463	0.396744
-953.818640	0.000619	0.414995
-955.045948	0.000384	0.411397
-957.086097	0.000500	0.409039
-958.909942	0.000547	0.393235
-961.422951	0.000509	0.405406
-963.684527	0.000319	0.409999
-965.681544	0.000391	0.407672
-968.483880	0.000359	0.403575
-970.560323	0.000494	0.399283
-973.209164	0.000441	0.390468
-975.778725	0.000416	0.392099
-977.224853	0.000303	0.391282
-978.993310	0.000519	0.405691
-980.010246	0.000503	0.395948
-982.151944	0.000456	0.397425
-984.416949	0.000578	0.396407
-986.772138	0.000356	0.386623
-989.188121	0.000291	0.388880
-991.816552	0.000372	0.383562
-994.823668	0.000241	0.396448
-997.264570	0.000397	0.386477
-1000.360216	0.000553	0.388031
-1002.134620	0.000641	0.388074
