1001.567782	0.000384	0.393143
1000.872330	0.000384	0.404243
1001.596612	0.000472	0.397408
1000.887812	0.000700	0.393285
1000.554488	0.000413	0.387053
998.121764	0.000303	0.394114
995.379401	0.000388	0.398526
990.848186	0.000425	0.398599
987.919379	0.000416	0.386243
985.938082	0.000231	0.380764
984.567269	0.000494	0.373370
984.214641	0.000322	0.372254
982.315017	0.000669	0.381461
980.459856	0.000444	0.385045
976.290113	0.000484	0.371189
973.164532	0.000581	0.377772
969.618835	0.000259	0.385120
968.094906	0.000494	0.378294
966.364788	0.000484	0.377509
965.935806	0.000472	0.390962
964.502943	0.000547	0.400317
961.966340	0.000556	0.388359
959.525505	0.000472	0.384863
956.405099	0.000334	0.386696
954.527014	0.000438	0.401630
952.082619	0.000453	0.402500
950.167926	0.000328	0.399028
947.041009	0.000397	0.404670
944.334794	0.000403	0.407048
941.442060	0.000347	0.413262
939.755883	0.000231	0.399810
937.894310	0.000566	0.395960
936.500370	0.000644	0.403307
934.717911	0.000591	0.397342
934.399113	0.000400	0.406009
932.958080	0.000463	0.402736
931.772428	0.000434	0.398415
928.819062	0.000428	0.398415
924.983166	0.000572	0.388033
921.881353	0.000334	0.374120
919.208435	0.000422	0.369119
918.453982	0.000350	0.380075
917.321179	0.000528	0.377278
917.366374	0.000497	0.367477
914.938370	0.000334	0.364936
912.898514	0.000384	0.370573
908.930163	0.000269	0.374730
906.574889	0.000450	0.371994
903.371923	0.000459	0.379552
901.697202	0.000484	0.381407
899.809568	0.000428	0.373754
897.385018	0.000466	0.372940
895.623467	0.000447	0.396436
892.733766	0.000609	0.401394
891.566854	0.000513	0.405936
889.155645	0.000291	0.399718
887.471842	0.000341	0.411564
885.045388	0.000547	0.411897
883.147520	0.000563	0.421101
880.739145	0.000609	0.410798
877.569049	0.000478	0.417626
875.263694	0.000456	0.415430
872.605359	0.000547	0.414458
870.745647	0.000397	0.397692
869.663341	0.000469	0.392912
868.433959	0.000259	0.399018
866.240900	0.000625	0.379314
864.093165	0.000341	0.375539
861.307266	0.000500	0.378170
858.834312	0.000344	0.360544
855.927807	0.000478	0.360354
853.799121	0.000519	0.351809
850.624972	0.000381	0.360074
848.749136	0.000447	0.369061
845.638864	0.000478	0.367727
844.379542	0.000300	0.374604
842.295465	0.000503	0.381437
840.296946	0.000416	0.378436
838.790248	0.000497	0.387970
835.985191	0.000378	0.404369
834.522218	0.000422	0.402421
831.189295	0.000459	0.409253
829.282683	0.000525	0.422461
825.985828	0.000472	0.429146
824.229937	0.000356	0.410806
821.745195	0.000638	0.414727
820.905607	0.000609	0.411194
819.799791	0.000544	0.427533
817.831358	0.000281	0.415917
815.632155	0.000641	0.406427
813.112884	0.000297	0.403612
810.462880	0.000481	0.401373
808.291695	0.000259	0.388203
805.770146	0.000488	0.379902
803.236981	0.000459	0.376883
800.651821	0.000341	0.370192
798.420138	0.000384	0.361388
796.264771	0.000184	0.350738
794.565462	0.000366	0.346951
793.078671	0.000569	0.359172
790.871726	0.000538	0.357642
789.054355	0.000597	0.358037
786.714890	0.000266	0.364215
784.105777	0.000356	0.369645
781.329046	0.000097	0.376768
778.457043	0.000422	0.391475
776.065733	0.000266	0.398097
774.524915	0.000366	0.406290
772.814618	0.000422	0.416902
771.165026	0.000225	0.409767
769.792202	0.000194	0.400321
767.113171	0.000591	0.413319
765.125988	0.000634	0.426663
762.701016	0.000509	0.432808
761.011865	0.000494	0.421386
757.950358	0.000459	0.423774
755.190834	0.000172	0.418920
752.155964	0.000369	0.404719
749.518263	0.000478	0.396819
747.473830	0.000322	0.384901
745.829548	0.000466	0.391722
744.552932	0.000369	0.380671
742.532006	0.000416	0.370281
739.540933	0.000400	0.361393
737.566909	0.000228	0.355949
734.814144	0.000694	0.348439
732.945720	0.000356	0.347793
730.107856	0.000284	0.348521
727.914181	0.000431	0.348245
725.317352	0.000203	0.361725
723.636767	0.000184	0.355918
722.221313	0.000472	0.358705
720.998162	0.000578	0.364324
719.427914	0.000266	0.388648
717.123901	0.000547	0.378601
714.162137	0.000484	0.396527
712.627680	0.000369	0.410715
709.127855	0.000466	0.414010
707.303865	0.000284	0.420033
704.199054	0.000594	0.429228
701.804056	0.000491	0.437028
699.315616	0.000534	0.438190
697.683494	0.000719	0.439154
696.184910	0.000356	0.422183
694.160343	0.000403	0.421364
692.399554	0.000516	0.415528
689.321973	0.000547	0.413056
687.548351	0.000403	0.405696
683.965851	0.000438	0.380903
682.110616	0.000309	0.369972
679.217169	0.000388	0.349232
677.093837	0.000469	0.343762
675.215551	0.000588	0.337772
674.008472	0.000213	0.339310
672.217800	0.000278	0.344694
670.187195	0.000300	0.331132
668.379092	0.000353	0.327572
665.345335	0.000288	0.330447
663.803710	0.000288	0.341299
660.929297	0.000303	0.360639
658.728492	0.000466	0.367657
655.364931	0.000478	0.393554
652.500886	0.000541	0.403198
649.924422	0.000597	0.440153
648.170373	0.000384	0.429261
646.474171	0.000388	0.423283
644.813809	0.000319	0.444825
642.771154	0.000459	0.455033
640.096819	0.000650	0.469011
637.607090	0.000669	0.455432
635.548023	0.000450	0.443341
632.474692	0.000603	0.435697
630.472437	0.000344	0.420702
627.404895	0.000678	0.411770
626.073688	0.000366	0.395600
624.237528	0.000375	0.396743
623.016191	0.000381	0.378548
621.547384	0.000372	0.360108
619.378876	0.000531	0.348579
617.119569	0.000416	0.341638
614.181958	0.000578	0.340854
612.152713	0.000244	0.308506
609.569790	0.000656	0.309965
606.884121	0.000194	0.315980
604.457343	0.000638	0.327422
601.714346	0.000353	0.330836
599.906957	0.000341	0.349480
597.868274	0.000666	0.366162
596.516046	0.000353	0.373967
594.340898	0.000372	0.387348
591.725307	0.000353	0.405448
589.727833	0.000434	0.438656
586.989102	0.000469	0.458478
584.867276	0.000541	0.465596
581.565261	0.000525	0.477231
579.612026	0.000438	0.488031
577.008813	0.000719	0.493862
575.536285	0.000331	0.472229
574.530178	0.000425	0.463514
572.701476	0.000497	0.461808
570.801957	0.000459	0.451809
568.145669	0.000619	0.429247
566.020535	0.000669	0.407060
563.293530	0.000356	0.379120
561.042733	0.000431	0.347785
557.838172	0.000216	0.322065
555.306718	0.000516	0.300376
552.598827	0.000397	0.300816
550.301575	0.000188	0.299693
548.688923	0.000397	0.292930
547.011549	0.000175	0.282276
544.838554	0.000359	0.297528
542.391309	0.000259	0.314247
540.233775	0.000403	0.331569
537.833671	0.000341	0.351971
535.470816	0.000319	0.374320
532.764602	0.000566	0.410265
530.438544	0.000475	0.441943
527.819832	0.000478	0.463082
525.942656	0.000828	0.470026
524.775787	0.000616	0.479236
523.243924	0.000666	0.498719
521.787151	0.000597	0.487826
519.180746	0.000500	0.484521
517.171749	0.000509	0.486427
514.717013	0.000641	0.485206
511.779161	0.000541	0.460923
509.259361	0.000688	0.443508
506.427335	0.000247	0.418040
504.084049	0.000641	0.396293
501.535778	0.000500	0.377275
499.795609	0.000366	0.339771
498.099956	0.000084	0.332829
495.739110	0.000572	0.316710
493.674620	0.000409	0.316813
491.580178	0.000363	0.297944
488.829698	0.000363	0.289921
486.744747	0.000134	0.289597
483.853835	0.000297	0.286251
481.517305	0.000709	0.306554
478.781111	0.000478	0.316843
476.976663	0.000422	0.340829
475.059569	0.000350	0.358767
474.118660	0.000528	0.352392
472.218607	0.000553	0.374311
470.277016	0.000541	0.403980
467.818677	0.000394	0.432553
465.301886	0.000519	0.450255
462.816716	0.000409	0.481864
459.754454	0.000597	0.499255
457.833712	0.000469	0.508712
454.400864	0.000581	0.509471
452.897555	0.000656	0.506201
449.929309	0.000575	0.493650
448.752357	0.000594	0.489380
446.372466	0.000681	0.478309
444.640635	0.000484	0.447842
442.293870	0.000450	0.423361
439.769884	0.000431	0.405722
437.662271	0.000459	0.365457
434.690210	0.000309	0.342656
432.370615	0.000225	0.302501
430.049478	0.000147	0.278993
428.166228	0.000378	0.264684
426.120222	0.000250	0.252162
425.125794	0.000181	0.245592
423.667300	0.000256	0.251990
421.831265	0.000413	0.248974
419.012659	0.000344	0.263745
416.978698	0.000203	0.270025
414.204362	0.000231	0.289084
411.964080	0.000269	0.323815
409.193060	0.000456	0.359262
406.449412	0.000491	0.419956
404.085711	0.000463	0.456075
401.616988	0.000463	0.499612
400.023330	0.000453	0.513378
398.350589	0.000231	0.521964
396.566452	0.000681	0.554627
393.558565	0.000806	0.575983
391.824464	0.000731	0.576840
389.029419	0.000669	0.555341
387.044247	0.000756	0.531367
384.001492	0.000619	0.507801
381.805492	0.000597	0.479099
379.527366	0.000675	0.425286
377.416962	0.000447	0.377762
376.650682	0.000472	0.364000
374.736101	0.000538	0.335017
373.617493	0.000534	0.307335
370.483646	0.000431	0.265823
368.556625	-0.000022	0.230213
365.563524	0.000172	0.199043
363.262019	0.000175	0.186933
360.521872	0.000331	0.184942
357.781520	0.000175	0.208918
355.270381	0.000150	0.249719
352.515488	0.000228	0.275363
350.902279	0.000322	0.321538
348.892537	0.000325	0.352717
347.348203	0.000169	0.392038
344.395038	0.000509	0.443415
342.766297	0.000466	0.495409
340.106406	0.000869	0.526194
337.334843	0.000606	0.562289
334.666410	0.000478	0.600229
332.035738	0.000591	0.624111
329.680874	0.000569	0.601538
328.337866	0.000613	0.588058
326.680095	0.000878	0.584384
325.414642	0.000622	0.549026
323.264279	0.000600	0.529616
321.333850	0.000353	0.473722
318.493367	0.000422	0.434143
316.407191	0.000131	0.377764
313.942133	0.000300	0.309416
311.160873	0.000334	0.257209
309.045666	0.000456	0.217639
305.369740	0.000272	0.186827
303.985079	0.000194	0.164198
300.648728	0.000066	0.171104
300.282053	0.000169	0.166108
297.924646	0.000253	0.184790
296.538288	0.000094	0.203912
293.552604	-0.000013	0.231979
291.221461	0.000234	0.274305
288.634275	0.000519	0.330564
286.054196	0.000413	0.386530
284.333335	0.000672	0.452526
280.978914	0.000553	0.496957
279.938482	0.000553	0.534015
277.406923	0.000678	0.557632
276.559910	0.000472	0.571495
274.457527	0.000572	0.584769
273.003337	0.000791	0.605728
270.351273	0.000734	0.613163
268.119952	0.000584	0.597154
265.646950	0.000634	0.583479
262.944974	0.000816	0.536002
259.765808	0.000738	0.498295
257.583003	0.000606	0.419760
254.604785	0.000434	0.355646
253.046140	0.000584	0.315104
250.545009	0.000350	0.271688
249.045850	0.000281	0.241699
246.859842	0.000269	0.213274
244.321495	0.000072	0.193799
242.540815	0.000203	0.179464
239.753974	0.000225	0.171094
237.540348	0.000184	0.177676
234.099810	0.000300	0.206767
232.358753	0.000369	0.243892
229.401461	0.000138	0.276440
228.396091	0.000266	0.313770
226.329875	0.000403	0.341650
225.441314	0.000416	0.387707
222.847690	0.000475	0.421683
220.931440	0.000416	0.458615
217.978271	0.000641	0.516258
215.948633	0.000509	0.564324
213.255106	0.000738	0.580975
210.208080	0.000438	0.597419
207.428731	0.000569	0.596471
204.809807	0.000706	0.588027
202.784530	0.000647	0.563432
201.348188	0.000456	0.534110
199.561715	0.000497	0.509043
197.617944	0.000616	0.485750
194.898785	0.000675	0.444769
192.646393	0.000447	0.374575
190.487817	0.000459	0.324254
187.391645	0.000178	0.281267
185.479048	0.000178	0.242338
182.865116	0.000231	0.207182
180.662573	0.000288	0.189857
178.709775	0.000263	0.182349
177.424389	0.000078	0.180999
175.633200	0.000122	0.170299
173.749944	0.000194	0.192535
171.918134	0.000150	0.212597
169.355407	0.000275	0.248630
167.000183	0.000141	0.285617
163.861468	0.000200	0.336339
161.108923	0.000472	0.405161
158.480452	0.000606	0.456464
155.632727	0.000566	0.498837
153.757864	0.000500	0.547342
151.857779	0.000416	0.565570
150.268204	0.000766	0.571633
147.900819	0.000656	0.584660
146.033262	0.000697	0.590144
142.773857	0.000672	0.589339
141.394202	0.000484	0.566321
138.240856	0.000509	0.529797
136.159592	0.000519	0.497003
133.663880	0.000397	0.461485
131.022650	0.000525	0.405543
129.175817	0.000269	0.357124
127.182557	0.000184	0.337958
126.558146	0.000494	0.296454
123.976863	0.000297	0.268841
122.772510	0.000141	0.243406
119.647737	0.000209	0.208442
117.414834	0.000419	0.184073
114.241097	0.000269	0.178638
111.759696	0.000188	0.192189
109.134278	0.000247	0.225733
106.342419	0.000150	0.264225
104.321512	0.000216	0.296057
102.046317	0.000281	0.338706
100.711747	0.000363	0.346359
98.406099	0.000241	0.386276
96.920507	0.000341	0.452667
94.309391	0.000688	0.485836
91.937278	0.000716	0.519280
89.784304	0.000534	0.550439
87.300120	0.000713	0.577050
84.636358	0.000469	0.589645
82.159942	0.000681	0.589111
80.061110	0.000669	0.567479
78.650457	0.000591	0.548209
77.027206	0.000684	0.553754
75.654548	0.000663	0.515001
72.812147	0.000438	0.484093
70.895641	0.000472	0.444409
67.672741	0.000288	0.392529
66.327169	0.000416	0.350845
62.995986	0.000394	0.302883
60.473714	0.000450	0.257643
57.376087	0.000413	0.214887
54.599299	0.000228	0.204301
52.553727	0.000294	0.203509
50.686785	0.000234	0.205173
49.226915	0.000250	0.211865
47.249825	0.000097	0.237989
45.115842	0.000113	0.260382
42.331140	0.000122	0.303731
40.026804	0.000409	0.343649
36.918928	0.000441	0.372659
34.624602	0.000484	0.450866
32.035037	0.000656	0.469628
30.295112	0.000703	0.499760
28.426930	0.000600	0.522031
27.219020	0.000716	0.540654
25.114527	0.000547	0.544386
23.176097	0.000700	0.547930
20.446423	0.000503	0.565007
18.556438	0.000553	0.554950
15.887986	0.000547	0.528095
13.420925	0.000734	0.491727
10.169102	0.000619	0.448664
7.541698	0.000469	0.436094
4.838771	0.000347	0.372664
3.072822	0.000378	0.351002
1.617300	0.000628	0.323304
-0.330145	0.000294	0.309946
-1.924593	0.000366	0.287951
-4.396623	0.000272	0.266911
-6.255665	0.000238	0.247660
-9.007996	0.000344	0.243615
-11.305298	0.000284	0.243883
-14.306918	0.000244	0.256748
-16.442267	0.000156	0.269015
-18.559923	0.000447	0.290740
-20.830258	0.000478	0.315692
-21.662658	0.000228	0.322373
-23.502988	0.000331	0.351185
-25.192589	0.000450	0.388636
-27.833235	0.000472	0.412475
-30.079006	0.000338	0.438269
-32.722700	0.000431	0.457415
-35.589585	0.000422	0.500911
-37.582698	0.000650	0.521013
-40.826055	0.000406	0.526627
-42.992741	0.000575	0.508541
-45.808432	0.000388	0.527223
-47.627698	0.000706	0.498696
-49.229489	0.000216	0.493862
-51.367722	0.000509	0.477140
-52.882347	0.000522	0.444904
-55.443799	0.000775	0.430245
-57.737816	0.000397	0.379702
-60.601516	0.000359	0.342848
-63.421609	0.000434	0.317959
-65.566147	0.000094	0.299444
-68.299100	0.000297	0.285683
-69.919419	0.000359	0.264008
-71.684284	0.000241	0.267279
-73.204655	0.000463	0.258411
-74.926613	0.000113	0.264338
-77.388286	0.000228	0.268358
-79.609191	0.000178	0.289361
-82.871267	0.000169	0.309793
-84.608122	0.000347	0.335079
-87.812816	0.000509	0.380655
-90.126629	0.000497	0.402287
-93.261826	0.000444	0.443305
-95.568381	0.000756	0.469165
-97.807179	0.000475	0.475742
-99.426581	0.000556	0.489807
-100.666674	0.000488	0.495386
-103.135661	0.000634	0.505918
-104.680582	0.000497	0.497733
-108.009628	0.000572	0.480171
-109.539278	0.000725	0.480863
-112.936215	0.000613	0.466809
-115.116863	0.000588	0.451285
-117.746415	0.000534	0.401760
-119.947260	0.000172	0.394440
-121.352875	0.000409	0.382085
-123.053204	0.000219	0.358456
-124.169881	0.000169	0.337074
-126.894691	0.000169	0.334972
-128.971664	0.000209	0.309890
-131.675350	0.000341	0.298911
-133.711390	0.000275	0.286401
-136.338299	0.000563	0.286867
-139.236467	0.000472	0.291976
-141.806768	0.000450	0.315580
-144.639954	0.000406	0.326966
-147.007117	0.000309	0.350953
-148.105611	0.000325	0.371019
-149.843561	0.000431	0.379519
-151.506896	0.000444	0.394510
-154.082388	0.000375	0.416554
-156.348733	0.000581	0.433673
-159.075204	0.000675	0.451103
-161.342858	0.000475	0.480435
-164.113329	0.000641	0.469102
-166.511721	0.000438	0.466600
-168.236240	0.000666	0.457113
-170.885939	0.000481	0.444698
-171.794279	0.000425	0.439134
-173.910046	0.000475	0.447391
-175.461812	0.000553	0.438497
-178.405907	0.000456	0.421297
-180.281076	0.000497	0.383989
-182.815363	0.000663	0.374180
-185.751047	0.000534	0.356951
-188.353817	0.000619	0.352300
-191.636765	0.000225	0.336213
-193.680969	0.000344	0.319954
-196.549300	0.000353	0.317734
-197.381689	0.000275	0.316638
-199.224291	0.000469	0.319477
-200.660779	0.000278	0.324176
-203.532733	0.000544	0.329328
-205.657818	0.000372	0.355111
-208.773009	0.000375	0.357839
-210.625187	0.000328	0.376859
-213.215666	0.000628	0.389102
-215.518546	0.000484	0.415104
-217.955813	0.000650	0.429958
-220.353152	0.000622	0.434268
-222.127460	0.000688	0.447188
-223.494873	0.000403	0.442825
-225.063690	0.000403	0.456794
-227.487889	0.000428	0.449902
-229.202239	0.000600	0.437850
-232.301709	0.000503	0.445384
-234.631482	0.000531	0.441493
-237.856862	0.000700	0.427855
-240.517255	0.000506	0.397686
-243.240273	0.000363	0.388855
-244.904651	0.000538	0.371627
-247.376267	0.000600	0.364367
-248.238207	0.000291	0.358259
-250.791443	0.000416	0.357831
-252.743243	0.000622	0.361183
-255.089983	0.000381	0.340813
-257.673211	0.000331	0.338482
-260.001729	0.000128	0.345914
-262.479037	0.000316	0.356581
-264.872429	0.000378	0.360529
-267.291833	0.000156	0.361254
-269.184387	0.000309	0.384917
-271.488264	0.000647	0.391538
-272.755117	0.000363	0.390924
-274.683496	0.000591	0.398311
-276.283723	0.000678	0.410065
-279.202565	0.000263	0.427132
-281.249490	0.000519	0.430743
-284.180377	0.000572	0.428522
-286.593010	0.000650	0.431379
-289.773666	0.000350	0.423186
-292.474780	0.000463	0.417064
-294.676764	0.000350	0.402081
-297.002881	0.000388	0.410109
-298.093110	0.000484	0.401182
-299.690537	0.000378	0.397778
-302.267454	0.000488	0.381094
-304.671763	0.000544	0.375126
-307.120943	0.000163	0.375743
-309.447348	0.000531	0.370703
-311.340397	0.000275	0.373861
-314.251079	0.000322	0.366979
-316.493622	0.000581	0.369367
-319.607735	0.000231	0.366129
-320.928026	0.000716	0.373590
-322.695095	0.000306	0.381724
-323.650615	0.000459	0.372451
-325.650116	0.000563	0.389971
-328.430295	0.000497	0.387997
-330.085434	0.000575	0.382983
-333.145814	0.000413	0.387023
-335.655254	0.000078	0.396018
-338.417824	0.000603	0.405995
-341.093336	0.000538	0.404526
-343.334349	0.000259	0.402517
-345.675362	0.000459	0.405823
-347.555734	0.000484	0.411014
-349.236385	0.000328	0.415989
-351.154514	0.000666	0.407238
-353.577171	0.000325	0.400200
-355.304537	0.000341	0.398164
-357.741334	0.000522	0.402979
-360.527787	0.000550	0.404255
-363.049548	0.000381	0.384372
-366.043210	0.000356	0.387519
-368.158911	0.000497	0.390547
-370.123680	0.000325	0.381579
-371.505461	0.000484	0.386562
-372.956863	0.000475	0.376679
-375.017583	0.000397	0.375222
-377.063867	0.000444	0.381781
-379.796745	0.000347	0.376216
-382.088477	0.000438	0.376137
-385.052950	0.000394	0.384219
-387.670719	0.000409	0.392467
-390.081376	0.000356	0.383312
-393.307273	0.000334	0.381680
-394.834292	0.000244	0.387975
-397.803568	0.000459	0.396212
-398.624554	0.000431	0.397829
-401.168398	0.000447	0.393224
-402.816042	0.000484	0.403524
-405.519718	0.000291	0.393202
-407.660854	0.000241	0.394298
-410.231754	0.000259	0.401633
-412.667722	0.000428	0.406696
-415.393061	0.000284	0.403321
-417.854711	0.000491	0.400587
-419.562234	0.000303	0.402031
-421.524688	0.000259	0.388691
-422.616718	0.000406	0.401261
-424.559583	0.000400	0.392442
-426.008579	0.000359	0.383331
-429.156049	0.000494	0.384696
-431.070329	0.000566	0.387707
-434.004891	0.000306	0.382651
-436.369324	0.000225	0.382022
-439.296596	0.000297	0.373279
-441.939383	0.000231	0.384229
-443.982388	0.000369	0.390313
-446.258709	0.000559	0.379652
-447.957424	0.000594	0.390174
-449.565284	0.000300	0.396003
-451.738194	0.000525	0.401046
-454.521990	0.000603	0.394049
-456.617193	0.000447	0.395354
-459.301741	0.000475	0.398889
-461.568098	0.000331	0.409289
-464.476512	0.000556	0.394639
-466.538585	0.000409	0.391975
-469.071211	0.000550	0.396307
-470.433782	0.000378	0.403527
-472.687813	0.000341	0.400282
-473.797420	0.000278	0.396936
-475.682541	0.000394	0.397988
-478.146497	0.000559	0.395712
-480.215347	0.000250	0.382633
-483.112354	0.000525	0.386654
-485.842930	0.000175	0.388039
-489.198147	0.000456	0.388598
-491.419455	0.000375	0.377997
-494.096920	0.000453	0.392143
-496.326566	0.000463	0.387235
-497.936090	0.000456	0.386346
-499.796414	0.000547	0.387784
-501.306896	0.000434	0.374551
-504.717909	0.000216	0.393613
-506.135480	0.000284	0.385780
-509.559286	0.000391	0.394397
-511.289027	0.000441	0.380306
-514.255046	0.000459	0.396862
-516.666902	0.000297	0.395062
-519.155384	0.000781	0.390678
-521.155167	0.000447	0.384804
-522.481420	0.000625	0.400515
-523.788642	0.000413	0.399320
-525.251676	0.000675	0.390719
-527.947495	0.000359	0.388632
-530.432267	0.000384	0.386380
-532.613802	0.000338	0.400168
-535.620144	0.000347	0.405554
-537.758775	0.000363	0.403305
-540.605247	0.000375	0.390216
-543.385291	0.000472	0.391237
-545.383040	0.000538	0.392966
-547.663314	0.000281	0.391226
-548.850601	0.000509	0.390871
-551.445573	0.000431	0.391897
-552.846285	0.000284	0.391598
-555.826749	0.000378	0.379607
-557.543120	0.000513	0.374111
-560.880753	0.000459	0.381872
-563.130205	0.000375	0.377074
-565.953028	0.000516	0.385278
-568.570976	0.000403	0.375454
-569.600875	0.000325	0.385845
-571.997830	0.000634	0.383765
-572.379977	0.000441	0.380804
-575.082746	0.000453	0.380631
-576.465682	0.000341	0.380018
-579.966278	0.000306	0.397879
-581.865541	0.000606	0.396831
-585.087302	0.000409	0.406674
-587.253759	0.000372	0.395177
-590.084647	0.000569	0.402216
-592.909182	0.000434	0.398706
-595.233896	0.000244	0.395504
-597.739040	0.000250	0.396500
-599.023161	0.000297	0.391219
-601.005077	0.000353	0.398996
-602.579056	0.000400	0.393946
-605.453579	0.000291	0.386405
-607.798875	0.000450	0.391898
-610.732131	0.000569	0.389019
-613.196260	0.000431	0.399932
-616.189471	0.000497	0.385702
-617.999444	0.000244	0.372546
-620.290094	0.000491	0.375371
-621.488118	0.000456	0.391362
-623.698981	0.000391	0.385329
-624.704066	0.000459	0.371055
-627.078584	0.000097	0.378610
-629.687847	0.000434	0.384626
-631.530189	0.000472	0.375160
-634.375123	0.000309	0.380566
-636.348575	0.000503	0.382829
-639.735889	0.000506	0.400664
-642.057668	0.000397	0.391167
-645.358616	0.000381	0.388615
-646.825104	0.000369	0.392101
-649.077705	0.000394	0.391764
-649.940392	0.000547	0.413048
-652.346256	0.000450	0.399645
-655.009987	0.000444	0.402071
-657.336086	0.000563	0.402488
-659.871001	0.000497	0.407913
-662.220898	0.000391	0.391972
-664.986438	0.000413	0.393562
-667.113410	0.000266	0.394887
-669.681716	0.000416	0.389017
-670.861398	0.000422	0.386594
-673.225505	0.000400	0.392312
-673.883897	0.000788	0.399029
-676.412296	0.000288	0.396605
-678.286974	0.000428	0.390405
-680.977826	0.000331	0.380887
-683.210310	0.000519	0.391340
-686.628907	0.000478	0.385041
-689.002712	0.000381	0.387551
-691.875589	0.000431	0.371452
-693.902810	0.000100	0.375019
-696.365584	0.000475	0.379173
-698.318717	0.000391	0.385537
-700.416022	0.000422	0.386046
-702.329171	0.000600	0.380083
-704.880640	0.000191	0.391784
-707.008949	0.000466	0.381931
-709.233838	0.000119	0.406169
-712.506811	0.000350	0.393343
-714.631781	0.000647	0.399216
-718.024682	0.000450	0.404837
-719.487719	0.000534	0.391560
-721.939433	0.000538	0.412431
-722.866983	0.000547	0.405726
-724.675807	0.000422	0.398820
-726.073392	0.000425	0.397596
-729.000433	0.000553	0.406046
-730.840407	0.000609	0.404547
-733.285208	0.000216	0.399553
-735.720198	0.000375	0.391253
-738.347834	0.000344	0.391529
-741.372636	0.000434	0.388560
-744.475995	0.000419	0.381662
-746.811013	0.000559	0.377648
-748.549830	0.000456	0.375569
-749.980943	0.000269	0.376438
-751.874066	0.000375	0.375041
-754.137460	0.000663	0.365739
-756.967917	0.000309	0.368418
-758.974429	0.000503	0.379604
-762.160839	0.000538	0.384781
-763.885050	0.000547	0.390883
-766.627345	0.000488	0.381987
-768.956029	0.000359	0.398375
-770.623451	0.000503	0.392355
-772.887362	0.000447	0.404624
-774.056345	0.000281	0.400149
-775.982533	0.000613	0.401323
-777.452527	0.000378	0.406121
-779.948804	0.000672	0.399457
-782.330352	0.000372	0.413006
-784.924935	0.000306	0.404333
-788.184234	0.000453	0.400667
-790.923735	0.000306	0.398828
-793.623449	0.000328	0.397544
-795.818289	0.000416	0.391269
-797.551095	0.000534	0.386034
-799.983943	0.000409	0.389894
-801.204666	0.000350	0.397603
-804.358419	0.000719	0.387384
-806.251439	0.000275	0.386809
-808.846135	0.000600	0.390623
-810.939046	0.000428	0.394235
-813.648745	0.000309	0.375379
-816.248724	0.000344	0.378496
-819.045397	0.000594	0.383176
-820.847294	0.000369	0.394038
-822.444478	0.000469	0.390418
-823.995699	0.000678	0.383158
-825.252696	0.000444	0.378878
-827.423284	0.000259	0.391324
-830.114667	0.000359	0.383920
-832.381568	0.000447	0.392750
-834.426498	0.000328	0.396467
-837.510661	0.000578	0.404373
-839.817440	0.000191	0.401893
-843.133509	0.000472	0.394261
-845.562128	0.000522	0.398179
-847.958078	0.000428	0.406959
-849.316369	0.000422	0.411104
-851.150874	0.000422	0.400999
-852.609171	0.000291	0.406998
-856.093355	0.000434	0.401178
-857.458143	0.000444	0.401175
-860.846172	0.000431	0.398337
-862.363564	0.000594	0.393503
-865.457573	0.000556	0.397776
-867.338212	0.000506	0.389100
-870.023219	0.000259	0.380261
-871.942726	0.000313	0.385342
-873.251500	0.000381	0.380010
-875.011275	0.000672	0.385517
-876.122973	0.000344	0.387386
-878.890324	0.000403	0.374726
-881.086753	0.000241	0.380900
-883.977614	0.000447	0.384720
-886.634065	0.000322	0.381155
-889.845561	0.000488	0.372266
-891.652766	0.000338	0.383921
-895.035478	0.000372	0.386431
-896.548093	0.000391	0.396540
-899.326341	0.000381	0.399064
-900.666250	0.000463	0.396754
-903.279447	0.000466	0.395620
-905.129975	0.000303	0.395397
-907.573230	0.000497	0.401803
-909.368759	0.000328	0.415091
-912.588758	0.000322	0.410076
-915.069563	0.000634	0.401388
-917.944588	0.000281	0.396387
-920.414931	0.000400	0.388874
-921.777866	0.000475	0.390487
-923.710804	0.000466	0.401124
-924.495181	0.000488	0.394509
-927.198739	0.000306	0.381506
-928.311247	0.000709	0.387248
-931.758169	0.000294	0.385897
-933.375694	0.000388	0.394597
-936.720013	0.000203	0.370430
-938.763068	0.000431	0.385512
-941.775191	0.000444	0.385665
-944.430395	0.000403	0.368326
-946.782937	0.000416	0.388453
-948.918420	0.000419	0.377202
-950.810421	0.000344	0.387213
-952.557304	0.000784	0.381211
-954.257695	0.000569	0.389508
-956.986859	0.000419	0.395325
-958.867729	0.000428	0.397017
-961.735108	0.000494	0.389085
-963.993452	0.000525	0.398468
-966.757720	0.000641	0.396124
-969.273923	0.000272	0.409099
-971.151244	0.000575	0.412557
-972.298940	0.000541	0.397838
-973.958516	0.000353	0.402560
-975.323106	0.000175	0.401847
-977.650018	0.000531	0.395648
-980.207213	0.000331	0.388575
-982.643359	0.000406	0.399890
-985.156919	0.000513	0.383335
-987.382862	0.000353	0.395074
-990.614773	0.000284	0.384223
-992.847077	0.000628	0.376978
-996.064038	0.000550	0.395758
-997.704713	0.000616	0.395369
