-1985.426902	0.000456	0.392406
-1982.166788	0.000319	0.405679
-1979.328458	0.000244	0.411917
-1976.280188	0.000216	0.403719
-1974.406312	0.000216	0.421732
-1971.921540	0.000494	0.417917
-1970.515159	0.000347	0.417338
-1968.660887	0.000459	0.410099
-1967.160697	0.000413	0.408731
-1964.338118	0.000225	0.409307
-1962.969714	0.000488	0.415127
-1959.979010	0.000084	0.411892
-1958.398752	0.000366	0.417010
-1955.681524	0.000153	0.420132
-1954.167439	0.000159	0.410773
-1950.572139	0.000541	0.412623
-1947.759086	0.000266	0.413478
-1944.886819	0.000397	0.408540
-1942.387687	0.000316	0.415161
-1941.239378	0.000541	0.408305
-1939.329986	0.000509	0.399109
-1938.877942	0.000044	0.399205
-1936.622488	0.000413	0.405327
-1934.113319	-0.000097	0.409704
-1931.738846	0.000475	0.418035
-1929.182629	0.000250	0.412269
-1926.632762	0.000422	0.410995
-1924.322922	0.000356	0.415956
-1922.394386	0.000281	0.415520
-1920.264804	0.000338	0.409179
-1918.266979	0.000425	0.416297
-1916.904143	0.000328	0.416755
-1914.688654	0.000391	0.416483
-1912.977889	0.000169	0.413101
-1910.098599	-0.000006	0.404668
-1907.884356	0.000338	0.400161
-1905.195275	0.000328	0.412218
-1902.564691	0.000119	0.410467
-1899.768759	0.000400	0.409136
-1897.142977	0.000353	0.401194
-1894.989587	0.000184	0.401738
-1892.948982	0.000378	0.401651
-1892.315929	0.000100	0.397822
-1890.607085	0.000222	0.423412
-1888.943255	0.000444	0.417714
-1886.652877	0.000184	0.421762
-1884.157111	0.000375	0.416152
-1882.067618	0.000238	0.418150
-1879.237417	0.000206	0.403362
-1877.294834	0.000253	0.415033
-1874.888767	0.000463	0.423514
-1872.886195	0.000494	0.416328
-1870.614969	0.000375	0.405931
-1869.107456	0.000222	0.402143
-1867.781675	0.000328	0.406765
-1865.382488	0.000453	0.403831
-1863.408251	0.000341	0.407642
-1860.756130	0.000175	0.411526
-1858.665536	0.000338	0.411890
-1856.403152	0.000734	0.401280
-1855.422400	0.000328	0.395262
-1853.261405	0.000425	0.399295
-1850.908796	0.000409	0.402928
-1847.868227	0.000256	0.404988
-1845.282775	0.000266	0.418573
-1843.382095	0.000328	0.421404
-1841.846052	0.000294	0.416151
-1840.751671	0.000409	0.417410
-1839.132716	0.000375	0.409907
-1836.970615	0.000475	0.414412
-1834.699445	0.000234	0.411763
-1831.024463	0.000291	0.420987
-1828.647190	0.000122	0.411557
-1825.468205	0.000447	0.419145
-1824.612560	0.000631	0.407655
-1822.818920	0.000559	0.402706
-1821.726615	0.000394	0.416816
-1819.504696	0.000334	0.414853
-1817.283063	0.000228	0.412991
-1814.303731	0.000281	0.401545
-1811.694633	0.000456	0.399414
-1809.425085	0.000269	0.402164
-1806.644553	0.000403	0.409327
-1804.401517	0.000647	0.406612
-1801.422865	0.000563	0.414644
-1799.680206	0.000544	0.419296
-1797.911029	0.000322	0.419075
-1796.299854	0.000400	0.423181
-1794.777656	0.000344	0.408811
-1793.001179	0.000325	0.418160
-1790.890668	0.000250	0.422036
-1788.625479	0.000531	0.422319
-1786.539328	0.000206	0.420239
-1784.402367	0.000372	0.421780
-1780.979461	0.000309	0.416736
-1779.024048	0.000253	0.402919
-1776.281242	0.000150	0.421448
-1775.203181	0.000363	0.416882
-1773.528458	0.000394	0.413381
-1772.683717	0.000453	0.399522
-1769.691375	0.000097	0.401536
-1767.404279	0.000378	0.407652
-1764.475373	0.000197	0.402353
-1761.826836	0.000191	0.402557
-1759.636804	0.000453	0.418312
-1756.138251	0.000325	0.424671
-1754.082957	0.000353	0.424822
-1750.891267	0.000284	0.408170
-1749.435652	0.000272	0.411047
-1747.680521	0.000222	0.416104
-1747.109036	0.000291	0.411740
-1744.764173	0.000219	0.413744
-1742.732837	0.000313	0.411087
-1740.056119	0.000541	0.408095
-1737.830435	0.000356	0.408775
-1734.823311	0.000203	0.414226
-1732.522690	0.000497	0.412228
-1730.088656	0.000522	0.412366
-1728.355835	0.000281	0.430032
-1725.705960	0.000247	0.402690
-1724.689019	0.000231	0.393606
-1722.646620	0.000238	0.400449
-1720.683679	0.000222	0.412380
-1718.213951	0.000300	0.406945
-1715.766893	0.000322	0.412881
-1713.261795	0.000316	0.421027
-1710.337479	0.000297	0.412806
-1707.689689	0.000513	0.406578
-1704.915055	0.000319	0.418900
-1702.862941	0.000422	0.419056
-1700.316820	0.000244	0.418844
-1699.376112	0.000375	0.415207
-1697.979837	0.000375	0.425968
-1696.639141	0.000388	0.419982
-1693.812209	0.000141	0.416423
-1692.191366	0.000059	0.403787
-1688.607322	0.000472	0.415962
-1687.001657	0.000400	0.419180
-1684.502038	0.000422	0.407637
-1682.174195	0.000294	0.397107
-1680.098087	0.000391	0.398401
-1678.264713	0.000403	0.399894
-1676.356800	0.000528	0.414322
-1674.600631	0.000409	0.412247
-1672.835838	0.000206	0.409051
-1670.418323	0.000481	0.412759
-1668.256781	0.000372	0.423070
-1665.933346	0.000484	0.415322
-1662.918559	0.000253	0.420107
-1659.896025	0.000463	0.422263
-1657.089374	0.000359	0.427435
-1653.831947	0.000197	0.418158
-1652.939359	0.000403	0.409067
-1650.408336	0.000219	0.414123
-1649.726645	0.000294	0.405756
-1647.520991	0.000244	0.401759
-1645.653592	0.000388	0.419363
-1642.888657	0.000275	0.400465
-1640.663701	0.000316	0.414267
-1638.252559	0.000384	0.392495
-1635.858899	0.000300	0.399915
-1633.301755	0.000281	0.402123
-1630.734847	0.000403	0.400728
-1628.749168	0.000253	0.415086
-1626.930122	0.000319	0.417147
-1624.894347	0.000256	0.422931
-1623.472192	0.000325	0.416627
-1621.376775	0.000403	0.406954
-1618.802820	0.000497	0.417598
-1616.622739	0.000397	0.411375
-1613.524983	0.000469	0.407741
-1611.470019	0.000381	0.419141
-1607.266446	0.000078	0.410252
-1605.921671	0.000247	0.425111
-1603.278791	0.000344	0.405171
-1602.171678	0.000278	0.398322
-1600.021029	0.000403	0.413518
-1599.352243	0.000488	0.409856
-1596.425513	0.000181	0.406111
-1594.256824	0.000125	0.400138
-1591.521363	0.000331	0.406212
-1590.178956	0.000363	0.410731
-1587.414977	0.000450	0.402364
-1585.000344	0.000353	0.420560
-1582.708448	0.000409	0.414526
-1579.863003	0.000213	0.408385
-1578.625245	0.000338	0.412623
-1576.990840	-0.000038	0.403379
-1575.942090	0.000534	0.407410
-1573.754346	0.000441	0.421269
-1571.229849	0.000306	0.415528
-1568.320293	0.000353	0.416016
-1566.082595	0.000375	0.420508
-1562.824103	0.000616	0.415109
-1560.534727	0.000506	0.402988
-1557.693646	0.000278	0.399109
-1555.323958	0.000319	0.408864
-1552.679013	0.000475	0.416582
-1551.778266	0.000247	0.410100
-1549.751589	0.000416	0.403946
-1548.497769	0.000313	0.403062
-1546.232314	0.000291	0.409304
-1543.599677	0.000419	0.396375
-1541.751357	0.000263	0.409177
-1538.145244	0.000506	0.413157
-1536.288704	0.000522	0.414296
-1533.302580	0.000044	0.415838
-1531.448911	0.000375	0.410665
-1528.882213	0.000156	0.412388
-1528.386504	0.000425	0.417560
-1525.852235	0.000234	0.413239
-1523.920517	0.000153	0.422254
-1521.476225	0.000500	0.415970
-1518.754274	0.000391	0.409696
-1516.622681	0.000628	0.415310
-1514.219303	0.000538	0.405539
-1511.146488	0.000216	0.401060
-1508.669754	0.000113	0.404823
-1505.440578	0.000288	0.409975
-1504.078561	0.000334	0.409014
-1502.121802	0.000528	0.398219
-1500.802159	0.000294	0.412218
-1499.121026	0.000291	0.401657
-1496.835714	0.000178	0.412550
-1494.765965	0.000147	0.425025
-1491.841735	0.000256	0.412727
-1490.161785	0.000131	0.414815
-1487.110879	0.000328	0.400570
-1485.176042	0.000344	0.411838
-1482.571236	0.000234	0.416168
-1480.517627	0.000188	0.415324
-1478.719139	0.000297	0.419279
-1477.225686	0.000341	0.414889
-1475.846135	0.000206	0.404929
-1473.571265	0.000366	0.410783
-1471.511628	0.000347	0.413851
-1468.171327	0.000203	0.411682
-1466.088968	0.000288	0.406205
-1463.151117	0.000225	0.403154
-1460.292218	0.000403	0.400146
-1457.745026	0.000366	0.407396
-1455.521327	0.000259	0.390818
-1453.400768	0.000178	0.406071
-1452.095338	0.000366	0.411383
-1450.041618	0.000394	0.416295
-1448.365340	0.000172	0.412077
-1446.019344	0.000225	0.409447
-1443.321992	0.000472	0.404940
-1441.422443	0.000284	0.404354
-1438.393387	0.000184	0.402406
-1435.684017	0.000191	0.412836
-1433.763892	0.000138	0.418607
-1431.026682	0.000397	0.414510
-1429.583332	0.000341	0.419681
-1427.871698	0.000244	0.409116
-1426.244745	0.000319	0.411055
-1423.752607	0.000628	0.407230
-1421.423212	0.000103	0.412409
-1418.999920	0.000366	0.407648
-1416.273318	0.000550	0.399401
-1413.903582	0.000416	0.401259
-1410.466590	0.000388	0.398653
-1408.350907	0.000409	0.397853
-1405.473205	0.000366	0.406441
-1403.576306	0.000584	0.417146
-1402.261409	0.000275	0.420276
-1400.636942	0.000378	0.411413
-1398.733025	0.000359	0.417659
-1396.218974	0.000384	0.414385
-1393.971795	0.000253	0.417114
-1391.805011	0.000516	0.412588
-1389.278709	0.000097	0.414169
-1386.630342	0.000109	0.421263
-1384.291517	0.000419	0.413220
-1382.376216	0.000147	0.413574
-1379.961666	0.000241	0.414980
-1378.892638	0.000416	0.414317
-1377.162600	0.000431	0.416801
-1375.263208	0.000316	0.409635
-1372.906386	0.000438	0.404746
-1370.746978	0.000353	0.397726
-1368.281761	0.000159	0.400813
-1364.945992	0.000184	0.396133
-1362.686578	0.000350	0.407664
-1359.152590	0.000231	0.422300
-1357.063052	0.000463	0.409182
-1354.508641	0.000278	0.410794
-1353.393137	0.000222	0.410854
-1351.997584	0.000334	0.408995
-1349.927431	0.000472	0.408042
-1348.063042	0.000422	0.404550
-1345.358152	0.000322	0.417247
-1342.827677	0.000200	0.415287
-1340.617796	0.000331	0.410655
-1337.902926	0.000194	0.413960
-1335.927037	0.000547	0.411012
-1332.433598	0.000056	0.411723
-1330.730288	0.000478	0.418621
-1328.603416	0.000253	0.409718
-1327.753510	0.000416	0.408725
-1325.967347	0.000263	0.405828
-1323.239284	0.000247	0.397981
-1321.158097	0.000384	0.400075
-1317.206909	0.000163	0.398903
-1315.560136	0.000394	0.413513
-1312.223859	0.000372	0.402641
-1310.076384	0.000253	0.409222
-1307.116726	0.000334	0.407208
-1305.515952	0.000522	0.405995
-1302.871453	0.000175	0.402369
-1302.028720	0.000103	0.411477
-1300.138448	0.000213	0.418012
-1298.155477	0.000391	0.414302
-1295.820609	0.000175	0.407066
-1293.148546	0.000309	0.406993
-1290.994271	0.000338	0.405767
-1288.392040	0.000219	0.394848
-1285.809650	0.000281	0.411528
-1283.573534	0.000194	0.400507
-1281.748603	0.000450	0.381949
-1279.801039	0.000238	0.396795
-1278.352653	0.000322	0.390923
-1276.801385	0.000197	0.397426
-1274.598404	0.000184	0.403583
-1271.940313	0.000431	0.414295
-1269.931732	0.000313	0.410292
-1266.758184	0.000256	0.407880
-1264.437711	0.000319	0.406183
-1260.753576	0.000422	0.407808
-1258.961415	0.000275	0.414242
-1255.652354	0.000319	0.408809
-1254.289723	0.000359	0.407788
-1252.638092	0.000441	0.416951
-1251.497233	0.000316	0.406165
-1249.358629	0.000222	0.410991
-1246.907379	0.000369	0.393014
-1244.753879	0.000431	0.397190
-1241.725559	0.000297	0.399079
-1239.674952	0.000466	0.409941
-1236.581027	0.000300	0.391327
-1234.559605	0.000391	0.385328
-1232.140971	0.000341	0.387801
-1230.041884	0.000159	0.390377
-1228.309069	0.000303	0.396729
-1226.807355	0.000294	0.406906
-1224.512572	0.000213	0.400970
-1222.175840	0.000125	0.402110
-1219.831759	0.000363	0.400417
-1217.079520	0.000494	0.407696
-1214.068904	0.000272	0.409831
-1211.588752	0.000188	0.404560
-1208.472821	0.000269	0.410531
-1206.277037	0.000150	0.418509
-1203.808778	0.000356	0.418277
-1202.570313	0.000103	0.399428
-1201.050453	0.000428	0.406324
-1199.134161	0.000216	0.412480
-1197.174476	0.000350	0.409704
-1194.706181	0.000316	0.415022
-1192.465699	0.000372	0.395620
-1189.926053	0.000769	0.393064
-1187.640726	0.000134	0.400955
-1184.952362	0.000334	0.392911
-1182.776194	0.000469	0.409428
-1180.999133	0.000284	0.410266
-1179.164847	0.000403	0.401617
-1177.828645	0.000266	0.410439
-1176.248736	0.000241	0.398791
-1173.629027	0.000541	0.397543
-1171.311871	0.000519	0.405170
-1168.625758	0.000256	0.408927
-1165.980076	0.000197	0.408039
-1163.325578	0.000422	0.416340
-1159.924380	0.000384	0.408832
-1157.715140	0.000178	0.398398
-1155.063031	0.000369	0.400982
-1153.370832	0.000416	0.401951
-1151.989854	0.000256	0.398665
-1150.799151	0.000313	0.400028
-1148.437692	0.000353	0.397677
-1146.395894	0.000194	0.393123
-1143.497687	0.000294	0.400643
-1141.206789	0.000375	0.401009
-1138.463449	0.000634	0.401642
-1135.765068	0.000325	0.412616
-1133.597707	0.000256	0.416598
-1130.911609	0.000453	0.407244
-1129.261753	0.000538	0.408183
-1127.639092	0.000447	0.404567
-1126.312316	0.000363	0.407342
-1124.043169	0.000231	0.406448
-1121.283741	0.000128	0.405893
-1118.548820	0.000159	0.420096
-1115.518772	0.000297	0.395781
-1112.942169	0.000225	0.394042
-1109.815954	0.000184	0.392670
-1107.495112	0.000353	0.397514
-1105.358393	0.000388	0.404737
-1103.302338	0.000463	0.398212
-1102.013766	0.000316	0.389221
-1100.162152	0.000397	0.390348
-1098.389734	0.000394	0.387821
-1095.617864	0.000172	0.393231
-1093.673965	0.000481	0.393346
-1091.267365	0.000372	0.398943
-1089.146152	0.000506	0.405780
-1086.340076	0.000463	0.408327
-1083.903236	0.000241	0.394909
-1081.878191	0.000453	0.390942
-1079.453532	0.000284	0.411007
-1078.445330	0.000163	0.409136
-1076.935505	0.000303	0.409548
-1075.153953	0.000172	0.413040
-1072.150201	0.000275	0.415041
-1069.999541	0.000184	0.410902
-1066.875479	0.000166	0.401698
-1064.410663	0.000325	0.404583
-1061.506135	0.000091	0.404995
-1058.940271	0.000303	0.405173
-1056.375629	0.000241	0.393855
-1054.314138	0.000334	0.389065
-1052.665003	0.000228	0.386601
-1051.384067	0.000319	0.385411
-1049.580314	0.000294	0.395603
-1047.134106	0.000494	0.404578
-1044.829644	0.000325	0.408759
-1042.515232	0.000031	0.391762
-1039.748624	0.000556	0.390099
-1037.595179	0.000278	0.402213
-1034.785013	0.000478	0.395780
-1032.334836	0.000378	0.396136
-1030.251158	0.000203	0.403809
-1028.251039	0.000253	0.409476
-1027.031895	0.000353	0.399291
-1024.427815	0.000556	0.399155
-1022.586297	0.000125	0.405440
-1019.475624	0.000463	0.394545
-1017.297651	0.000256	0.401533
-1014.256719	0.000353	0.405100
-1011.830686	0.000350	0.395612
-1008.391155	0.000359	0.394370
-1005.549892	0.000369	0.391477
-1003.658481	0.000469	0.393760
-1001.734533	0.000481	0.404155
-1000.937907	0.000378	0.414265
-998.846842	0.000144	0.406093
-996.941327	0.000256	0.413348
-994.147956	0.000331	0.406298
-992.097983	0.000331	0.405350
-989.556218	0.000256	0.406950
-987.345512	0.000491	0.412364
-984.381989	0.000359	0.413760
-982.505797	0.000375	0.416145
-980.594310	0.000422	0.410638
-978.448821	0.000256	0.388766
-977.289390	0.000038	0.390577
-974.954237	0.000344	0.394134
-972.932270	0.000159	0.392009
-970.605282	0.000388	0.402276
-967.716150	0.000331	0.386863
-965.523930	0.000378	0.393635
-962.299635	0.000113	0.386904
-959.562306	0.000394	0.393231
-956.542958	0.000294	0.396069
-954.205881	0.000316	0.396423
-952.529129	0.000647	0.393658
-951.516633	0.000334	0.408450
-950.203878	0.000241	0.397344
-947.810706	0.000481	0.393640
-945.607625	0.000475	0.406771
-943.105714	0.000375	0.403647
-940.483242	0.000191	0.406865
-938.540589	0.000253	0.415962
-935.364214	0.000572	0.411213
-933.417884	0.000553	0.402360
-930.472243	0.000259	0.407356
-928.849358	0.000384	0.410708
-926.828270	0.000419	0.408084
-925.665803	0.000225	0.406357
-923.202876	0.000303	0.394310
-920.458296	0.000347	0.388551
-917.984306	0.000163	0.380340
-914.815880	0.000238	0.376856
-912.523576	0.000169	0.392291
-908.865776	0.000456	0.394871
-907.179326	0.000231	0.395507
-903.888117	0.000172	0.395780
-902.014206	0.000338	0.385691
-900.598226	0.000309	0.389605
-899.387665	0.000347	0.405244
-897.438173	0.000488	0.404686
-894.602802	0.000550	0.400000
-892.885935	0.000353	0.398951
-889.959106	0.000391	0.401573
-888.092825	0.000388	0.393989
-885.485266	0.000050	0.394697
-883.374946	0.000303	0.397916
-880.624604	0.000400	0.404122
-878.803524	0.000297	0.395216
-876.655905	0.000488	0.388036
-875.831190	0.000438	0.394064
-873.151023	0.000100	0.393671
-871.602924	0.000119	0.392963
-868.431036	0.000453	0.402938
-865.983670	0.000291	0.424088
-862.531279	0.000241	0.407995
-860.309923	0.000400	0.415253
-857.116267	0.000422	0.396886
-855.162359	0.000416	0.402814
-852.738214	0.000316	0.412996
-851.256595	0.000322	0.400206
-850.030810	0.000322	0.398824
-848.011182	0.000219	0.401743
-846.118320	0.000322	0.403541
-843.452762	0.000509	0.383072
-841.474160	0.000119	0.384943
-838.514169	0.000291	0.378736
-836.611210	0.000200	0.394379
-833.558014	0.000347	0.394026
-831.286656	0.000203	0.384297
-829.127709	0.000284	0.380441
-826.998375	0.000181	0.392518
-825.592705	0.000322	0.393464
-824.270615	0.000125	0.399276
-821.131020	0.000319	0.405499
-819.056079	0.000331	0.407951
-815.573706	0.000497	0.408419
-813.074160	0.000031	0.417709
-810.203286	0.000322	0.403197
-807.810147	0.000541	0.406328
-804.754229	0.000375	0.408358
-802.486537	0.000447	0.414166
-800.462802	0.000294	0.422042
-799.161440	0.000572	0.416165
-798.148123	0.000066	0.408770
-795.684436	0.000253	0.395953
-793.811567	0.000503	0.399983
-790.438380	0.000306	0.400798
-788.987767	0.000175	0.407590
-785.871536	0.000188	0.398230
-783.869627	0.000353	0.387753
-781.327469	0.000378	0.383964
-779.583589	0.000353	0.384531
-777.145541	0.000372	0.386815
-775.843672	0.000303	0.396428
-774.016185	0.000169	0.397989
-771.910741	0.000363	0.395207
-769.030091	0.000478	0.386542
-767.106595	0.000288	0.391426
-763.732063	0.000197	0.394439
-761.358521	0.000441	0.402282
-757.690686	0.000316	0.395915
-755.562300	0.000216	0.401647
-753.129297	0.000159	0.401952
-751.374804	0.000378	0.399670
-750.381206	0.000397	0.398303
-748.436126	0.000044	0.404099
-747.321108	0.000309	0.403054
-743.744356	0.000222	0.397997
-742.736185	0.000250	0.397089
-739.207555	0.000372	0.390208
-737.379425	0.000453	0.391491
-735.220317	0.000363	0.399069
-732.284905	0.000609	0.404928
-730.186531	0.000466	0.410484
-727.225291	0.000403	0.402045
-725.396872	0.000344	0.406941
-723.930603	0.000381	0.403927
-722.046859	0.000425	0.397454
-720.110850	0.000375	0.403830
-717.223471	0.000091	0.400261
-714.507711	0.000275	0.402721
-711.062586	0.000084	0.395252
-708.303669	0.000381	0.399509
-705.671486	0.000169	0.389670
-702.935392	0.000075	0.385740
-701.322162	0.000303	0.393715
-699.354291	0.000209	0.392177
-698.479612	0.000300	0.387879
-695.731019	0.000419	0.382584
-694.056489	0.000313	0.385793
-691.408778	0.000344	0.387451
-689.477523	0.000241	0.389761
-687.073250	0.000781	0.392969
-684.721026	0.000328	0.395223
-681.891975	0.000284	0.418282
-679.488844	0.000494	0.420043
-677.171662	0.000381	0.405968
-675.574998	0.000444	0.403663
-674.172714	0.000413	0.416537
-672.649178	0.000525	0.414704
-670.003540	0.000497	0.413839
-667.715289	0.000275	0.418033
-664.446454	0.000147	0.421287
-662.243746	0.000325	0.415874
-658.778654	0.000397	0.396537
-656.338084	0.000003	0.399847
-653.811556	0.000200	0.403468
-651.581310	0.000472	0.387299
-650.171607	0.000347	0.387496
-648.352565	0.000528	0.387090
-647.245707	0.000325	0.379579
-644.498362	0.000388	0.381452
-642.997228	0.000294	0.388906
-640.164939	0.000309	0.392958
-638.494645	0.000288	0.397590
-635.473879	0.000184	0.402916
-632.960840	0.000247	0.394510
-630.058817	0.000369	0.391215
-628.165173	0.000278	0.411685
-625.870428	0.000413	0.413576
-624.632563	0.000363	0.409705
-623.048092	0.000325	0.415354
-620.524673	0.000350	0.417904
-617.790258	0.000200	0.412093
-615.477753	0.000281	0.391408
-612.464931	0.000294	0.402448
-610.207174	0.000366	0.404227
-606.483223	0.000197	0.418340
-604.092781	0.000328	0.400069
-601.233477	0.000300	0.391465
-599.482746	0.000284	0.397151
-598.386396	0.000178	0.397988
-596.284310	0.000181	0.405793
-594.837374	0.000494	0.402156
-591.956642	0.000500	0.410357
-590.571671	0.000288	0.418347
-587.367611	0.000297	0.402256
-585.380701	0.000244	0.403442
-582.258981	0.000384	0.408069
-580.292620	0.000297	0.405926
-578.018317	0.000175	0.406603
-575.740583	0.000325	0.403610
-574.292442	0.000250	0.401283
-572.666274	0.000166	0.394320
-570.160645	0.000178	0.388351
-567.743981	0.000372	0.390665
-565.541399	0.000369	0.398150
-562.948239	0.000147	0.408491
-560.330678	0.000313	0.397762
-557.176461	0.000344	0.392695
-554.420951	0.000306	0.396738
-551.459806	0.000544	0.398444
-549.983360	0.000494	0.402892
-548.521669	0.000653	0.413886
-547.664324	0.000509	0.420701
-545.130777	0.000622	0.419572
-543.504109	0.000653	0.413711
-540.435121	0.000291	0.407717
-538.545003	0.000316	0.420241
-535.761328	0.000094	0.407038
-533.836176	0.000350	0.408577
-531.004868	0.000338	0.420650
-528.552413	0.000428	0.417584
-526.142031	0.000400	0.409879
-524.042638	0.000241	0.405762
-522.918574	0.000394	0.410044
-520.631391	0.000344	0.411619
-518.990435	0.000428	0.411464
-516.296320	0.000291	0.383566
-513.406769	0.000341	0.388584
-510.718216	0.000294	0.398305
-507.790851	0.000225	0.393843
-504.864733	0.000113	0.398458
-502.067597	0.000366	0.400540
-499.899487	0.000388	0.413670
-498.155398	0.000416	0.405368
-497.240193	0.000584	0.399596
-495.102290	0.000416	0.403141
-493.076132	0.000447	0.411830
-490.330840	0.000422	0.411079
-487.835594	0.000456	0.417858
-485.923224	0.000359	0.418747
-483.323626	0.000431	0.401741
-480.989783	0.000481	0.415600
-478.098371	0.000172	0.404129
-475.676389	0.000288	0.401607
-473.681150	0.000244	0.403838
-472.347209	0.000353	0.411387
-471.186749	0.000381	0.396148
-468.548544	0.000453	0.399243
-466.451778	0.000294	0.394592
-463.043462	0.000456	0.403757
-460.894980	0.000250	0.417266
-457.868293	0.000338	0.421569
-454.983757	0.000303	0.416070
-452.759814	0.000400	0.420817
-449.964655	0.000456	0.417748
-448.629823	0.000288	0.407279
-446.977254	0.000156	0.411066
-445.405730	0.000494	0.412985
-443.664415	0.000422	0.415305
-441.103553	0.000459	0.404771
-439.217226	0.000034	0.393378
-436.388715	0.000209	0.395956
-434.078076	0.000200	0.395101
-431.086948	0.000278	0.391650
-428.901678	0.000294	0.400098
-426.590802	0.000281	0.403456
-424.529867	0.000225	0.384876
-423.205831	0.000678	0.390553
-421.309761	0.000428	0.387736
-419.061822	0.000288	0.401239
-416.516149	0.000431	0.401042
-414.998294	0.000294	0.398664
-411.312720	0.000525	0.399925
-409.124892	0.000269	0.409034
-405.318380	0.000544	0.408510
-402.823252	0.000338	0.404325
-400.218963	0.000328	0.411888
-398.388181	0.000388	0.424860
-397.317999	0.000391	0.419606
-395.547885	0.000538	0.417199
-393.588110	0.000316	0.417145
-390.953616	0.000413	0.416339
-388.562698	0.000356	0.416417
-386.303800	0.000422	0.413764
-384.208516	0.000331	0.420147
-381.176918	0.000206	0.410980
-379.318433	0.000381	0.393406
-376.078852	0.000353	0.385722
-374.373862	0.000450	0.392151
-372.426459	0.000334	0.383203
-371.788075	0.000219	0.387775
-369.031538	0.000297	0.395607
-367.305443	0.000688	0.400917
-363.822330	0.000297	0.385243
-361.636609	0.000375	0.389714
-358.539884	0.000263	0.393901
-356.208057	0.000328	0.391841
-353.450181	0.000238	0.401444
-350.896491	0.000334	0.392056
-348.815938	0.000406	0.403148
-347.401449	0.000172	0.402347
-345.975220	0.000266	0.396248
-343.611570	0.000403	0.395233
-342.144587	0.000388	0.405351
-339.329733	0.000191	0.415993
-337.565681	0.000272	0.413937
-334.872907	0.000288	0.401444
-332.129423	0.000147	0.407843
-329.667067	0.000288	0.392681
-326.587990	0.000341	0.411950
-325.166315	0.000353	0.415172
-322.934571	0.000331	0.420633
-322.176470	0.000122	0.418216
-319.665452	0.000288	0.415146
-317.481551	0.000238	0.406745
-315.078179	0.000466	0.404055
-312.014905	0.000172	0.403976
-309.844309	0.000391	0.396277
-306.880151	0.000341	0.392219
-304.044602	0.000303	0.397298
-301.256118	0.000319	0.387362
-298.953590	0.000334	0.379578
-297.286127	0.000266	0.380948
-295.606110	0.000272	0.385797
-293.758177	0.000416	0.387593
-292.090157	0.000331	0.389927
-289.250943	0.000241	0.384465
-286.911284	0.000288	0.382022
-284.626556	0.000553	0.391421
-282.105798	0.000281	0.394806
-279.435646	0.000147	0.411475
-277.378433	0.000316	0.414460
-274.534003	0.000534	0.424540
-272.719979	0.000350	0.430190
-270.884472	0.000431	0.413459
-269.743487	0.000278	0.423232
-267.482097	0.000384	0.432012
-265.734961	0.000672	0.429445
-262.282402	0.000388	0.424000
-259.675878	0.000341	0.435223
-256.993224	0.000428	0.426949
-253.423406	0.000534	0.411944
-251.787347	0.000094	0.393695
-248.787812	0.000322	0.397770
-247.478111	0.000413	0.398954
-245.632072	0.000113	0.400838
-244.357892	0.000266	0.378823
-242.014146	0.000363	0.383289
-240.120238	0.000294	0.374178
-237.631368	0.000338	0.374563
-235.480143	0.000553	0.375846
-232.717892	0.000181	0.383300
-230.107792	0.000425	0.385141
-227.619559	0.000219	0.390704
-225.081548	0.000453	0.390012
-222.964618	0.000403	0.395492
-221.930916	0.000366	0.396615
-220.573517	0.000509	0.398779
-218.497437	0.000531	0.394211
-215.834473	0.000188	0.412554
-213.097761	0.000397	0.411255
-210.754371	0.000322	0.408976
-207.658913	0.000319	0.421147
-205.497987	0.000266	0.410375
-202.248861	0.000425	0.425520
-199.923767	0.000513	0.430399
-197.361118	0.000297	0.420066
-196.127456	0.000209	0.404344
-194.564662	0.000316	0.404727
-192.666689	0.000388	0.404937
-190.696668	0.000197	0.410936
-187.922203	0.000347	0.418004
-185.685678	0.000125	0.403850
-183.002777	0.000084	0.392745
-180.469442	0.000209	0.395778
-178.057083	0.000500	0.373435
-175.833100	0.000313	0.381788
-173.495582	0.000359	0.380898
-172.394422	0.000347	0.370750
-170.176080	0.000388	0.368984
-168.412591	0.000284	0.369438
-166.131607	0.000278	0.371505
-163.957302	0.000344	0.368171
-161.102461	0.000434	0.373302
-158.599226	0.000178	0.383422
-155.205756	0.000525	0.394718
-152.383971	0.000403	0.396912
-149.459987	0.000509	0.382220
-147.971626	0.000188	0.402794
-146.437702	0.000491	0.403444
-144.719945	0.000375	0.411622
-143.162823	0.000247	0.408315
-140.586681	0.000234	0.416895
-138.921906	0.000275	0.427217
-135.979537	0.000325	0.428051
-133.853067	0.000513	0.422166
-131.221807	0.000503	0.422035
-128.560695	0.000144	0.427957
-126.341496	0.000406	0.423180
-123.940071	0.000159	0.412275
-122.321482	0.000231	0.408034
-120.637962	0.000419	0.405798
-119.287559	0.000238	0.400038
-116.897625	0.000378	0.385421
-114.580452	0.000156	0.382828
-111.913873	0.000228	0.377860
-109.546464	0.000303	0.351727
-106.800907	0.000178	0.354752
-103.779448	0.000397	0.352302
-101.330632	0.000391	0.358730
-98.369339	0.000359	0.356795
-96.467562	0.000247	0.362368
-95.020410	0.000234	0.377207
-93.509740	0.000503	0.385172
-91.629130	0.000309	0.386556
-89.170634	0.000291	0.383176
-86.734095	0.000138	0.407363
-84.234152	0.000175	0.413794
-81.952866	0.000422	0.415312
-79.288129	0.000569	0.426235
-76.944342	0.000256	0.437526
-74.579310	0.000300	0.423153
-72.371906	0.000425	0.421118
-71.176282	0.000313	0.420265
-69.452149	0.000503	0.424291
-67.179607	0.000191	0.434830
-64.906508	0.000509	0.421199
-62.161458	0.000278	0.407392
-60.165031	0.000406	0.402830
-56.351927	0.000213	0.396735
-54.231622	0.000456	0.389959
-50.718482	0.000422	0.386206
-48.408752	0.000238	0.379105
-46.361028	0.000338	0.375983
-44.969624	0.000447	0.363609
-43.800031	0.000356	0.353778
-41.357187	0.000553	0.360350
-39.454742	0.000328	0.361718
-36.661286	0.000266	0.359902
-34.637565	0.000306	0.372177
-32.033801	0.000338	0.364672
-29.851078	0.000178	0.370144
-27.047464	0.000303	0.376659
-24.624828	0.000544	0.393335
-22.283922	0.000319	0.396381
-21.433792	0.000359	0.403095
-19.281564	0.000297	0.406019
-17.845121	0.000316	0.414140
-15.080929	0.000453	0.417157
-13.192357	0.000166	0.423766
-10.127660	0.000409	0.421294
-7.783278	0.000400	0.446344
-4.649771	0.000538	0.436751
-1.827844	0.000431	0.429447
0.958693	0.000341	0.433345
3.169076	0.000563	0.410099
4.860847	0.000278	0.405589
6.437322	0.000253	0.403864
8.117709	0.000334	0.403383
10.036196	0.000181	0.401456
11.953803	0.000091	0.381418
15.320782	0.000419	0.372386
16.505900	0.000384	0.353741
20.427828	0.000350	0.352105
21.778717	0.000169	0.355172
24.843481	0.000431	0.352295
27.245589	0.000338	0.343208
29.047042	0.000503	0.340443
30.337544	0.000350	0.345898
32.104378	0.000347	0.350373
34.459525	0.000116	0.367718
36.803104	0.000416	0.377683
40.138593	0.000313	0.395778
42.207987	0.000378	0.413610
45.443264	0.000366	0.416066
47.847938	0.000356	0.419982
50.926312	0.000263	0.432020
53.062402	0.000191	0.436923
55.168701	0.000388	0.433789
56.554831	0.000300	0.441075
58.039799	0.000253	0.442417
59.867787	0.000425	0.424261
62.212222	0.000297	0.418373
64.572195	0.000506	0.429658
67.177254	0.000428	0.408552
69.401246	0.000263	0.400823
72.335970	0.000497	0.375549
74.281351	0.000231	0.378375
76.765599	0.000288	0.359763
78.764677	0.000238	0.358918
80.135553	0.000341	0.368834
81.977843	0.000369	0.369920
83.617244	0.000253	0.360539
86.219236	0.000225	0.358060
88.391722	0.000247	0.350457
91.516647	0.000106	0.356039
93.719061	0.000231	0.362956
97.490933	0.000203	0.360488
99.435781	0.000109	0.380489
102.390746	0.000275	0.393353
104.795811	0.000528	0.402111
105.964514	0.000544	0.392686
107.600933	0.000263	0.406727
109.169384	0.000353	0.414222
111.290388	0.000359	0.421620
114.098397	0.000172	0.424889
116.176971	0.000369	0.414346
119.226431	0.000488	0.416109
121.466998	0.000419	0.418440
124.158946	0.000528	0.422647
126.052699	0.000081	0.419106
128.113394	0.000531	0.415761
129.926426	0.000359	0.413836
131.198268	0.000275	0.406601
134.062922	0.000619	0.393725
135.760364	0.000216	0.385130
138.463652	0.000197	0.380385
140.923087	0.000175	0.379432
143.711782	0.000313	0.368189
147.086554	0.000147	0.361882
149.882851	0.000272	0.366381
152.787782	0.000200	0.352276
154.536513	0.000006	0.349667
155.828938	0.000359	0.351159
157.546534	0.000144	0.372291
159.273595	0.000222	0.371766
161.514884	0.000378	0.364425
163.937100	0.000328	0.359465
166.255032	0.000331	0.382133
168.373640	0.000459	0.394558
170.941004	0.000431	0.403353
173.334746	0.000172	0.418272
175.881189	0.000222	0.438827
178.349484	0.000409	0.436896
179.796816	0.000519	0.430070
181.670639	0.000531	0.436538
182.632675	0.000097	0.432840
185.576936	0.000294	0.421582
187.011709	0.000334	0.428719
190.695891	0.000347	0.419871
192.598639	0.000413	0.405850
196.286963	0.000331	0.393236
198.832455	0.000316	0.382589
201.270361	0.000197	0.378873
203.663247	0.000444	0.381295
205.274632	0.000506	0.379658
206.975015	0.000069	0.360503
208.185952	0.000234	0.360705
210.552007	0.000550	0.349886
212.574391	0.000397	0.353443
215.178716	0.000259	0.371322
217.213096	0.000463	0.372625
219.946836	0.000191	0.374941
222.557818	0.000216	0.384774
225.007367	0.000259	0.384386
227.382295	0.000309	0.388892
229.341179	0.000141	0.395912
230.696064	0.000509	0.396956
232.740342	0.000294	0.406137
234.614649	0.000144	0.410737
237.449009	0.000075	0.410650
239.932375	0.000372	0.425783
242.717952	0.000488	0.411618
245.395300	0.000628	0.424543
248.502787	0.000609	0.416896
250.932909	0.000475	0.423267
253.682666	0.000491	0.398207
255.379907	0.000197	0.383843
256.774481	0.000119	0.392394
258.486188	0.000459	0.395833
260.083609	0.000466	0.394580
262.603576	0.000188	0.391192
264.624549	0.000519	0.390651
266.988989	0.000081	0.390670
269.503543	0.000353	0.374525
272.601524	0.000353	0.378865
274.946444	0.000241	0.382691
277.032820	0.000325	0.383572
279.085010	0.000409	0.389325
279.961913	0.000284	0.389262
281.862237	0.000297	0.377806
284.150955	0.000328	0.387255
286.655334	0.000234	0.378250
289.036459	0.000344	0.374303
291.551546	0.000341	0.387905
294.367438	0.000194	0.392354
297.046518	0.000209	0.391677
300.063170	0.000541	0.398222
302.533274	0.000231	0.387496
305.141700	0.000375	0.396691
306.269457	0.000381	0.401347
307.381445	0.000128	0.416112
309.193745	0.000416	0.422794
310.864809	0.000213	0.418109
313.766426	0.000406	0.415368
316.386923	0.000322	0.412541
319.075365	0.000175	0.413611
321.100272	0.000538	0.407978
323.269649	0.000288	0.423346
325.736799	0.000150	0.402584
328.074783	0.000275	0.398966
329.935583	0.000275	0.391587
331.538659	0.000266	0.383497
333.355572	0.000259	0.381754
335.776709	0.000181	0.389853
337.849028	0.000469	0.380351
341.458834	0.000666	0.367496
343.333696	0.000341	0.365439
347.061856	0.000400	0.364438
349.330653	0.000675	0.372569
352.677873	0.000100	0.370238
354.332510	0.000288	0.381129
356.012789	0.000341	0.402964
357.408475	0.000456	0.400166
359.069297	0.000459	0.385714
361.279518	0.000356	0.400415
363.329936	0.000369	0.403589
366.139130	0.000391	0.413964
367.754010	0.000556	0.409717
370.643441	0.000216	0.421453
373.156106	0.000441	0.414334
375.164308	0.000306	0.409996
378.008542	0.000291	0.415906
379.085147	0.000397	0.401724
381.735215	0.000419	0.402960
383.016956	0.000209	0.403508
385.126017	0.000244	0.388340
387.368764	0.000528	0.388113
389.451541	0.000191	0.375363
392.714903	0.000256	0.378255
395.400156	0.000309	0.378262
398.982818	0.000297	0.383492
401.042684	0.000328	0.382926
403.658145	0.000413	0.381827
405.237124	0.000306	0.382769
406.535058	0.000369	0.376231
407.913314	0.000478	0.390907
410.270769	0.000394	0.386575
412.461539	0.000288	0.388979
414.511032	0.000150	0.388658
416.563438	0.000319	0.403030
418.904013	0.000166	0.394875
421.333284	0.000325	0.385982
424.173302	0.000225	0.387282
426.649075	0.000203	0.407425
429.114093	0.000116	0.396873
430.347862	0.000228	0.389049
431.690591	0.000294	0.396408
433.642165	0.000375	0.398395
436.201542	0.000366	0.398438
439.108221	0.000356	0.402196
441.831871	0.000509	0.406842
444.936842	0.000234	0.405874
447.311790	0.000500	0.395986
450.051072	0.000388	0.388530
452.648460	0.000500	0.396498
455.293481	0.000372	0.391830
456.375692	0.000438	0.392555
457.705189	0.000194	0.394037
458.720460	0.000288	0.391610
461.375989	0.000478	0.396474
463.700766	0.000088	0.376812
466.697227	0.000234	0.382599
469.059442	0.000459	0.375229
470.982484	0.000206	0.390095
473.774999	0.000391	0.395678
475.698407	0.000281	0.384286
478.345609	0.000197	0.375673
480.259686	0.000459	0.379256
482.012748	0.000241	0.392954
483.599349	0.000438	0.398231
485.756571	0.000194	0.403004
488.013911	0.000222	0.402404
490.704712	0.000366	0.406303
493.977790	0.000141	0.403428
496.886122	0.000228	0.398879
499.538291	0.000741	0.403893
502.185674	0.000441	0.418160
503.575241	0.000406	0.407249
505.668190	0.000266	0.409509
506.779149	0.000388	0.410736
508.600903	0.000188	0.404900
510.956683	0.000069	0.388648
512.992977	0.000194	0.386537
515.447866	0.000234	0.396697
517.466917	0.000159	0.396533
519.809213	0.000441	0.377998
522.517194	0.000338	0.369312
524.944858	0.000328	0.372366
527.482177	0.000416	0.374290
529.000668	0.000250	0.384032
530.845123	0.000288	0.387896
532.052375	0.000163	0.391199
534.634903	0.000184	0.395950
537.082294	0.000238	0.401795
540.087375	0.000181	0.391542
542.647803	0.000525	0.396782
545.553555	0.000516	0.400974
548.577810	0.000434	0.409252
550.999939	0.000194	0.416338
553.535555	0.000297	0.408538
555.177443	0.000388	0.404004
556.970206	0.000384	0.403475
558.030579	0.000288	0.400320
560.435394	0.000572	0.397370
562.460969	0.000428	0.399767
564.708381	0.000156	0.374275
567.097598	0.000356	0.382595
569.679334	0.000250	0.378906
572.198778	0.000591	0.392046
574.632468	0.000584	0.393119
576.445190	0.000438	0.395838
578.938289	0.000369	0.391684
580.421386	0.000456	0.398596
582.054322	0.000284	0.391729
583.968837	0.000247	0.386225
586.755264	0.000463	0.399475
589.114972	0.000359	0.404001
591.519308	0.000163	0.398637
594.718254	0.000094	0.400701
596.952213	0.000347	0.401314
600.480823	0.000181	0.395314
602.179090	0.000450	0.400569
605.170563	0.000363	0.387372
605.476504	0.000300	0.409545
607.169790	0.000400	0.401545
608.508164	0.000209	0.391486
611.375737	0.000238	0.389287
613.378650	0.000203	0.388461
615.412801	0.000250	0.396985
618.427623	0.000369	0.397445
620.285868	0.000350	0.396277
622.931491	0.000300	0.397711
625.461114	0.000094	0.406569
627.176849	0.000031	0.391074
629.275149	0.000381	0.388537
630.784067	0.000500	0.403778
632.793456	0.000325	0.389534
634.659703	0.000231	0.400086
637.432137	0.000416	0.392875
640.140038	0.000416	0.390012
643.248118	0.000256	0.398104
646.043982	0.000350	0.387315
648.947745	0.000384	0.390586
651.624368	0.000438	0.400537
653.420202	0.000216	0.400975
655.548823	0.000184	0.384048
656.203873	0.000197	0.393308
658.474623	0.000150	0.389600
659.695188	0.000334	0.394333
662.800877	0.000334	0.390775
664.958542	0.000550	0.412709
667.739117	0.000338	0.412149
670.084467	0.000394	0.413975
672.321913	0.000359	0.390477
675.076315	0.000231	0.411068
677.065358	0.000259	0.411862
679.128605	0.000213	0.405593
680.911064	0.000138	0.406053
682.099614	0.000375	0.417046
684.410977	0.000278	0.413590
686.820809	0.000488	0.399184
689.434530	0.000475	0.395619
692.195890	0.000038	0.406835
694.881403	0.000459	0.409527
698.323336	0.000228	0.409688
700.238252	0.000350	0.385072
702.504367	0.000347	0.388240
703.791979	0.000334	0.385849
705.779653	0.000478	0.394514
706.942965	0.000372	0.394967
709.216939	0.000197	0.397437
711.593303	0.000331	0.413750
713.617175	0.000181	0.406601
715.696325	0.000366	0.397389
718.071709	0.000325	0.403921
720.944259	0.000347	0.416728
723.045562	0.000603	0.410015
725.787299	0.000281	0.404441
727.354802	0.000328	0.405923
729.130445	0.000253	0.414289
730.164417	0.000241	0.409524
732.669097	0.000272	0.392998
735.024158	0.000294	0.396268
737.886906	0.000259	0.408017
740.473907	0.000256	0.413017
743.446426	0.000281	0.391277
746.159784	0.000184	0.384918
748.772508	0.000222	0.385942
751.188422	0.000219	0.392146
753.373107	0.000216	0.391263
754.757490	0.000241	0.402329
756.350371	0.000397	0.405246
757.949641	0.000403	0.401596
760.172079	0.000291	0.398992
762.486627	0.000256	0.391206
765.017695	0.000456	0.397511
767.688074	0.000547	0.399225
770.012607	0.000284	0.400160
772.964682	0.000331	0.401223
774.831493	0.000184	0.412656
777.092879	0.000259	0.408836
778.179629	0.000481	0.396757
780.586450	0.000438	0.405634
782.460289	0.000497	0.403821
784.674557	0.000263	0.421988
787.412251	0.000425	0.395607
789.158084	0.000413	0.396664
792.423697	0.000400	0.402136
794.813963	0.000453	0.390628
797.919839	0.000397	0.408006
800.441185	0.000309	0.411937
802.239192	0.000372	0.413395
803.878713	0.000188	0.407417
805.223157	0.000338	0.403716
807.057888	0.000350	0.404627
808.753788	0.000119	0.405518
811.287629	0.000356	0.413073
813.686258	0.000256	0.410152
815.676484	0.000491	0.401581
818.546616	0.000378	0.416164
820.592671	0.000450	0.401768
823.488439	0.000181	0.391910
825.431052	0.000263	0.394147
827.332757	0.000319	0.403288
828.684765	0.000300	0.407611
830.413738	0.000503	0.392456
832.588382	0.000359	0.392956
834.823608	0.000353	0.384980
837.983882	0.000413	0.395312
840.151730	0.000325	0.405806
843.643983	0.000263	0.402639
845.711328	0.000303	0.401621
849.197472	0.000231	0.409903
851.038225	0.000353	0.402760
852.872968	0.000191	0.389796
854.676614	0.000238	0.408990
855.933355	0.000438	0.411427
857.627713	0.000253	0.406491
860.347470	0.000331	0.409222
862.921008	0.000113	0.404718
865.621747	0.000422	0.404648
867.964281	0.000472	0.398638
870.415577	0.000428	0.399535
872.116672	0.000378	0.406936
874.851778	0.000388	0.408362
876.799514	0.000341	0.400934
878.371648	0.000453	0.392441
880.395346	0.000216	0.397447
881.997438	0.000241	0.393988
884.523652	0.000263	0.389937
886.264197	0.000216	0.407088
889.547075	0.000363	0.407491
891.896575	0.000409	0.404893
895.736395	0.000494	0.408134
897.586777	0.000353	0.407736
900.390269	0.000463	0.400944
901.591925	0.000256	0.410129
903.122647	0.000434	0.401833
904.414015	0.000209	0.406783
906.896122	0.000331	0.404185
909.209127	0.000447	0.406099
911.248975	0.000200	0.401236
913.417267	0.000397	0.397129
915.597129	0.000422	0.410959
918.050566	0.000316	0.401795
920.361985	0.000422	0.399122
923.007796	0.000453	0.389074
925.102499	0.000344	0.400703
926.693379	0.000603	0.393319
927.961824	0.000625	0.395778
929.545938	0.000288	0.405926
932.114354	0.000381	0.408809
934.787947	0.000416	0.418964
937.540000	0.000109	0.407051
940.790074	0.000466	0.400955
942.896313	0.000513	0.409632
945.745360	0.000269	0.405657
947.785212	0.000369	0.408613
950.205065	0.000319	0.413069
952.110863	0.000313	0.412131
953.455462	0.000338	0.402520
955.821843	0.000491	0.395641
956.976972	0.000213	0.398120
959.985731	0.000366	0.407228
961.956132	0.000306	0.403874
964.866488	0.000538	0.393220
967.109732	0.000381	0.382559
969.813958	0.000475	0.383648
972.105134	0.000566	0.403929
974.074209	0.000225	0.405473
976.048781	0.000466	0.406932
977.497712	0.000353	0.417364
979.129467	0.000056	0.420570
981.703720	0.000388	0.408126
983.778765	0.000628	0.404640
986.552536	0.000325	0.411785
988.859905	0.000463	0.415545
991.769850	0.000369	0.413306
994.537818	0.000281	0.420244
997.274280	0.000175	0.416211
999.445893	0.000500	0.405877
1001.154701	0.000216	0.403694
1002.432580	0.000419	0.395639
1003.539461	0.000219	0.415192
1006.088519	0.000147	0.399960
1008.181843	0.000600	0.388553
1010.984818	0.000256	0.403390
1013.099241	0.000153	0.394333
1015.380992	0.000153	0.397851
1018.185307	0.000244	0.405232
1019.943546	0.000341	0.403848
1023.049863	0.000409	0.408479
1024.229234	0.000419	0.401125
1026.715068	0.000331	0.407207
1027.285232	0.000319	0.406657
1029.403199	0.000003	0.414568
1031.271143	0.000319	0.421292
1034.522319	0.000481	0.402393
1036.945480	0.000444	0.412122
1040.345678	0.000472	0.416996
1042.863812	0.000309	0.411123
1045.581773	0.000275	0.401915
1047.521249	0.000391	0.405059
1049.498052	0.000422	0.422632
1051.339846	0.000200	0.412669
1052.571077	0.000219	0.399615
1054.654908	0.000331	0.399934
1056.955164	0.000319	0.401795
1059.427483	0.000375	0.406173
1061.256437	0.000338	0.406492
1064.504240	0.000241	0.411311
1066.834803	0.000269	0.417415
1069.860206	0.000134	0.422297
1071.572321	0.000438	0.408059
1073.378571	0.000328	0.408441
1074.680716	0.000425	0.410970
1076.711905	0.000338	0.413277
1078.338850	0.000266	0.420645
1081.289194	0.000434	0.415581
1083.298543	0.000563	0.416188
1085.970772	0.000394	0.407524
1089.031308	0.000250	0.400144
1091.897561	0.000384	0.410710
1094.666270	0.000263	0.411058
1096.404209	0.000391	0.410055
1098.522647	0.000363	0.402280
1099.971667	0.000159	0.395044
1101.434040	0.000325	0.391829
1103.557155	0.000400	0.401371
1105.725296	0.000347	0.410075
1108.328840	0.000275	0.416613
1109.835996	0.000225	0.425804
1112.989671	0.000322	0.413135
1114.671819	0.000556	0.415356
1117.504879	0.000275	0.412063
1120.128333	0.000400	0.415497
1121.900365	0.000363	0.417676
1123.264048	0.000294	0.420003
1124.495936	0.000422	0.414956
1126.728141	0.000203	0.417434
1128.573213	0.000366	0.413123
1131.725942	0.000366	0.403498
1133.723942	0.000525	0.409062
1136.871507	0.000178	0.415341
1139.416427	0.000341	0.411387
1142.183107	0.000209	0.391835
1144.682617	0.000419	0.402915
1146.896072	0.000281	0.399226
1148.324950	0.000256	0.390267
1149.930495	0.000275	0.408648
1151.984541	0.000472	0.416289
1153.770042	0.000372	0.417681
1156.273973	0.000356	0.412502
1158.879129	0.000278	0.408036
1161.162645	0.000131	0.414526
1164.065665	0.000256	0.412342
1165.878923	0.000563	0.408952
1168.471294	0.000400	0.423133
1170.778063	0.000247	0.417953
1172.377657	0.000328	0.418269
1174.197970	0.000309	0.419381
1175.434641	0.000138	0.408987
1178.190092	0.000106	0.400990
1179.741522	0.000313	0.416021
1183.457508	0.000425	0.416284
1185.394629	0.000341	0.401363
1188.880026	0.000297	0.400930
1191.112449	0.000422	0.393614
1193.904448	0.000031	0.406550
1195.974342	0.000322	0.416188
1197.594049	0.000378	0.411839
1199.258571	0.000381	0.415013
1200.743283	0.000263	0.417008
1202.998415	0.000203	0.409771
1205.139708	0.000363	0.408638
1207.572947	0.000313	0.412163
1209.557405	0.000372	0.423484
1211.958434	0.000272	0.412504
1214.631097	0.000269	0.415886
1217.079942	0.000306	0.418724
1219.004852	0.000266	0.404122
1221.279629	0.000416	0.413280
1222.144569	0.000403	0.399176
1223.789894	0.000209	0.409969
1225.336668	0.000222	0.407889
1228.470299	0.000081	0.405656
1230.635986	0.000463	0.394481
1233.820697	0.000106	0.389623
1236.069713	0.000394	0.397301
1239.049656	0.000247	0.403188
1241.440011	0.000631	0.421532
1243.572685	0.000419	0.426577
1246.308969	0.000566	0.416010
1247.627053	0.000313	0.410579
1249.146392	0.000241	0.422468
1250.552645	0.000181	0.411279
1253.182367	0.000381	0.409592
1254.958021	0.000384	0.418207
1257.760665	0.000272	0.420655
1260.507259	0.000275	0.415164
1263.346905	0.000206	0.411705
1265.716028	0.000484	0.400344
1267.853093	0.000034	0.404887
1269.695973	0.000134	0.406705
1271.230220	0.000188	0.412281
1272.703315	0.000278	0.403232
1274.660808	0.000328	0.407271
1277.568866	0.000200	0.396883
1279.747949	0.000541	0.393679
1282.537275	0.000509	0.406248
1285.184921	0.000400	0.412644
1287.842378	0.000297	0.411121
1290.795139	0.000378	0.412817
1292.801642	0.000306	0.412621
1295.856705	0.000200	0.406862
1296.544969	0.000131	0.406978
1298.310700	0.000434	0.416891
1299.635551	0.000288	0.415984
1302.253935	0.000234	0.418724
1304.264936	0.000491	0.417739
1306.518691	0.000425	0.419232
1309.481102	0.000200	0.412893
1311.459265	0.000403	0.409681
1314.091740	0.000259	0.419829
1315.938377	0.000513	0.416500
1318.115563	0.000441	0.400960
1319.422539	0.000203	0.400159
1321.173207	0.000441	0.394400
1323.042181	0.000431	0.396506
1325.018082	0.000444	0.408167
1328.103626	0.000591	0.417215
1330.064945	0.000344	0.406021
1333.202754	0.000325	0.406770
1336.065263	0.000250	0.416661
1338.416137	0.000297	0.411357
1341.916565	0.000309	0.414805
1343.105028	0.000228	0.415162
1345.029117	0.000222	0.418052
1346.157939	0.000397	0.417814
1348.203106	0.000284	0.422739
1349.822417	0.000384	0.409573
1352.732721	0.000425	0.409243
1355.101496	0.000403	0.405897
1357.223437	0.000156	0.406636
1360.056023	0.000303	0.405501
1362.283909	0.000459	0.416394
1365.058286	0.000375	0.399412
1366.786434	0.000256	0.404511
1368.581445	0.000400	0.402000
1370.171548	0.000422	0.407539
1371.976064	0.000372	0.420510
1374.137280	0.000538	0.415607
1376.702678	0.000244	0.422665
1379.649029	0.000266	0.405863
1381.899311	0.000284	0.411151
1385.151790	0.000369	0.421564
1387.615255	0.000381	0.414204
1390.622444	0.000550	0.406694
1392.346539	0.000263	0.414908
1394.323267	0.000431	0.417022
1396.216358	0.000072	0.408171
1397.144029	0.000331	0.407583
1399.515026	0.000266	0.405133
1401.193878	0.000350	0.409524
1404.124222	0.000256	0.412787
1406.171083	0.000263	0.406812
1408.856877	0.000238	0.402544
1411.435043	0.000344	0.405628
1412.773169	0.000325	0.396372
1415.294937	0.000375	0.412135
1416.960656	0.000288	0.412323
1418.524539	0.000338	0.418054
1420.684657	0.000269	0.414246
1422.456694	0.000259	0.413078
1425.335648	0.000350	0.410512
1426.790299	0.000266	0.408515
1429.885449	0.000200	0.421484
1432.115833	0.000378	0.407590
1435.769188	0.000331	0.423340
1437.934488	0.000297	0.424769
1440.677834	0.000356	0.416820
1442.440272	0.000331	0.407274
1443.490302	0.000541	0.409395
1445.216216	0.000256	0.417908
1446.896982	0.000325	0.415041
1449.641015	0.000172	0.403783
1451.482234	0.000166	0.401956
1454.330446	0.000419	0.393770
1456.385076	0.000581	0.398482
1459.427598	0.000128	0.405364
1461.297086	0.000491	0.417549
1464.026251	0.000359	0.416026
1465.852422	0.000231	0.426879
1467.506171	0.000422	0.413734
1468.613334	0.000328	0.413436
1471.132274	0.000278	0.424709
1473.553280	0.000350	0.415455
1476.143977	0.000531	0.411067
1478.482774	0.000628	0.421599
1481.414738	0.000213	0.418920
1484.755187	0.000306	0.418466
1486.687950	0.000272	0.415003
1490.036261	0.000472	0.404312
1491.535444	0.000250	0.420290
1493.496275	0.000231	0.409595
1494.245398	0.000309	0.409001
1496.873219	0.000303	0.403917
1497.965390	0.000431	0.403956
1500.501872	-0.000041	0.409292
1502.340611	0.000372	0.411832
1505.732698	0.000203	0.412814
1507.176531	0.000453	0.419137
1510.925042	0.000584	0.416920
1512.094818	0.000438	0.419230
1514.853972	0.000275	0.413507
1515.585542	0.000263	0.422215
1517.406341	0.000444	0.417512
1519.233425	0.000388	0.416488
1521.378421	0.000225	0.418095
1524.297848	0.000263	0.426728
1526.191799	0.000388	0.420595
1529.585214	0.000434	0.414280
1531.677729	0.000253	0.408914
1535.097217	0.000428	0.410424
1537.481372	0.000194	0.419949
1539.616338	0.000353	0.418194
1541.239768	0.000369	0.401461
1542.398020	0.000313	0.406121
1543.723066	0.000525	0.410589
1545.899316	0.000316	0.410877
1548.271329	0.000391	0.425423
1550.730760	0.000300	0.415762
1553.339774	0.000213	0.416354
1555.587547	0.000366	0.425520
1557.724554	0.000356	0.417466
1560.718606	0.000344	0.420004
1562.475122	0.000569	0.423061
1564.019778	0.000228	0.423057
1566.044058	0.000209	0.419803
1567.444690	0.000284	0.431539
1570.286115	0.000169	0.419953
1572.467831	0.000141	0.412282
1575.565692	0.000453	0.413406
1577.288324	0.000119	0.417439
1580.840778	0.000456	0.426808
1583.305989	0.000463	0.413359
1586.437637	0.000375	0.396182
1588.206215	0.000441	0.407399
1590.096888	0.000463	0.400994
1591.589673	0.000356	0.411017
1592.816214	0.000494	0.410760
1594.650703	0.000331	0.424438
1597.349959	0.000369	0.422036
1599.519231	0.000391	0.415132
1601.848618	0.000428	0.423454
1604.246177	0.000331	0.421525
1606.665387	0.000459	0.428111
1608.748556	0.000206	0.420513
1611.275843	0.000350	0.418170
1612.834890	0.000266	0.430547
1614.771550	0.000281	0.419380
1616.165907	0.000363	0.406543
1618.255258	0.000213	0.404440
1620.659777	0.000347	0.421288
1623.207899	0.000569	0.424864
1625.788378	0.000275	0.397792
1628.392301	0.000322	0.400620
1631.851316	0.000334	0.410033
1634.280849	0.000325	0.408837
1636.552956	0.000550	0.411675
1638.276886	0.000425	0.415857
1639.305914	0.000300	0.429149
1641.188157	0.000394	0.417495
1642.783213	0.000444	0.421752
1645.231246	0.000222	0.411600
1647.729198	0.000259	0.402346
1649.536290	0.000238	0.422215
1652.046218	0.000409	0.412273
1654.599663	0.000250	0.420505
1656.588421	0.000578	0.419418
1659.269749	0.000400	0.413274
1661.416444	0.000206	0.411159
1663.053723	0.000444	0.416080
1664.094026	0.000250	0.419312
1666.376098	0.000519	0.410622
1668.512981	0.000331	0.413900
1671.375410	0.000225	0.415234
1673.743198	0.000509	0.409672
1676.995621	0.000203	0.408056
1679.336443	0.000659	0.405432
1682.467477	0.000381	0.416086
1684.529644	0.000122	0.424946
1687.092110	0.000453	0.420018
1688.186162	0.000150	0.427794
1689.457507	0.000313	0.416917
1691.378060	0.000150	0.409991
1693.258601	0.000366	0.417641
1695.665528	0.000503	0.418007
1697.948616	0.000338	0.418864
1700.445686	0.000591	0.427934
1702.253464	0.000428	0.424519
1705.365182	0.000381	0.408633
1707.581586	0.000559	0.406248
1709.431450	0.000116	0.426301
1711.108333	0.000200	0.422452
1712.387387	0.000272	0.424181
1714.265314	0.000213	0.406093
1716.697298	0.000447	0.402102
1719.261161	0.000413	0.413807
1721.879629	0.000109	0.418113
1724.381467	0.000497	0.419310
1726.948260	0.000463	0.425083
1730.238074	0.000513	0.424486
1732.519174	0.000528	0.429753
1735.177526	0.000316	0.423534
1736.151605	0.000291	0.407949
1737.884629	0.000613	0.421069
1738.452063	0.000441	0.420690
1741.009522	0.000556	0.418124
1743.167897	0.000419	0.424010
1746.031660	0.000291	0.412405
1748.308138	0.000353	0.411243
1750.757677	0.000216	0.405242
1752.759714	0.000353	0.413524
1755.317590	0.000406	0.420445
1757.032788	0.000466	0.417210
1758.978656	0.000150	0.408268
1761.334128	0.000316	0.403500
1762.426496	0.000278	0.410479
1765.013287	0.000231	0.408856
1767.175048	0.000434	0.418140
1769.971237	0.000253	0.421099
1772.158509	0.000466	0.426375
1775.297082	0.000356	0.423545
1778.181753	0.000294	0.413726
1780.843933	0.000234	0.418340
1783.228727	0.000241	0.421757
1784.935543	0.000038	0.427219
1786.270067	0.000334	0.424798
1787.603981	0.000706	0.422629
1789.214281	0.000178	0.421850
1792.353503	0.000272	0.420422
1794.150649	0.000459	0.418304
1797.116131	0.000384	0.427526
1798.777987	0.000363	0.416749
1801.232204	0.000438	0.424589
1803.272701	0.000378	0.410868
1805.828097	0.000344	0.410776
1808.306876	0.000141	0.401228
1809.408800	0.000334	0.409533
1811.536897	0.000400	0.427088
1812.835368	0.000247	0.417299
1815.533024	0.000381	0.416206
1817.888414	0.000528	0.421132
1820.713242	0.000378	0.414047
1823.836159	0.000556	0.427407
1826.251787	0.000206	0.422727
1828.704504	0.000397	0.426612
1830.810340	0.000341	0.425693
1832.855724	0.000416	0.424115
1834.400534	0.000241	0.426650
1836.205451	0.000206	0.416377
1837.944590	0.000072	0.410443
1839.701848	0.000391	0.416325
1842.168494	0.000291	0.414130
1843.753599	0.000313	0.414874
1846.666822	0.000384	0.407062
1849.058389	0.000416	0.408670
1851.806300	0.000238	0.410881
1853.925100	0.000228	0.408431
1855.895760	0.000359	0.415948
1857.563846	0.000400	0.426816
1858.614628	0.000550	0.425278
1861.037126	0.000406	0.428847
1863.070765	0.000419	0.425926
1865.574669	0.000134	0.430519
1868.651721	0.000406	0.419828
1871.090370	0.000306	0.430708
1874.346223	0.000319	0.423788
1876.451839	0.000169	0.428439
1879.337527	0.000263	0.419245
1881.257929	0.000322	0.418708
1883.091628	0.000291	0.417866
1884.300146	0.000234	0.423241
1886.233563	0.000206	0.417441
1888.177416	0.000569	0.418244
1890.292394	0.000384	0.412773
1892.933333	0.000278	0.416198
1894.613575	0.000409	0.412615
1897.426850	0.000384	0.415905
1899.381382	0.000484	0.426903
1902.900190	0.000413	0.418226
1904.159320	0.000500	0.417299
1906.721034	0.000375	0.419670
1907.460227	0.000409	0.418381
1909.108652	0.000297	0.407449
1911.473773	0.000547	0.423650
1913.910307	0.000216	0.423907
1917.088803	0.000219	0.425284
1919.380639	0.000100	0.420541
1922.072663	0.000100	0.419473
1924.836423	0.000300	0.426509
1926.934695	0.000434	0.419272
1929.570432	0.000328	0.421167
1931.208192	0.000394	0.431008
1932.686258	0.000331	0.418506
1933.968349	0.000550	0.418116
1935.575859	0.000300	0.406949
1938.363418	0.000566	0.411270
1940.115420	0.000244	0.416244
1943.279979	0.000416	0.420296
1945.054169	0.000213	0.427785
1947.714410	0.000466	0.421748
1950.283773	0.000650	0.431404
1952.414167	0.000309	0.425145
1954.187754	0.000500	0.417500
1955.921474	0.000391	0.428747
1957.052231	-0.000075	0.431826
1959.138844	0.000488	0.423156
1961.804053	0.000169	0.422666
1964.533098	0.000525	0.407560
1966.930308	0.000213	0.417333
1969.839988	0.000391	0.409645
1972.482738	0.000316	0.409389
1975.265069	0.000463	0.415436
1977.339728	0.000372	0.410411
1979.440557	0.000338	0.404117
1980.782590	0.000409	0.411861
1980.719045	0.000266	0.412222
1978.910029	0.000259	0.414163
1977.837957	0.000284	0.422552
1977.366620	0.000356	0.421088
1977.844539	0.000406	0.424703
1979.609048	0.000266	0.413421
1980.313064	0.000509	0.415632
1980.595910	0.000175	0.422409
1979.275351	0.000466	0.417272
1978.622364	0.000200	0.423325
1977.895382	0.000447	0.416988
1978.636682	0.000216	0.418716
1979.070265	0.000213	0.423079
1979.656566	0.000206	0.409037
1979.738189	0.000275	0.424465
1979.593411	0.000153	0.419113
1978.970595	0.000491	0.411669
1978.899738	0.000597	0.417769
