1001.772770	0.000441	0.395352
1001.867314	0.000206	0.392530
1001.402630	0.000506	0.382014
999.827774	0.000381	0.396542
997.574891	0.000341	0.406852
993.216665	0.000800	0.393556
990.390739	0.000203	0.380474
987.128463	0.000466	0.370763
986.952745	0.000356	0.380099
985.517032	0.000384	0.375539
984.577127	0.000394	0.373516
982.396505	0.000519	0.373727
979.580735	0.000381	0.385863
976.006732	0.000544	0.381822
972.628959	0.000606	0.363604
970.352211	0.000200	0.368701
968.699049	0.000409	0.381846
967.258370	0.000350	0.382371
966.227756	0.000416	0.373165
964.751330	0.000616	0.364859
962.205871	0.000316	0.375989
959.387958	0.000413	0.382135
956.498919	0.000619	0.394299
955.036859	0.000469	0.400729
951.744801	0.000547	0.404667
950.809553	0.000550	0.400420
947.001345	0.000419	0.403261
945.405300	0.000413	0.399695
941.650349	0.000434	0.394142
940.061072	0.000503	0.401095
938.225414	0.000350	0.399021
936.297980	0.000459	0.402002
936.174348	0.000391	0.390239
935.074310	0.000475	0.402781
934.640443	0.000438	0.393856
931.843055	0.000519	0.389695
928.501858	0.000384	0.392247
924.399609	0.000403	0.382147
921.379842	0.000200	0.364137
919.781122	0.000441	0.365991
919.616586	0.000506	0.372685
919.246657	0.000244	0.371572
917.824516	0.000316	0.373750
914.871091	0.000488	0.363654
911.769838	0.000453	0.371595
908.779861	0.000353	0.370645
906.362644	0.000513	0.371011
904.649285	0.000422	0.364596
902.265449	0.000384	0.365732
900.060912	0.000394	0.377397
897.018786	0.000472	0.383701
895.084583	0.000403	0.401834
893.457896	0.000578	0.390415
891.414640	0.000559	0.401505
889.710312	0.000422	0.399946
887.717540	0.000572	0.405817
885.080618	0.000422	0.411130
883.003724	0.000253	0.412757
879.880139	0.000566	0.417725
877.648451	0.000516	0.405802
874.946067	0.000341	0.402437
873.225559	0.000303	0.397538
871.361045	0.000659	0.407593
869.653780	0.000669	0.403759
868.369536	0.000463	0.381833
865.823977	0.000416	0.391607
864.267304	0.000331	0.382298
861.411087	0.000381	0.364000
859.226809	0.000150	0.357638
855.949177	0.000453	0.372027
852.919892	0.000544	0.369665
850.744010	0.000369	0.351571
848.015078	0.000647	0.348934
846.407234	0.000616	0.362475
844.404178	0.000284	0.365801
843.083055	0.000375	0.364235
840.487310	0.000219	0.364275
838.193453	0.000447	0.381041
836.287109	0.000531	0.388713
833.659955	0.000313	0.392101
831.857210	0.000472	0.410808
828.710756	0.000288	0.400054
826.441346	0.000547	0.421349
823.690460	0.000534	0.428687
822.209417	0.000659	0.416369
820.921893	0.000403	0.424054
820.280691	0.000350	0.419637
818.376840	0.000497	0.408934
815.616409	0.000503	0.407547
812.971095	0.000541	0.399516
810.411480	0.000366	0.386604
807.883587	0.000366	0.386477
805.374304	0.000384	0.383303
803.050647	0.000569	0.362023
800.592761	0.000172	0.359555
798.100145	0.000394	0.353503
796.421350	0.000553	0.347677
794.857454	0.000338	0.356686
793.059930	0.000581	0.359020
790.501313	0.000334	0.357165
788.741108	0.000359	0.346557
785.958491	0.000391	0.349800
783.550187	0.000428	0.368751
781.087971	0.000238	0.380622
778.529501	0.000275	0.390323
776.372899	0.000391	0.380607
774.132420	0.000384	0.395858
772.526661	0.000506	0.399452
770.994101	0.000359	0.395136
769.379447	0.000497	0.419719
767.236232	0.000403	0.409960
764.921699	0.000403	0.421021
762.487853	0.000434	0.418436
759.777217	0.000591	0.421736
757.350961	0.000184	0.423969
754.292125	0.000422	0.404213
751.427346	0.000250	0.405334
749.106069	0.000503	0.389671
747.335679	0.000472	0.389487
745.939149	0.000513	0.380093
744.205666	0.000609	0.379799
742.215463	0.000438	0.372895
739.354712	0.000438	0.359902
736.883702	0.000447	0.364675
734.566835	0.000428	0.352403
731.762520	0.000247	0.333668
730.058154	0.000472	0.346292
726.817243	0.000431	0.341352
725.823498	0.000413	0.359186
723.519009	0.000488	0.349771
722.659286	0.000328	0.353629
720.669964	0.000188	0.362837
718.870667	0.000441	0.367143
716.924153	0.000475	0.384585
713.664982	0.000794	0.378033
712.390209	0.000388	0.395219
708.687992	0.000553	0.401067
706.574703	0.000666	0.418992
703.430504	0.000697	0.433782
701.261878	0.000678	0.424476
699.588332	0.000359	0.432483
697.733722	0.000284	0.426821
696.722798	0.000575	0.435155
694.093219	0.000478	0.424534
691.647604	0.000606	0.423701
689.032475	0.000347	0.416001
686.620932	0.000375	0.399496
684.137024	0.000463	0.374757
681.550243	0.000494	0.360651
679.214871	0.000497	0.354385
677.050232	0.000322	0.352616
675.388686	0.000438	0.339250
674.174736	0.000413	0.337691
672.186102	0.000344	0.327250
670.326138	0.000434	0.316818
667.975389	0.000341	0.317850
665.649299	0.000438	0.332002
663.436964	0.000538	0.338221
660.822564	0.000275	0.340428
657.701594	0.000222	0.348755
655.140795	0.000269	0.380506
652.338207	0.000581	0.401026
649.851427	0.000491	0.415096
648.760201	0.000441	0.415849
646.447188	0.000747	0.428603
644.985041	0.000294	0.443169
642.263292	0.000422	0.450949
640.114237	0.000531	0.443638
637.685080	0.000378	0.448820
635.114452	0.000584	0.458046
632.911235	0.000491	0.442004
629.908956	0.000419	0.421522
628.630269	0.000459	0.410700
625.796959	0.000363	0.400845
624.941567	0.000475	0.379964
622.975517	0.000366	0.357100
621.295935	0.000441	0.368344
619.324422	0.000203	0.343876
617.072439	0.000384	0.332699
615.044182	0.000316	0.311209
612.066511	0.000159	0.299768
609.583865	0.000231	0.307251
606.796969	-0.000009	0.298514
604.009180	0.000200	0.301964
601.759443	0.000231	0.320116
599.850611	0.000434	0.339577
598.191956	0.000616	0.344736
596.335359	0.000378	0.352671
594.289672	0.000175	0.371519
592.030610	0.000303	0.409602
589.366285	0.000516	0.423210
586.971406	0.000569	0.428204
584.466252	0.000613	0.447624
581.863108	0.000516	0.465671
579.544784	0.000528	0.467469
577.567560	0.000731	0.471955
575.764481	0.000691	0.471076
574.530220	0.000484	0.467930
572.785560	0.000619	0.471839
570.440735	0.000456	0.445862
568.760252	0.000206	0.417277
565.575451	0.000359	0.412139
563.798189	0.000394	0.387730
560.357363	0.000428	0.362753
558.032633	0.000516	0.319282
554.552648	0.000100	0.296481
552.565543	0.000116	0.289119
550.399092	0.000359	0.289380
548.847148	0.000131	0.279360
547.402091	0.000359	0.277176
544.569176	-0.000038	0.293390
542.991583	0.000228	0.303695
539.384565	0.000438	0.327924
538.155321	0.000284	0.329447
535.027401	0.000381	0.360924
532.901370	0.000531	0.401570
530.171143	0.000438	0.416499
528.162516	0.000431	0.430022
526.156592	0.000506	0.451328
525.253687	0.000466	0.471901
523.926841	0.000666	0.465301
522.049991	0.000509	0.471850
519.409686	0.000556	0.490360
516.986680	0.000603	0.501552
514.372401	0.000569	0.498604
511.780034	0.000622	0.466107
509.158311	0.000384	0.465558
506.566018	0.000494	0.433652
504.295688	0.000553	0.386943
501.631118	0.000256	0.373951
500.331996	0.000375	0.380748
497.957287	0.000406	0.352191
496.986027	0.000503	0.325842
493.851348	0.000528	0.301466
492.586691	0.000281	0.285551
489.180570	0.000241	0.269330
486.981535	0.000425	0.281858
483.643661	0.000256	0.278601
481.707768	0.000388	0.289473
479.644585	0.000281	0.300670
478.020527	0.000281	0.308690
476.533869	0.000206	0.341725
474.596628	0.000353	0.346767
473.131270	0.000641	0.367219
470.056304	0.000544	0.392190
468.750378	0.000563	0.413614
465.930417	0.000588	0.427323
463.413589	0.000469	0.464802
460.626768	0.000603	0.491468
457.613051	0.000488	0.492047
454.909331	0.000494	0.498434
452.496397	0.000628	0.509137
450.576796	0.000541	0.507523
449.336933	0.000469	0.494068
447.178486	0.000488	0.459314
445.140861	0.000550	0.463426
442.422530	0.000666	0.442231
440.498601	0.000447	0.394776
437.180610	0.000538	0.361724
435.368582	0.000309	0.338915
432.080534	0.000403	0.306477
430.329786	0.000528	0.272340
428.474496	0.000200	0.254596
426.511427	0.000353	0.251745
425.740900	0.000047	0.253263
423.891605	0.000141	0.239944
422.000077	0.000294	0.234497
419.119659	0.000188	0.246045
417.016668	0.000091	0.262110
414.360824	0.000328	0.285727
411.809729	0.000281	0.315325
409.378103	0.000394	0.367471
406.270638	0.000356	0.408537
404.091538	0.000316	0.429940
401.798980	0.000566	0.458744
400.204079	0.000863	0.491431
398.896860	0.000447	0.512854
396.367813	0.000531	0.536374
394.484785	0.000475	0.532448
391.410347	0.000800	0.545377
389.482158	0.000613	0.549433
386.622984	0.000688	0.550117
384.142501	0.000747	0.517256
381.525828	0.000263	0.464791
379.744918	0.000322	0.447302
378.302542	0.000519	0.399001
376.748562	0.000469	0.376790
375.366440	0.000241	0.355459
372.998350	0.000513	0.310496
370.776898	0.000278	0.263838
367.955168	0.000150	0.231971
366.407375	0.000153	0.203005
363.149726	0.000403	0.190863
361.151810	0.000041	0.176651
357.771750	0.000163	0.187461
355.216977	0.000213	0.216004
352.595349	0.000394	0.261067
351.143280	0.000353	0.293766
349.443237	0.000438	0.319601
347.701102	0.000534	0.361185
344.704425	0.000341	0.425198
342.717242	0.000544	0.475059
339.588185	0.000594	0.518641
337.305680	0.000688	0.563714
334.768021	0.000713	0.589671
332.868172	0.000885	0.609392
330.574232	0.000794	0.607634
328.545377	0.000713	0.586413
327.201251	0.000938	0.570533
324.784503	0.000534	0.554568
324.203613	0.000497	0.538705
321.260952	0.000769	0.508834
319.976407	0.000478	0.437914
316.675154	0.000319	0.391247
314.102098	0.000428	0.331849
310.837268	0.000263	0.267842
308.523667	0.000406	0.214163
305.951403	0.000006	0.189227
303.760761	0.000022	0.161617
302.204391	0.000284	0.155607
299.853937	0.000044	0.156546
298.329171	0.000375	0.163812
296.016852	0.000281	0.186615
293.780134	0.000178	0.229168
291.630835	0.000272	0.254050
288.671056	0.000381	0.313206
286.613150	0.000519	0.381057
283.854010	0.000431	0.424205
281.642466	0.000691	0.481850
279.815993	0.000706	0.509128
278.193937	0.000616	0.553784
276.724413	0.000797	0.553455
274.609558	0.000566	0.577638
272.866757	0.000700	0.603884
270.358539	0.000622	0.601170
268.215782	0.000703	0.594379
265.338765	0.000544	0.569107
262.740786	0.000566	0.535838
259.745172	0.000538	0.482786
256.694497	0.000672	0.431154
254.884825	0.000450	0.365685
252.673248	0.000356	0.328967
251.074293	0.000556	0.313289
249.236602	0.000147	0.272151
247.153587	0.000338	0.238790
244.692381	0.000275	0.196605
242.002884	-0.000059	0.173633
239.572891	0.000238	0.163821
236.826438	0.000188	0.169469
234.463463	0.000469	0.190134
232.142485	0.000231	0.225103
230.002326	0.000341	0.265740
228.663265	0.000422	0.280267
226.983712	0.000272	0.314470
225.412324	0.000356	0.349336
223.174461	0.000541	0.391421
221.151838	0.000456	0.455124
218.095269	0.000553	0.482720
216.027204	0.000541	0.543985
212.976998	0.000650	0.575570
210.548877	0.000591	0.579741
207.519478	0.000713	0.590850
205.434133	0.000528	0.586886
203.267701	0.000441	0.577567
201.462831	0.000706	0.571088
200.028064	0.000656	0.529989
197.969201	0.000709	0.493322
195.942666	0.000672	0.444978
193.255627	0.000463	0.399355
191.247028	0.000484	0.362072
188.050640	0.000444	0.302147
185.829916	0.000309	0.254337
183.379632	0.000109	0.232060
181.103283	0.000044	0.194158
179.701244	0.000178	0.174511
177.911375	-0.000003	0.175967
176.927414	0.000153	0.174849
174.724298	0.000078	0.171202
172.215178	0.000197	0.203963
170.106483	0.000228	0.211040
167.057585	0.000234	0.253533
165.063390	0.000238	0.308219
161.581224	0.000325	0.360262
159.591381	0.000541	0.440446
156.392679	0.000822	0.490781
153.990081	0.000488	0.526008
152.301135	0.000594	0.553432
150.502697	0.000659	0.567276
148.742853	0.000553	0.588604
146.516000	0.000581	0.583416
144.028822	0.000613	0.599109
141.786956	0.000628	0.581086
138.743005	0.000719	0.547270
136.264152	0.000525	0.485887
133.757723	0.000372	0.452885
131.302878	0.000519	0.405883
129.698343	0.000422	0.387381
128.254484	0.000394	0.364855
127.027606	0.000578	0.310757
124.562027	0.000191	0.305939
122.757256	0.000209	0.245405
119.661034	0.000294	0.226644
117.892348	0.000200	0.200319
114.713741	0.000231	0.180470
112.806860	0.000084	0.186149
109.440499	0.000378	0.208529
106.898266	0.000463	0.233759
104.110711	0.000203	0.266337
102.843147	0.000169	0.309490
101.302182	0.000278	0.327247
99.133578	0.000553	0.370601
97.506795	0.000444	0.422252
94.580028	0.000378	0.454511
92.709219	0.000519	0.508633
89.892174	0.000678	0.539903
87.997154	0.000906	0.560441
84.870949	0.000713	0.586460
83.316142	0.000725	0.592014
80.689007	0.000563	0.575010
79.360699	0.000684	0.562744
77.506064	0.000609	0.545412
75.844450	0.000753	0.542578
73.472127	0.000047	0.492706
71.694193	0.000450	0.455957
69.234103	0.000294	0.405750
66.775176	0.000250	0.368740
63.944263	0.000394	0.319410
60.831185	0.000341	0.265813
58.052508	0.000147	0.230727
55.462962	0.000159	0.214637
53.841374	0.000216	0.208219
51.601835	0.000116	0.198362
50.942509	0.000316	0.207223
47.967934	0.000228	0.214237
46.378747	0.000166	0.225839
42.921825	0.000434	0.254633
41.223654	0.000294	0.295264
38.409971	0.000431	0.353536
35.893444	0.000372	0.393281
33.829549	0.000341	0.426472
31.165366	0.000572	0.473271
29.321490	0.000575	0.501654
27.522531	0.000409	0.517145
26.663607	0.000538	0.540257
24.065576	0.000503	0.545194
22.457294	0.000641	0.555824
19.318095	0.000597	0.554781
17.189868	0.000466	0.538136
13.889128	0.000456	0.508120
11.078233	0.000419	0.484231
8.292450	0.000597	0.443832
6.057075	0.000394	0.384815
3.772728	0.000231	0.356056
2.633539	0.000275	0.332252
0.832864	0.000381	0.315904
-1.274275	0.000413	0.301599
-3.401365	0.000156	0.257425
-5.948112	0.000456	0.252394
-7.863698	0.000241	0.241486
-10.488036	0.000109	0.237851
-12.766308	0.000319	0.235695
-15.681763	0.000013	0.248973
-17.560199	0.000213	0.263574
-20.453422	0.000234	0.294616
-20.887038	0.000284	0.312913
-22.649345	0.000088	0.323196
-23.986337	0.000256	0.357060
-27.060906	0.000559	0.384446
-29.174983	0.000397	0.409234
-32.107458	0.000675	0.461590
-34.453262	0.000625	0.480895
-36.932392	0.000463	0.507200
-40.052457	0.000463	0.510359
-42.281740	0.000403	0.506818
-45.551236	0.000759	0.509387
-46.290042	0.000641	0.508203
-48.671431	0.000678	0.509569
-49.594409	0.000525	0.474888
-52.446414	0.000491	0.449764
-54.370490	0.000656	0.423001
-57.584902	0.000397	0.388128
-59.972832	0.000441	0.366298
-62.847302	0.000291	0.333316
-64.897853	0.000413	0.306979
-67.041011	0.000153	0.285650
-68.682575	0.000447	0.262388
-70.897588	0.000200	0.265398
-72.164737	0.000169	0.269415
-74.691862	0.000609	0.260358
-76.542658	0.000425	0.261007
-78.635349	0.000206	0.279528
-81.340178	0.000141	0.303270
-83.781390	0.000203	0.327046
-87.238043	0.000528	0.347084
-89.241471	0.000481	0.373066
-93.060308	0.000531	0.423552
-93.685630	0.000484	0.440429
-96.736482	0.000403	0.441169
-97.310207	0.000538	0.463658
-99.937627	0.000531	0.470008
-102.129046	0.000647	0.494351
-104.494393	0.000438	0.493506
-106.747410	0.000431	0.484291
-108.619726	0.000550	0.490794
-111.187763	0.000400	0.493045
-113.772179	0.000509	0.467592
-116.510378	0.000428	0.417695
-118.863560	0.000441	0.398977
-120.624997	0.000669	0.392596
-121.692913	0.000391	0.366302
-123.164797	0.000506	0.347020
-125.271653	0.000300	0.328267
-128.174164	0.000453	0.312368
-130.029685	0.000331	0.294948
-133.297661	0.000275	0.278951
-134.728974	0.000369	0.282925
-138.388654	0.000416	0.290857
-140.235398	0.000275	0.305824
-143.886009	0.000594	0.315376
-145.662702	0.000238	0.325804
-147.671236	0.000316	0.346738
-148.468000	0.000288	0.366048
-150.493601	0.000622	0.371994
-152.931210	0.000369	0.400930
-155.214958	0.000547	0.435305
-158.202335	0.000575	0.433012
-160.347825	0.000513	0.439270
-163.494767	0.000872	0.443273
-165.041085	0.000450	0.473520
-167.853449	0.000503	0.476048
-169.257960	0.000466	0.462994
-171.084594	0.000491	0.457124
-172.629707	0.000450	0.458311
-174.796552	0.000453	0.443236
-177.384804	0.000550	0.412130
-179.241468	0.000275	0.391592
-181.371569	0.000450	0.396026
-184.435601	0.000572	0.366047
-187.067482	0.000263	0.353909
-190.646511	0.000281	0.317026
-192.584426	0.000250	0.314571
-195.243258	0.000306	0.320220
-196.392379	0.000391	0.308204
-197.822720	0.000491	0.305351
-200.161086	0.000216	0.322057
-202.116586	0.000144	0.326610
-204.720759	0.000356	0.335708
-206.654612	0.000547	0.343359
-209.741995	0.000250	0.366024
-211.880495	0.000272	0.378141
-214.362210	0.000416	0.396742
-216.854246	0.000381	0.412550
-218.543278	0.000653	0.420737
-220.714920	0.000534	0.419423
-222.033841	0.000403	0.406952
-223.969824	0.000388	0.429301
-225.658552	0.000438	0.441659
-228.380793	0.000456	0.435300
-230.487071	0.000638	0.436293
-233.453964	0.000488	0.431957
-235.842186	0.000403	0.412839
-238.745512	0.000375	0.403256
-241.539155	0.000366	0.402112
-243.736850	0.000291	0.387100
-245.722459	0.000384	0.370904
-247.166329	0.000303	0.365146
-248.917300	0.000356	0.351381
-251.014818	0.000359	0.348416
-253.761315	0.000313	0.336122
-255.655669	0.000256	0.345573
-258.474071	0.000456	0.338308
-260.344410	0.000363	0.330193
-263.447575	0.000303	0.345367
-265.792629	0.000472	0.343289
-268.351873	0.000328	0.364746
-269.856243	0.000297	0.366821
-271.852699	0.000306	0.374438
-272.358167	0.000322	0.383242
-274.883029	0.000534	0.395908
-277.106388	0.000363	0.405105
-280.087402	0.000719	0.403641
-282.762333	0.000359	0.403788
-285.257551	0.000803	0.421497
-288.557050	0.000569	0.412770
-290.299242	0.000241	0.426636
-293.473667	0.000284	0.408672
-294.986540	0.000478	0.401916
-297.418701	0.000306	0.406147
-298.345306	0.000344	0.385300
-301.173054	0.000553	0.385065
-302.888386	0.000378	0.382301
-305.189082	0.000366	0.390295
-307.094847	0.000634	0.362420
-310.242632	0.000325	0.358293
-313.018334	0.000469	0.355447
-315.887059	0.000366	0.362417
-317.741481	0.000250	0.362781
-319.483060	0.000416	0.353816
-320.725024	0.000384	0.364047
-322.303114	0.000241	0.363148
-324.471261	0.000369	0.351423
-326.581964	0.000384	0.372379
-329.406106	0.000434	0.375660
-330.986964	0.000538	0.393620
-334.843907	0.000553	0.385286
-335.973627	0.000288	0.394080
-339.893586	0.000419	0.386826
-341.609650	0.000122	0.401592
-344.972954	0.000375	0.410605
-346.423065	0.000316	0.393370
-348.023794	0.000391	0.400805
-349.646269	0.000431	0.400798
-351.369794	0.000491	0.401590
-354.396660	0.000322	0.388599
-356.384177	0.000491	0.380851
-359.847631	0.000375	0.388353
-361.664859	0.000372	0.381209
-364.540537	0.000581	0.380551
-366.530383	0.000572	0.380059
-368.947730	0.000713	0.384066
-369.941405	0.000328	0.382237
-371.870720	0.000531	0.369213
-373.450689	0.000453	0.372599
-375.931187	0.000297	0.373344
-378.366706	0.000409	0.390714
-380.690885	0.000309	0.369643
-383.223623	0.000481	0.367171
-386.026067	0.000559	0.370876
-389.022743	0.000666	0.380558
-392.116453	0.000525	0.383006
-394.396478	0.000497	0.380869
-396.008676	0.000625	0.388898
-397.974967	0.000138	0.388720
-398.966867	0.000166	0.379668
-401.987992	0.000378	0.374628
-403.771902	0.000353	0.390104
-407.014432	0.000481	0.392708
-408.805605	0.000572	0.404238
-411.907851	0.000244	0.387603
-413.674342	0.000378	0.391215
-416.702201	0.000453	0.386626
-418.219727	0.000422	0.385561
-420.463226	0.000291	0.388872
-421.773727	0.000372	0.387925
-423.268552	0.000616	0.386255
-425.405019	0.000444	0.380283
-427.528862	0.000222	0.369850
-430.567474	0.000472	0.376856
-432.261685	0.000341	0.384675
-435.781312	0.000331	0.380955
-437.602469	0.000297	0.368925
-441.288206	0.000578	0.389843
-442.790796	0.000206	0.375996
-445.415818	0.000538	0.373786
-446.829335	0.000469	0.358781
-448.677567	0.000472	0.367930
-450.621102	0.000231	0.381410
-453.241292	0.000441	0.391848
-455.667952	0.000413	0.390842
-457.815469	0.000453	0.389279
-460.552654	0.000394	0.384310
-462.990178	0.000497	0.387556
-465.552005	0.000569	0.395330
-467.879998	0.000316	0.397502
-469.521007	0.000575	0.391525
-471.109401	0.000366	0.395674
-472.297680	0.000497	0.384916
-474.225566	0.000325	0.382376
-476.808023	0.000172	0.382177
-479.395476	0.000438	0.387920
-482.142824	0.000459	0.388105
-484.719712	0.000378	0.381889
-487.512745	0.000372	0.395029
-489.872483	0.000516	0.380823
-492.671646	0.000384	0.369269
-495.240980	0.000591	0.384048
-496.455398	0.000394	0.380371
-498.867584	0.000538	0.384256
-500.192226	0.000409	0.383607
-503.091175	0.000325	0.376703
-505.137420	0.000400	0.379809
-507.476094	0.000581	0.384954
-510.553972	0.000375	0.381189
-512.781703	0.000431	0.379802
-515.809777	0.000538	0.386230
-517.623039	0.000450	0.390967
-519.603488	0.000581	0.387957
-520.501973	0.000331	0.385559
-522.687632	0.000347	0.391638
-524.465089	0.000472	0.397286
-527.024438	0.000525	0.395192
-529.209267	0.000597	0.402007
-531.019153	0.000431	0.397830
-533.792308	0.000353	0.387482
-536.360391	0.000225	0.391631
-539.456920	0.000341	0.381799
-542.037183	0.000344	0.389756
-544.600987	0.000491	0.389861
-546.063218	0.000331	0.387333
-548.171811	0.000316	0.379458
-549.670086	0.000456	0.378209
-551.877642	0.000491	0.382404
-554.406402	0.000509	0.387933
-556.816339	0.000178	0.388723
-559.286539	0.000503	0.375802
-562.256683	0.000481	0.385647
-564.019507	0.000363	0.378489
-567.193073	0.000322	0.366772
-567.978110	0.000372	0.372336
-570.618055	0.000406	0.377740
-571.308898	0.000278	0.381647
-573.979919	0.000391	0.387320
-575.355090	0.000259	0.379959
-578.102756	0.000456	0.379074
-580.616257	0.000372	0.373906
-582.829231	0.000494	0.388856
-586.280683	0.000656	0.386910
-588.311667	0.000438	0.385913
-591.894567	0.000478	0.406792
-593.819170	0.000500	0.394254
-596.217292	0.000513	0.395489
-597.551413	0.000391	0.402776
-599.374794	0.000513	0.401121
-601.274076	0.000519	0.401878
-604.117190	0.000472	0.391747
-606.742900	0.000469	0.390416
-609.270011	0.000506	0.380878
-612.033674	0.000541	0.382277
-614.218334	0.000497	0.393232
-617.024850	0.000534	0.373539
-618.589794	0.000541	0.375436
-620.538719	0.000522	0.386277
-621.954890	0.000244	0.383526
-623.686514	0.000338	0.362909
-625.507770	0.000575	0.369743
-627.740137	0.000403	0.379616
-630.310600	0.000388	0.370274
-632.291765	0.000328	0.373365
-635.502366	0.000459	0.386753
-637.824735	0.000344	0.392155
-640.602323	0.000575	0.382837
-643.425323	0.000325	0.381273
-645.313784	0.000475	0.403121
-647.643057	0.000394	0.391574
-648.832582	0.000419	0.399582
-651.149014	0.000363	0.401332
-653.101262	0.000588	0.392969
-655.737060	0.000447	0.404771
-658.112391	0.000538	0.405970
-660.741723	0.000544	0.400914
-663.622619	0.000653	0.399513
-665.695112	0.000566	0.405842
-668.108139	0.000591	0.403089
-670.005027	0.000303	0.379386
-670.942010	0.000672	0.388140
-672.937251	0.000394	0.384030
-674.353283	0.000534	0.390395
-677.327534	0.000263	0.373233
-679.560313	0.000519	0.382480
-681.977469	0.000341	0.385922
-684.868532	0.000453	0.378309
-687.092400	0.000497	0.384395
-690.098167	0.000438	0.377241
-692.378222	0.000428	0.384649
-695.480897	0.000334	0.383480
-696.816921	0.000538	0.379004
-699.296858	0.000478	0.369170
-700.530313	0.000603	0.379197
-703.125323	0.000497	0.386521
-705.559605	0.000288	0.388646
-707.759859	0.000325	0.379555
-710.977680	0.000397	0.394203
-713.054540	0.000394	0.403869
-715.474425	0.000388	0.397940
-718.050116	0.000384	0.391558
-720.060945	0.000438	0.388526
-721.352274	0.000553	0.394139
-722.967798	0.000500	0.408009
-724.753016	0.000359	0.401615
-726.869852	0.000372	0.405209
-729.391541	0.000656	0.404026
-731.762030	0.000431	0.400287
-734.335780	0.000750	0.388988
-736.848469	0.000431	0.385952
-739.706058	0.000494	0.386969
-742.513304	0.000375	0.387821
-744.826961	0.000309	0.370647
-746.926302	0.000469	0.369389
-748.618484	0.000609	0.365495
-750.627989	0.000488	0.382740
-752.336459	0.000350	0.383453
-755.405202	0.000634	0.374390
-757.054521	0.000506	0.380292
-760.152551	0.000509	0.376972
-762.446069	0.000650	0.382990
-764.927145	0.000381	0.371768
-767.859397	0.000419	0.376645
-769.169493	0.000331	0.385544
-771.007631	0.000588	0.383392
-772.154506	0.000578	0.386931
-774.018792	0.000444	0.391027
-775.895209	0.000322	0.387594
-778.332076	0.000441	0.413648
-781.350743	0.000531	0.405621
-783.200089	0.000456	0.405307
-786.714753	0.000369	0.398705
-788.947181	0.000481	0.410903
-791.845363	0.000309	0.397702
-794.410607	0.000528	0.390265
-796.027968	0.000425	0.387710
-798.470220	0.000331	0.393823
-799.554525	0.000297	0.388297
-802.528992	0.000525	0.380005
-804.009006	0.000222	0.374628
-807.354920	0.000363	0.378811
-809.115011	0.000309	0.370806
-812.427568	0.000475	0.371712
-814.985829	0.000438	0.367650
-817.382589	0.000434	0.384035
-819.744545	0.000372	0.380976
-820.446883	0.000309	0.374838
-822.755152	0.000494	0.381392
-823.513234	0.000341	0.372751
-826.200998	0.000463	0.397683
-828.300109	0.000503	0.391063
-831.157682	0.000425	0.383500
-833.230758	0.000509	0.389972
-835.973562	0.000431	0.388842
-838.449774	0.000069	0.390014
-841.102464	0.000397	0.386448
-843.969054	0.000503	0.395436
-846.566216	0.000488	0.408554
-847.740380	0.000378	0.397993
-849.899574	0.000375	0.392546
-851.213818	0.000381	0.384924
-854.095782	0.000284	0.401908
-856.484805	0.000575	0.394878
-858.968496	0.000334	0.385506
-861.870419	0.000534	0.392488
-863.480197	0.000522	0.395852
-866.498130	0.000650	0.389219
-867.922488	0.000447	0.376248
-870.822427	0.000444	0.377392
-871.260194	0.000291	0.390634
-873.751275	0.000456	0.375631
-875.043875	0.000375	0.370531
-877.762458	0.000350	0.362495
-879.383200	0.000494	0.384479
-882.398557	0.000494	0.380382
-884.669974	0.000397	0.371179
-888.386503	0.000488	0.371962
-890.311548	0.000306	0.395947
-893.594875	0.000353	0.396472
-895.454900	0.000619	0.377015
-897.301799	0.000300	0.379037
-899.461883	0.000378	0.395993
-901.271530	0.000422	0.383622
-903.826232	0.000272	0.387749
-906.029801	0.000228	0.394399
-908.403164	0.000531	0.404098
-910.890162	0.000303	0.391937
-913.732438	0.000491	0.391179
-916.160706	0.000444	0.394687
-919.046730	0.000331	0.408790
-920.326807	0.000253	0.411544
-922.463197	0.000281	0.389950
-923.189211	0.000581	0.390607
-925.735517	0.000275	0.388719
-927.011741	0.000394	0.386559
-930.163775	0.000209	0.390188
-932.309982	0.000544	0.388362
-934.926200	0.000381	0.381608
-937.588053	0.000378	0.367155
-940.202360	0.000431	0.361455
-943.212078	0.000522	0.371997
-945.271853	0.000206	0.362680
-947.439049	0.000434	0.370138
-949.202928	0.000431	0.379779
-950.936098	0.000419	0.373989
-953.110397	0.000538	0.386608
-955.177144	0.000494	0.386301
-957.799415	0.000541	0.386095
-959.787936	0.000638	0.396872
-962.768137	0.000509	0.397279
-965.106019	0.000406	0.403862
-967.299208	0.000416	0.404160
-969.470944	0.000178	0.388180
-970.675706	0.000375	0.386747
-972.535361	0.000416	0.406542
-973.880149	0.000356	0.384275
-976.182015	0.000519	0.391246
-978.278754	0.000300	0.398455
-981.142662	0.000472	0.399569
-983.257636	0.000284	0.388678
-986.403826	0.000472	0.376810
-989.082117	0.000247	0.392433
-991.941271	0.000453	0.390050
-994.253138	0.000263	0.386015
-996.582990	0.000478	0.378191
-997.808380	0.000500	0.386652
