-68385.050033	0.000438	0.377253
-68385.570407	0.000003	0.383759
-68386.882262	0.000191	0.374938
-68389.285933	0.000491	0.387064
-68392.496901	0.000344	0.387033
-68395.486919	0.000297	0.377288
-68398.161640	0.000191	0.367064
-68398.533462	0.000413	0.376150
-68399.437996	0.000459	0.387747
-68399.788888	0.000275	0.384060
-68402.272470	0.000138	0.382990
-68405.252278	0.000266	0.386073
-68408.456017	0.000403	0.391277
-68410.893677	0.000394	0.395734
-68411.824602	0.000219	0.379747
-68413.062385	0.000181	0.379585
-68414.245918	0.000066	0.393064
-68416.787382	0.000291	0.401051
-68419.853044	0.000422	0.392961
-68423.885289	0.000178	0.387976
-68426.829185	0.000456	0.383923
-68429.602028	0.000300	0.376204
-68430.437070	0.000100	0.374360
-68431.472152	0.000391	0.387707
-68432.490347	0.000366	0.389212
-68434.936643	0.000241	0.379860
-68437.911786	0.000300	0.372556
-68440.295581	0.000494	0.370444
-68442.966279	0.000406	0.383716
-68444.668420	0.000031	0.378069
-68447.189213	0.000381	0.393077
-68449.196795	0.000322	0.386218
-68450.982216	0.000397	0.384808
-68453.109937	0.000325	0.387495
-68454.765237	0.000038	0.376477
-68456.336205	0.000372	0.384923
-68458.183944	0.000028	0.379636
-68460.463793	0.000231	0.383059
-68462.509944	0.000206	0.386171
-68464.522423	0.000388	0.391937
-68467.642246	0.000216	0.381486
-68469.927322	-0.000081	0.378748
-68473.227150	0.000391	0.381903
-68475.720694	0.000094	0.392902
-68477.928657	0.000634	0.401598
-68479.575974	0.000094	0.377046
-68480.681077	0.000175	0.379106
-68482.712479	0.000313	0.387542
-68485.044933	0.000328	0.371705
-68487.866536	0.000281	0.379738
-68489.773033	0.000472	0.385653
-68492.585173	0.000306	0.388904
-68494.659478	0.000134	0.379759
-68497.268882	0.000434	0.383177
-68499.696220	0.000284	0.383965
-68501.615667	0.000141	0.385345
-68503.687376	0.000253	0.394376
-68504.473400	0.000313	0.379469
-68506.551639	-0.000013	0.392416
-68508.055213	0.000316	0.381357
-68510.983113	0.000331	0.385969
-68513.000264	0.000316	0.383128
-68516.337690	0.000369	0.379656
-68518.566541	0.000122	0.387373
-68521.268940	0.000263	0.382850
-68523.871256	0.000353	0.380044
-68525.817607	0.000506	0.372355
-68527.965194	0.000272	0.370028
-68529.902408	0.000194	0.377698
-68531.238585	0.000234	0.370937
-68533.136541	0.000325	0.393253
-68535.158389	0.000538	0.391740
-68537.503926	0.000284	0.389601
-68539.825113	0.000538	0.385155
-68542.826599	0.000641	0.378269
-68544.863685	0.000294	0.383853
-68547.403828	0.000113	0.398205
-68549.228307	0.000350	0.395737
-68550.628684	0.000078	0.387335
-68552.418086	0.000225	0.384541
-68553.760341	0.000422	0.384645
-68556.145896	0.000284	0.376973
-68557.864216	0.000300	0.376960
-68560.656735	0.000269	0.388165
-68562.676835	0.000350	0.384693
-68565.443878	0.000516	0.377854
-68568.871319	0.000172	0.385184
-68570.716977	0.000109	0.379535
-68573.783622	0.000231	0.368950
-68574.808322	0.000266	0.378704
-68577.017331	0.000200	0.380381
-68578.212880	0.000338	0.389637
-68580.928361	0.000281	0.383534
-68582.982772	0.000225	0.384574
-68584.994977	0.000472	0.376693
-68587.800986	0.000400	0.383619
-68589.901375	0.000216	0.396301
-68592.937539	-0.000056	0.390489
-68594.970764	0.000206	0.392412
-68597.398313	0.000447	0.387861
-68599.412918	0.000169	0.378199
-68600.913318	0.000269	0.383175
-68602.087777	0.000409	0.374211
-68604.074359	0.000384	0.391959
-68606.229910	0.000431	0.386708
-68608.744743	0.000238	0.377248
-68611.283642	0.000472	0.379240
-68614.100328	0.000400	0.384381
-68616.595562	0.000284	0.382345
-68619.450224	0.000288	0.376153
-68621.688041	0.000297	0.384410
-68624.269104	0.000572	0.391636
-68625.395275	0.000388	0.390961
-68626.959622	0.000278	0.391482
-68629.416525	0.000138	0.379716
-68631.007011	0.000309	0.390668
-68634.018264	0.000384	0.391245
-68635.285537	0.000178	0.397656
-68638.170954	0.000328	0.395149
-68640.226245	0.000272	0.386947
-68643.604430	0.000422	0.387494
-68645.010714	0.000200	0.373317
-68647.341908	0.000450	0.374763
-68648.091526	0.000306	0.389062
-68649.903193	0.000344	0.393976
-68651.748333	0.000350	0.384576
-68654.129640	0.000378	0.372742
-68656.718648	0.000328	0.376147
-68658.444659	0.000422	0.380604
-68661.915140	0.000525	0.386819
-68663.591511	0.000406	0.389871
-68666.764008	0.000056	0.396548
-68669.202668	0.000378	0.391360
-68671.615835	0.000409	0.388340
-68673.497690	0.000322	0.392366
-68675.113799	0.000197	0.387283
-68676.451662	0.000406	0.386981
-68678.723244	0.000366	0.393244
-68680.907073	0.000266	0.393738
-68683.838433	0.000525	0.393371
-68685.829526	0.000475	0.389446
-68688.792112	0.000175	0.390161
-68690.625210	0.000266	0.372692
-68693.530388	0.000334	0.392118
-68695.001358	0.000266	0.383096
-68697.113348	0.000275	0.386809
-68698.924890	0.000419	0.383923
-68700.355397	0.000366	0.373855
-68702.502880	0.000391	0.385845
-68704.493235	0.000228	0.387239
-68707.870017	0.000275	0.390473
-68709.243133	0.000375	0.392776
-68713.095761	0.000134	0.396163
-68714.931839	0.000266	0.389124
-68718.082009	0.000397	0.388336
-68720.279963	0.000178	0.394494
-68722.303765	0.000363	0.389671
-68724.406000	0.000338	0.390022
-68724.946573	0.000250	0.390049
-68727.916421	0.000472	0.391799
-68729.044522	0.000241	0.391968
-68732.273477	0.000303	0.383765
-68733.835487	0.000150	0.381114
-68737.016307	0.000278	0.389193
-68739.192798	0.000247	0.401572
-68741.790714	0.000338	0.387598
-68743.711688	0.000147	0.385936
-68745.664153	0.000463	0.375284
-68746.759726	0.000116	0.385591
-68748.560161	0.000456	0.397129
-68750.458753	0.000022	0.389399
-68752.950683	0.000200	0.394320
-68755.067512	0.000472	0.405205
-68757.304565	0.000388	0.381929
-68759.917568	0.000153	0.379584
-68762.596805	0.000238	0.387661
-68765.629855	0.000256	0.391024
-68768.130139	0.000413	0.390826
-68770.643857	0.000178	0.385007
-68771.474970	0.000266	0.387473
-68773.637881	0.000463	0.390130
-68774.916295	0.000184	0.375789
-68777.726209	0.000397	0.376856
-68779.742175	0.000478	0.386733
-68782.380219	0.000381	0.383346
-68784.989308	0.000475	0.385083
-68787.686784	0.000375	0.379482
-68790.036614	0.000447	0.380368
-68791.866193	0.000291	0.382992
-68794.599835	0.000209	0.385003
-68795.181456	0.000384	0.392663
-68797.716634	0.000228	0.385435
-68798.592773	0.000353	0.394940
-68801.588058	0.000106	0.394603
-68803.306887	0.000241	0.387432
-68806.371293	0.000206	0.383807
-68808.844751	0.000459	0.387680
-68811.795425	0.000459	0.396387
-68814.153500	0.000203	0.401469
-68817.114153	0.000303	0.399737
-68819.207463	0.000213	0.384144
-68820.914494	0.000384	0.385208
-68822.055342	0.000281	0.378294
-68824.768726	0.000009	0.380879
-68826.102643	0.000184	0.388913
-68828.882024	0.000341	0.387032
-68830.569611	0.000269	0.380298
-68833.260420	0.000406	0.380062
-68836.110488	0.000350	0.377677
-68838.469775	0.000203	0.376965
-68841.423473	0.000463	0.386619
-68842.340713	0.000409	0.393299
-68844.565145	0.000403	0.393863
-68845.111512	0.000138	0.383381
-68847.373154	0.000228	0.381776
-68849.544999	0.000413	0.388922
-68851.771580	0.000297	0.389293
-68854.953161	0.000244	0.383359
-68856.629104	0.000391	0.393955
-68860.092123	0.000341	0.392416
-68861.704746	0.000344	0.390882
-68865.380664	0.000297	0.383797
-68866.871956	0.000444	0.381399
-68869.125167	0.000319	0.390553
-68870.703690	0.000488	0.395378
-68872.162512	0.000394	0.383000
-68874.581618	0.000100	0.380196
-68876.529013	0.000172	0.378208
-68879.472079	0.000219	0.387140
-68881.366765	0.000441	0.383569
-68884.211040	0.000428	0.386266
-68886.658543	0.000188	0.384471
-68889.106961	0.000503	0.380791
-68891.276222	0.000284	0.380364
-68893.360932	0.000434	0.384597
-68894.893719	0.000319	0.382283
-68896.186847	0.000241	0.389227
-68898.126945	0.000444	0.397796
-68900.814749	0.000228	0.390877
-68902.913631	0.000300	0.391756
-68905.972788	0.000281	0.387478
-68908.185223	0.000153	0.389046
-68911.254371	0.000609	0.378186
-68913.642017	0.000241	0.385539
-68916.176866	0.000541	0.392816
-68918.397117	0.000256	0.384333
-68919.900566	0.000238	0.377536
-68921.826002	0.000341	0.382858
-68923.153364	0.000013	0.386226
-68926.507617	0.000184	0.396250
-68927.705291	0.000438	0.396029
-68930.976332	0.000363	0.390853
-68932.826431	0.000319	0.390246
-68935.695987	0.000181	0.396406
-68938.039647	0.000325	0.387350
-68940.197756	0.000272	0.397632
-68942.459983	0.000544	0.390264
-68943.500106	0.000275	0.391524
-68945.264537	0.000259	0.392801
-68946.427173	0.000416	0.392524
-68949.051164	0.000372	0.384216
-68951.196528	0.000403	0.381808
-68953.868385	0.000163	0.374267
-68956.524849	0.000444	0.385363
-68959.115590	0.000431	0.393017
-68961.581773	0.000269	0.378904
-68964.287257	0.000266	0.370074
-68966.354355	0.000119	0.377177
-68968.417049	0.000294	0.369566
-68969.621869	0.000153	0.376728
-68971.795262	0.000300	0.383852
-68973.517171	0.000406	0.390175
-68976.486063	0.000547	0.394251
-68978.951786	0.000369	0.387002
-68980.970406	0.000772	0.381785
-68983.625936	0.000266	0.385571
-68985.858513	0.000397	0.400563
-68988.662662	0.000344	0.389571
-68990.616449	0.000231	0.388674
-68992.452498	0.000116	0.392617
-68993.555299	0.000484	0.391702
-68995.420456	0.000381	0.379733
-68997.059477	0.000119	0.375354
-69000.089341	0.000200	0.379429
-69002.704284	0.000138	0.391803
-69005.343709	0.000550	0.395166
-69008.092541	0.000166	0.385171
-69010.147686	0.000266	0.382218
-69013.590312	0.000038	0.384564
-69015.238013	-0.000006	0.389170
-69018.294668	0.000453	0.398099
-69019.016246	0.000263	0.384648
-69021.388707	0.000047	0.393033
-69022.414818	0.000238	0.390110
-69025.440200	0.000172	0.376743
-69027.499423	0.000216	0.388999
-69030.069183	0.000325	0.379104
-69032.876690	0.000034	0.390886
-69035.282053	0.000350	0.385453
-69037.721754	0.000359	0.381422
-69039.609579	0.000272	0.382931
-69041.057600	0.000294	0.377324
-69042.655056	0.000388	0.380728
-69044.505848	0.000378	0.384235
-69046.249769	0.000188	0.384897
-69048.837826	0.000322	0.385267
-69050.506908	0.000303	0.378181
-69053.696957	0.000550	0.373551
-69055.536143	0.000334	0.378936
-69058.883997	0.000500	0.383866
-69060.996178	0.000597	0.392364
-69063.730461	0.000375	0.394909
-69065.384962	0.000300	0.393009
-69067.147909	0.000219	0.396619
-69069.057354	0.000206	0.393783
-69070.875433	0.000403	0.388108
-69073.734241	0.000138	0.401527
-69075.244926	0.000238	0.388822
-69078.118802	0.000050	0.390000
-69080.244715	0.000297	0.388110
-69083.671924	0.000400	0.386317
-69085.695315	0.000306	0.384258
-69088.260936	0.000466	0.378127
-69089.781459	0.000106	0.383476
-69091.540689	0.000378	0.380885
-69092.599986	0.000322	0.375799
-69094.838112	0.000494	0.373451
-69097.104811	0.000366	0.375132
-69099.319224	0.000578	0.377306
-69101.746167	0.000566	0.380080
-69104.281586	0.000350	0.379417
-69107.054992	0.000338	0.390163
-69109.905774	0.000213	0.392043
-69113.068594	0.000434	0.389932
-69114.958560	0.000344	0.388343
-69117.043741	0.000497	0.385575
-69117.908242	0.000266	0.400813
-69120.625471	0.000150	0.405310
-69122.104934	0.000406	0.393634
-69125.223400	0.000350	0.399703
-69127.536871	0.000500	0.400199
-69129.937647	0.000328	0.390243
-69132.495783	0.000172	0.384940
-69134.490606	0.000288	0.390083
-69137.239793	0.000372	0.390449
-69138.817116	0.000456	0.383627
-69141.206841	0.000403	0.370405
-69141.632148	0.000300	0.376517
-69143.972686	0.000244	0.381365
-69145.293795	0.000459	0.378277
-69147.877780	0.000375	0.382385
-69150.352571	0.000444	0.387073
-69152.976822	0.000472	0.382334
-69155.724512	0.000375	0.386926
-69158.685186	0.000266	0.384555
-69160.715853	0.000222	0.385408
-69163.034960	0.000363	0.390421
-69164.930188	0.000278	0.393915
-69166.704641	0.000275	0.387495
-69168.320256	0.000234	0.389805
-69170.974480	0.000244	0.378293
-69173.380014	0.000263	0.385579
-69174.839423	0.000294	0.385537
-69177.626377	0.000319	0.403180
-69179.594254	0.000175	0.392571
-69183.335305	0.000466	0.388137
-69185.440932	0.000138	0.390269
-69188.034156	0.000309	0.377873
-69189.373754	0.000391	0.391536
-69190.430968	0.000372	0.389120
-69191.838032	0.000434	0.399496
-69194.228857	0.000528	0.389412
-69196.746455	0.000306	0.383559
-69199.111290	0.000278	0.391139
-69201.867315	0.000434	0.389701
-69203.958820	0.000363	0.388070
-69207.264274	0.000519	0.393445
-69209.583387	0.000266	0.392605
-69212.566932	0.000131	0.390183
-69214.757947	0.000266	0.388039
-69216.402193	0.000184	0.380671
-69218.008194	0.000197	0.380367
-69219.954075	0.000413	0.373638
-69222.389643	0.000169	0.380882
-69224.601691	0.000247	0.391911
-69227.302944	0.000238	0.383566
-69229.833680	0.000472	0.375698
-69232.215133	0.000209	0.390446
-69234.897463	0.000309	0.380197
-69236.969584	-0.000000	0.384432
-69239.057681	0.000388	0.392561
-69240.229181	0.000209	0.401441
-69241.711420	0.000175	0.392151
-69243.680114	0.000500	0.397009
-69245.702434	0.000325	0.388124
-69247.916240	0.000247	0.389486
-69250.157175	0.000419	0.387690
-69253.067922	0.000356	0.388435
-69255.609622	0.000203	0.390888
-69258.318061	0.000209	0.390636
-69261.158863	0.000094	0.387448
-69262.717197	0.000247	0.378666
-69265.475471	0.000384	0.371449
-69266.275268	0.000103	0.379593
-69269.183215	0.000413	0.383893
-69270.420501	0.000272	0.390414
-69273.532397	0.000250	0.378113
-69275.144310	0.000369	0.374978
-69278.343651	0.000094	0.370420
-69280.716914	0.000331	0.382391
-69283.398520	0.000316	0.398524
-69286.149623	0.000566	0.389172
-69287.053786	0.000313	0.400263
-69289.405294	0.000541	0.393813
-69290.180048	0.000534	0.388184
-69292.479884	0.000428	0.391263
-69294.283540	0.000575	0.398957
-69297.061207	0.000447	0.396253
-69299.265653	0.000200	0.403250
-69301.597761	0.000475	0.391860
-69304.160183	0.000391	0.403039
-69307.191082	0.000388	0.387651
-69310.016599	0.000294	0.371480
-69312.781525	0.000306	0.385922
-69314.785288	0.000216	0.386415
-69316.604042	0.000541	0.378389
-69317.738738	0.000566	0.375025
-69320.537087	0.000475	0.379182
-69322.433951	0.000413	0.378244
-69325.428125	0.000200	0.375424
-69327.584471	0.000325	0.382359
-69330.232370	0.000416	0.382384
-69333.138003	0.000322	0.389801
-69334.995627	0.000241	0.387941
-69337.313154	0.000375	0.379055
-69338.352831	0.000188	0.385868
-69340.509804	0.000444	0.398301
-69341.314099	0.000272	0.399498
-69344.029578	-0.000059	0.400671
-69346.391441	0.000306	0.403482
-69348.431321	0.000444	0.396458
-69350.703038	-0.000025	0.393931
-69353.215639	0.000634	0.387109
-69356.115828	0.000322	0.397863
-69359.172914	0.000431	0.401812
-69361.537097	0.000384	0.398591
-69363.932901	0.000166	0.383703
-69364.949394	0.000419	0.385095
-69366.782068	0.000369	0.390903
-69368.501630	0.000313	0.387016
-69371.861384	0.000447	0.390040
-69373.653036	0.000191	0.394955
-69376.546247	0.000341	0.395002
-69378.555828	0.000513	0.385664
-69381.126395	0.000284	0.378732
-69383.466775	0.000209	0.377446
-69385.890715	0.000400	0.391872
-69388.120321	0.000378	0.381283
-69389.416494	0.000234	0.381128
-69391.387123	0.000228	0.382216
-69392.391555	0.000341	0.378792
-69394.981411	0.000534	0.385178
-69396.878335	0.000363	0.383597
-69399.892021	0.000378	0.385480
-69402.643551	0.000275	0.384118
-69405.266488	0.000259	0.396540
-69407.876550	0.000381	0.389984
-69410.516025	-0.000003	0.389257
-69412.899682	0.000331	0.388779
-69415.069673	0.000509	0.389450
-69416.623951	0.000022	0.402236
-69418.868069	0.000250	0.401088
-69420.332161	0.000288	0.399429
-69423.429349	0.000219	0.394204
-69424.997131	0.000375	0.402881
-69429.004059	0.000444	0.393403
-69430.519835	0.000250	0.404497
-69433.864589	0.000244	0.395228
-69435.616687	0.000428	0.390562
-69437.343099	0.000400	0.387811
-69438.978905	0.000428	0.384679
-69440.344616	0.000431	0.377982
-69442.238286	0.000369	0.373236
-69443.739301	0.000222	0.377740
-69446.580956	0.000313	0.376095
-69448.679582	0.000341	0.370490
-69451.525589	0.000497	0.366974
-69454.286598	0.000422	0.366844
-69457.103618	0.000388	0.371121
-69459.838994	0.000238	0.378042
-69461.927475	0.000147	0.391162
-69463.665887	0.000322	0.391222
-69465.471795	0.000359	0.388824
-69467.194402	0.000281	0.401967
-69469.459491	0.000253	0.396215
-69472.064086	0.000206	0.403574
-69474.602810	0.000209	0.404374
-69476.327518	0.000444	0.408811
-69479.481992	0.000269	0.407068
-69481.757559	0.000428	0.408622
-69484.733300	0.000147	0.403430
-69486.328529	0.000428	0.396404
-69487.780110	0.000356	0.392912
-69489.159292	0.000350	0.391431
-69490.546324	0.000413	0.401523
-69492.911812	0.000597	0.395790
-69495.233646	0.000241	0.374949
-69498.220585	0.000166	0.368530
-69500.071543	0.000181	0.373459
-69503.230135	0.000372	0.369843
-69505.520354	0.000238	0.376641
-69508.254004	0.000341	0.376336
-69511.180788	0.000306	0.375676
-69513.150163	0.000438	0.375852
-69515.393480	0.000316	0.376454
-69516.576970	0.000184	0.380130
-69518.952423	0.000213	0.385019
-69521.165974	0.000466	0.384406
-69523.675498	0.000291	0.387014
-69525.951391	0.000325	0.409031
-69528.975495	0.000153	0.398266
-69531.346635	0.000319	0.397120
-69533.560359	0.000353	0.396432
-69535.788344	0.000234	0.402560
-69537.423191	0.000497	0.411640
-69538.861306	0.000238	0.410780
-69540.773218	0.000359	0.395439
-69542.316374	0.000238	0.392669
-69545.038201	0.000544	0.398008
-69546.870253	0.000244	0.390585
-69549.656006	0.000369	0.401298
-69552.074730	0.000303	0.396756
-69555.224669	0.000525	0.390599
-69557.717143	0.000375	0.387984
-69560.639837	0.000250	0.379573
-69562.742130	0.000303	0.382227
-69563.919565	0.000584	0.387373
-69566.086065	0.000294	0.380071
-69567.447514	0.000225	0.378138
-69570.456353	0.000216	0.378432
-69572.431470	0.000363	0.364548
-69575.142147	0.000322	0.360440
-69577.423428	0.000322	0.366170
-69579.881969	0.000291	0.369789
-69582.302251	0.000469	0.371768
-69584.613263	0.000281	0.372418
-69587.115066	0.000238	0.368393
-69588.047757	0.000188	0.380292
-69589.680276	0.000603	0.388390
-69591.474363	0.000319	0.380563
-69593.411614	0.000194	0.387384
-69595.908287	0.000350	0.398025
-69598.793463	0.000428	0.409919
-69600.993342	0.000422	0.406378
-69604.090294	0.000322	0.411585
-69606.148475	0.000397	0.405709
-69609.520567	0.000225	0.418907
-69611.547625	0.000431	0.425607
-69613.874796	0.000441	0.408567
-69615.189309	0.000284	0.413244
-69617.390347	0.000297	0.402755
-69619.175826	0.000419	0.391816
-69621.709665	0.000353	0.389290
-69624.175229	0.000275	0.389621
-69626.721753	0.000491	0.380005
-69629.934010	0.000334	0.373294
-69631.787547	0.000294	0.359907
-69634.916086	0.000038	0.357572
-69636.082215	0.000331	0.357205
-69638.094687	0.000200	0.350100
-69639.102451	0.000306	0.356672
-69641.641404	0.000341	0.351426
-69643.066135	0.000250	0.356198
-69645.738870	0.000369	0.363140
-69648.255479	0.000394	0.357024
-69650.681702	0.000175	0.370229
-69653.498357	0.000266	0.384620
-69656.193158	0.000238	0.391277
-69659.147648	0.000469	0.396735
-69661.245182	0.000369	0.408231
-69663.268149	0.000347	0.407811
-69664.787818	0.000272	0.411758
-69666.549838	0.000384	0.410499
-69668.250496	0.000328	0.421427
-69670.818792	0.000294	0.414309
-69673.467124	0.000472	0.426096
-69675.959470	0.000191	0.415194
-69678.575112	0.000488	0.403306
-69680.887448	0.000316	0.405355
-69683.300605	0.000247	0.391103
-69685.229936	0.000228	0.388591
-69687.080415	0.000366	0.391677
-69688.762673	0.000134	0.387810
-69689.758174	0.000278	0.378449
-69692.371257	0.000291	0.358167
-69694.128768	0.000325	0.352724
-69697.065182	0.000372	0.354326
-69699.283632	0.000303	0.349380
-69702.419907	0.000141	0.353164
-69705.361770	0.000263	0.347089
-69708.281874	0.000534	0.351812
-69710.491335	0.000272	0.351837
-69712.590162	0.000203	0.356455
-69714.196370	0.000288	0.368068
-69715.945989	0.000231	0.380551
-69718.220955	0.000213	0.387750
-69720.872035	0.000344	0.385216
-69723.109936	0.000366	0.391039
-69725.564557	0.000284	0.409207
-69727.601293	0.000503	0.414134
-69731.000278	0.000441	0.421873
-69732.795902	0.000191	0.430939
-69735.657296	0.000481	0.426315
-69737.214653	0.000422	0.426440
-69738.506173	0.000294	0.426891
-69740.114539	0.000428	0.425665
-69741.832471	0.000306	0.423826
-69744.716313	0.000247	0.414173
-69746.562206	0.000591	0.399444
-69749.770330	0.000341	0.387819
-69751.945542	0.000269	0.372928
-69755.287878	0.000344	0.365726
-69757.395295	0.000366	0.352658
-69760.838586	0.000238	0.346334
-69762.352514	0.000378	0.343324
-69764.224105	0.000441	0.350530
-69765.472384	0.000281	0.338702
-69767.625787	0.000331	0.335336
-69770.448538	0.000169	0.332062
-69772.192979	0.000181	0.350649
-69775.166029	0.000381	0.364685
-69776.844857	0.000022	0.369320
-69780.072177	0.000181	0.393117
-69781.979757	0.000247	0.397193
-69784.432974	0.000284	0.393706
-69786.600702	0.000238	0.413257
-69787.893159	0.000216	0.422598
-69789.452017	0.000116	0.425906
-69791.562269	0.000281	0.428215
-69793.454605	0.000363	0.424412
-69796.204816	0.000431	0.431794
-69798.179353	0.000350	0.430766
-69801.402854	0.000366	0.416613
-69803.434302	0.000363	0.428498
-69806.746077	0.000275	0.409511
-69809.164255	0.000497	0.404232
-69811.834643	0.000375	0.386032
-69813.664638	0.000388	0.381344
-69814.930326	0.000234	0.369499
-69817.395388	0.000413	0.366000
-69818.967697	0.000350	0.370936
-69821.676190	0.000275	0.362852
-69823.829588	0.000325	0.356469
-69826.668117	0.000150	0.350073
-69829.219504	0.000103	0.344703
-69831.915544	0.000009	0.350378
-69834.509420	0.000134	0.353008
-69836.202177	0.000241	0.358779
-69837.963699	0.000341	0.365178
-69839.406089	0.000303	0.372400
-69840.808122	0.000266	0.374166
-69843.675316	0.000156	0.382042
-69845.347876	0.000347	0.384265
-69848.732639	0.000378	0.395642
-69850.443816	0.000278	0.419889
-69853.980531	0.000359	0.414532
-69856.489956	0.000325	0.412511
-69859.593816	0.000047	0.413186
-69861.726188	0.000363	0.424415
-69863.471972	0.000472	0.412174
-69864.968436	0.000228	0.426507
-69866.347743	0.000275	0.432231
-69868.984804	0.000531	0.422605
-69871.114525	0.000134	0.418701
-69873.836886	0.000391	0.397794
-69875.780484	0.000369	0.396306
-69878.607603	0.000259	0.388962
-69880.849353	0.000366	0.377453
-69883.586815	0.000253	0.374107
-69885.427755	0.000166	0.353449
-69887.717779	0.000147	0.352395
-69888.804680	0.000347	0.344778
-69890.122407	0.000244	0.337635
-69892.291658	0.000363	0.341525
-69894.609785	0.000234	0.347823
-69897.258828	0.000325	0.356046
-69899.908078	0.000303	0.349821
-69902.473121	0.000288	0.352973
-69905.836695	0.000344	0.371017
-69907.711429	0.000359	0.385352
-69911.174457	0.000222	0.404039
-69912.596096	0.000469	0.405044
-69914.462123	0.000197	0.424592
-69915.804204	0.000388	0.414766
-69918.206194	0.000156	0.418577
-69920.828450	0.000303	0.428224
-69922.378282	0.000503	0.422215
-69925.747576	0.000250	0.426575
-69927.248912	0.000028	0.427134
-69930.954975	0.000422	0.427744
-69932.433119	0.000172	0.416324
-69935.606732	0.000381	0.409383
-69936.988058	0.000344	0.393358
-69938.718092	0.000391	0.400490
-69939.719892	0.000347	0.392306
-69941.786358	0.000563	0.380433
-69944.542315	0.000078	0.370768
-69946.692378	0.000284	0.362453
-69949.801014	0.000409	0.355157
-69952.113379	0.000369	0.354625
-69955.006532	0.000350	0.362531
-69957.742303	0.000303	0.357089
-69960.202317	0.000347	0.360810
-69962.590020	0.000256	0.363645
-69964.012674	0.000150	0.365701
-69965.419106	0.000125	0.365248
-69967.658400	0.000238	0.377353
-69969.645539	0.000613	0.382007
-69972.373496	0.000406	0.381852
-69974.187826	0.000456	0.401354
-69977.324677	0.000291	0.403848
-69979.063961	0.000303	0.403322
-69982.415720	0.000456	0.404560
-69984.128428	0.000209	0.415779
-69986.750087	0.000159	0.419208
-69988.310957	0.000291	0.422077
-69989.278087	0.000456	0.412153
-69991.495448	0.000503	0.408469
-69993.378850	0.000119	0.408443
-69995.907690	0.000378	0.401141
-69998.634971	0.000403	0.409650
-70001.359849	0.000259	0.401956
-70003.707548	0.000275	0.394174
-70006.485128	0.000341	0.391030
-70008.705582	0.000294	0.382132
-70011.392805	0.000384	0.372822
-70013.603751	0.000297	0.383138
-70015.186622	0.000353	0.372948
-70016.959622	0.000378	0.367368
-70018.739474	0.000403	0.370161
-70021.009745	0.000122	0.359473
-70023.547743	0.000331	0.359069
-70026.327572	0.000106	0.357395
-70028.700191	0.000300	0.374476
-70031.414786	0.000578	0.374188
-70033.815260	0.000175	0.382009
-70035.642156	0.000256	0.377465
-70037.706502	0.000275	0.382634
-70039.042926	0.000400	0.388653
-70040.351539	0.000234	0.387682
-70043.114033	0.000403	0.401821
-70045.124281	0.000278	0.408169
-70047.902966	0.000391	0.412111
-70050.299959	0.000425	0.413604
-70053.041870	0.000297	0.413095
-70056.207365	0.000347	0.404612
-70058.284576	0.000081	0.408363
-70061.203179	0.000375	0.410015
-70062.703980	0.000325	0.410134
-70064.773337	0.000225	0.413522
-70065.893842	0.000147	0.409289
-70068.269471	0.000481	0.399186
-70070.729415	0.000206	0.388463
-70072.435105	0.000403	0.387114
-70075.258157	0.000338	0.381435
-70077.244709	0.000422	0.376088
-70080.516871	0.000291	0.360382
-70082.757493	0.000178	0.354638
-70085.309824	0.000319	0.355557
-70086.951506	0.000244	0.354017
-70088.387020	0.000338	0.369568
-70089.555813	0.000303	0.370385
-70091.624286	0.000278	0.368176
-70094.275050	0.000334	0.378093
-70096.813267	0.000300	0.376840
-70099.054144	0.000400	0.385355
-70101.921904	0.000191	0.388703
-70104.303833	0.000569	0.398594
-70107.131795	0.000328	0.402939
-70109.708334	0.000094	0.411077
-70112.386067	0.000219	0.415219
-70114.157622	0.000297	0.407922
-70115.148691	0.000219	0.414396
-70117.153367	0.000303	0.418299
-70119.352924	0.000284	0.420966
-70121.842266	0.000444	0.408784
-70124.113160	0.000497	0.394017
-70127.566890	0.000291	0.396473
-70129.229119	0.000319	0.391846
-70132.258460	0.000509	0.395520
-70133.940255	0.000272	0.392732
-70136.388776	0.000272	0.395063
-70138.000748	0.000325	0.397888
-70139.645525	0.000438	0.389379
-70141.507146	0.000363	0.386431
-70143.631213	0.000306	0.378322
-70146.008184	0.000188	0.378695
-70148.085965	0.000394	0.380760
-70151.536892	0.000466	0.377582
-70153.802400	-0.000053	0.384391
-70157.364353	0.000341	0.383412
-70159.863465	0.000434	0.374617
-70161.653968	0.000553	0.377604
-70163.541780	0.000256	0.382152
-70164.640423	0.000334	0.389843
-70166.853436	0.000184	0.394878
-70169.360688	0.000150	0.392557
-70171.860736	0.000300	0.391048
-70174.464525	0.000544	0.395546
-70176.630835	0.000306	0.405261
-70178.930258	0.000503	0.412081
-70181.471474	0.000319	0.410754
-70184.241059	0.000556	0.407618
-70186.214070	0.000219	0.414258
-70188.167158	0.000497	0.417342
-70189.592800	0.000413	0.414991
-70190.781805	0.000347	0.406306
-70192.850252	0.000247	0.404250
-70195.104586	-0.000006	0.403449
-70197.864154	0.000356	0.403380
-70200.259789	0.000366	0.404387
-70203.499955	0.000291	0.390108
-70205.827489	0.000306	0.389253
-70208.528953	0.000334	0.384771
-70210.467734	0.000391	0.390325
-70212.655642	0.000316	0.382349
-70214.600566	0.000275	0.372389
-70215.965790	0.000147	0.366375
-70218.271839	0.000247	0.380966
-70220.412130	0.000166	0.375694
-70223.003013	0.000334	0.384470
-70225.841667	0.000272	0.391202
-70227.921077	0.000172	0.393233
-70231.117182	0.000359	0.398126
-70232.641411	0.000528	0.390848
-70235.287301	0.000253	0.398057
-70236.996191	0.000525	0.416045
-70238.861311	0.000528	0.409442
-70240.189696	0.000256	0.414420
-70242.066080	0.000222	0.413139
-70244.827430	0.000138	0.420491
-70246.846831	0.000238	0.404577
-70249.644083	0.000444	0.405352
-70252.323918	0.000284	0.408102
-70255.662202	0.000366	0.408722
-70258.189677	0.000341	0.393861
-70260.699382	0.000134	0.395046
-70262.328754	0.000369	0.388003
-70264.591686	0.000228	0.392836
-70265.882259	0.000400	0.381609
-70268.296471	0.000450	0.385038
-70270.761021	0.000328	0.394973
-70272.817163	0.000272	0.391228
-70275.083803	0.000356	0.393690
-70277.855029	0.000488	0.391449
-70280.377519	0.000244	0.388116
-70283.306830	0.000191	0.392158
-70285.131976	0.000313	0.398707
-70287.479250	0.000106	0.388670
-70288.346068	0.000259	0.382846
-70290.258680	0.000384	0.395454
-70291.989429	0.000306	0.390450
-70294.518625	0.000309	0.386016
-70296.508128	0.000250	0.391004
-70298.959608	0.000378	0.397404
-70301.886465	0.000425	0.396455
-70304.133190	0.000322	0.387571
-70307.300029	0.000200	0.392615
-70309.453559	0.000306	0.391001
-70312.259026	0.000419	0.390478
-70313.755873	0.000328	0.395405
-70315.286397	0.000331	0.411964
-70317.200012	0.000369	0.401791
-70319.087137	0.000409	0.393808
-70322.186462	0.000144	0.390082
-70323.978566	0.000275	0.397916
-70327.362420	0.000272	0.405662
-70329.096376	0.000213	0.408151
-70332.428091	0.000350	0.399975
-70334.057600	0.000097	0.402479
-70336.395201	0.000297	0.408846
-70337.942608	0.000344	0.402099
-70339.483507	0.000134	0.388615
-70341.335660	0.000325	0.394856
-70343.423589	0.000588	0.398294
-70346.017155	0.000438	0.399395
-70348.183615	0.000247	0.386034
-70350.890323	0.000269	0.382889
-70353.720390	0.000366	0.373024
-70356.602321	0.000309	0.382793
-70359.783468	0.000341	0.389251
-70361.690251	0.000431	0.398097
-70364.023897	0.000534	0.392687
-70365.264559	0.000050	0.394572
-70367.043690	0.000284	0.395854
-70369.700172	0.000344	0.391269
-70371.783547	0.000200	0.397427
-70374.528034	0.000263	0.390501
-70376.879162	0.000438	0.396637
-70379.396655	0.000150	0.406667
-70382.286020	0.000431	0.405612
-70384.686048	0.000266	0.394410
-70387.022902	0.000581	0.394193
-70387.853869	0.000481	0.407755
-70389.962276	0.000325	0.396501
-70390.976507	0.000450	0.393077
-70393.748627	0.000425	0.389311
-70395.748848	0.000309	0.389148
-70398.960810	0.000338	0.388426
-70400.144605	0.000575	0.383756
-70403.452953	0.000334	0.398678
-70405.362725	0.000413	0.401628
-70408.933551	0.000453	0.405886
-70411.152155	0.000128	0.395974
-70413.616397	0.000375	0.398076
-70415.106249	0.000506	0.393515
-70416.371556	0.000450	0.390347
-70418.906155	0.000300	0.396126
-70421.159045	0.000475	0.388780
-70423.789891	0.000172	0.391117
-70425.829891	0.000391	0.386959
-70428.790296	0.000244	0.384102
-70431.261470	0.000169	0.377481
-70433.968105	0.000259	0.378429
-70435.743097	0.000228	0.388455
-70437.650132	0.000425	0.391228
-70439.117217	0.000431	0.378360
-70440.696398	0.000450	0.382591
-70442.261737	0.000413	0.388061
-70445.362402	0.000263	0.392987
-70447.297015	0.000322	0.398398
-70450.384701	0.000450	0.402385
-70453.026118	0.000391	0.404055
-70455.704093	0.000097	0.406842
-70458.386501	0.000184	0.401207
-70460.997071	0.000294	0.397051
-70463.688382	0.000266	0.400942
-70465.283140	0.000213	0.407364
-70466.786584	-0.000084	0.407179
-70468.608359	0.000356	0.405471
-70471.318998	0.000178	0.398655
-70473.363834	0.000331	0.392971
-70476.595463	0.000209	0.385653
-70478.977505	0.000322	0.382157
-70481.589543	0.000444	0.389599
-70484.075496	0.000244	0.396542
-70485.993485	0.000234	0.381593
-70488.146464	0.000478	0.378432
-70489.600286	0.000213	0.377244
-70491.430732	0.000403	0.386756
-70492.784216	0.000309	0.384292
-70495.198745	0.000388	0.380646
-70497.345724	0.000313	0.393141
-70499.486235	0.000103	0.386094
-70502.755431	0.000472	0.385705
-70504.921172	0.000378	0.392329
-70508.150116	0.000372	0.392845
-70510.412098	0.000225	0.395486
-70512.894661	0.000328	0.403495
-70514.718553	0.000325	0.409054
-70516.482046	0.000294	0.397556
-70518.541534	0.000559	0.403347
-70520.915324	0.000397	0.403081
-70523.299829	0.000547	0.403004
-70525.364877	0.000297	0.408550
-70528.012698	0.000044	0.411235
-70530.410263	0.000116	0.401826
-70533.155086	0.000241	0.391138
-70535.979858	0.000394	0.388717
-70537.777202	0.000306	0.385655
-70539.208658	0.000425	0.395088
-70540.187308	0.000413	0.397343
-70541.839629	0.000266	0.402326
-70543.726784	0.000122	0.406459
-70547.131937	0.000213	0.391864
-70549.618725	0.000372	0.386755
-70552.439717	0.000428	0.388549
-70554.881977	0.000328	0.386856
-70556.901530	0.000231	0.390313
-70560.633968	0.000197	0.393417
-70562.089481	0.000425	0.384558
-70565.336977	0.000441	0.385162
-70566.507515	0.000363	0.376592
-70568.503607	0.000222	0.390439
-70570.652805	0.000372	0.398024
-70573.040011	0.000328	0.392930
-70575.478133	0.000344	0.381470
-70578.011358	0.000638	0.384753
-70580.635283	0.000309	0.391590
-70583.575870	0.000272	0.400590
-70586.001982	0.000278	0.402841
-70587.813289	0.000128	0.405204
-70589.536769	0.000278	0.411896
-70590.787789	0.000375	0.402521
-70592.413479	0.000216	0.397109
-70594.301376	0.000447	0.396863
-70597.141387	0.000316	0.404894
-70599.229589	0.000019	0.398581
-70601.860311	0.000409	0.405621
-70604.462471	-0.000056	0.398769
-70607.634160	0.000163	0.392015
-70610.191125	0.000306	0.388924
-70612.772794	0.000431	0.380966
-70614.249210	0.000513	0.386134
-70616.746745	0.000325	0.388380
-70617.780474	0.000234	0.388861
-70620.676120	0.000384	0.373384
-70622.605785	0.000122	0.373505
-70625.247554	0.000269	0.375003
-70627.512040	0.000338	0.369935
-70630.066301	0.000263	0.386262
-70632.858071	0.000425	0.382508
-70634.892684	0.000434	0.382116
-70637.345969	0.000388	0.392841
-70639.017511	0.000091	0.387856
-70640.636766	0.000197	0.391111
-70641.553925	0.000316	0.403497
-70643.820860	0.000153	0.404076
-70646.207156	0.000441	0.403210
-70648.985956	0.000359	0.406065
-70651.097641	0.000241	0.407802
-70654.369880	0.000166	0.391448
-70656.289221	0.000238	0.388696
-70659.601904	0.000281	0.396181
-70661.976983	0.000356	0.398392
-70664.799880	0.000284	0.397197
-70666.223609	0.000247	0.385586
-70668.353794	0.000359	0.383366
-70669.562227	0.000306	0.377704
-70672.722892	0.000247	0.384089
-70674.341466	0.000319	0.392680
-70677.836137	0.000444	0.388459
-70679.957782	0.000231	0.388462
-70682.881208	0.000338	0.389308
-70685.270608	0.000350	0.384419
-70687.178883	0.000197	0.376183
-70689.747041	0.000363	0.391546
-70690.241180	0.000266	0.393242
-70692.642328	0.000075	0.383876
-70693.713158	0.000444	0.389812
-70696.585606	0.000528	0.384819
-70698.789036	0.000513	0.391435
-70701.151804	0.000275	0.383328
-70703.824677	0.000109	0.386276
-70706.348260	0.000356	0.396372
-70709.081885	0.000303	0.393214
-70712.098990	0.000369	0.388271
-70714.036480	0.000363	0.391717
-70716.720587	0.000113	0.380222
-70717.575894	0.000200	0.383835
-70720.087025	0.000253	0.390368
-70721.682425	0.000281	0.405490
-70724.346562	0.000391	0.406244
-70726.438444	0.000450	0.402161
-70729.642231	0.000363	0.399622
-70731.524234	0.000350	0.395412
-70734.265442	0.000297	0.399246
-70736.992286	0.000356	0.399009
-70737.949783	0.000053	0.396435
-70741.065610	0.000513	0.393540
-70741.070465	0.000284	0.394235
-70743.762107	0.000478	0.394275
-70744.745355	0.000291	0.386709
-70748.252283	0.000141	0.388707
-70750.126472	0.000131	0.397517
-70752.975924	0.000494	0.395704
-70755.640371	0.000297	0.379979
-70758.615185	0.000297	0.370226
-70761.538851	0.000038	0.376015
-70763.963866	0.000522	0.381422
-70766.021498	0.000372	0.390961
-70767.874529	0.000409	0.393005
-70769.054791	0.000138	0.399263
-70772.205584	0.000241	0.393578
-70773.980118	0.000313	0.392546
-70776.899257	0.000478	0.389138
-70779.110999	0.000413	0.405752
-70781.559535	0.000463	0.411790
-70784.757751	0.000088	0.408542
-70786.819886	0.000247	0.409745
-70789.317307	0.000456	0.408265
-70790.460130	0.000444	0.394308
-70792.597579	0.000422	0.387124
-70793.144672	0.000194	0.395341
-70795.937327	0.000481	0.403971
-70798.097965	0.000244	0.404827
-70800.631101	0.000428	0.382959
-70802.901344	0.000347	0.390329
-70805.797619	0.000400	0.387659
-70808.434507	0.000169	0.386446
-70811.188564	0.000341	0.398002
-70814.373483	0.000397	0.403205
-70816.161127	0.000328	0.394422
-70817.718005	0.000294	0.397284
-70819.263186	0.000169	0.391484
-70820.954574	0.000263	0.391615
-70824.061265	0.000247	0.400012
-70825.985139	0.000116	0.397448
-70829.007954	0.000256	0.398264
-70831.100688	0.000369	0.398891
-70833.643250	0.000453	0.401310
-70836.297309	0.000300	0.393361
-70838.093559	0.000128	0.389498
-70840.343550	0.000297	0.401947
-70841.416661	0.000256	0.398516
-70843.119043	0.000209	0.398654
-70844.459826	0.000306	0.392883
-70847.486421	0.000416	0.392858
-70849.699008	0.000384	0.392204
-70852.143116	0.000331	0.398451
-70855.175724	0.000263	0.406838
-70857.684947	0.000497	0.404410
-70860.715931	0.000294	0.410939
-70863.186424	0.000172	0.402058
-70865.457543	0.000322	0.399412
-70867.367547	0.000388	0.402145
-70868.810926	0.000269	0.403500
-70871.334171	0.000434	0.402815
-70873.148697	0.000256	0.408520
-70876.108769	0.000416	0.404874
-70878.123580	0.000234	0.399517
-70881.225370	0.000331	0.391011
-70883.615956	0.000384	0.381441
-70886.230870	0.000278	0.388310
-70888.477283	0.000234	0.391381
-70890.297168	0.000388	0.400985
-70892.363109	0.000350	0.383414
-70893.357138	0.000319	0.373024
-70895.683769	0.000434	0.383066
-70897.315699	0.000125	0.381078
-70900.048265	0.000503	0.386275
-70902.155868	0.000250	0.401612
-70905.355305	0.000503	0.405036
-70907.589404	0.000281	0.404703
-70910.605790	0.000338	0.397960
-70913.250203	0.000241	0.404469
-70915.484562	0.000453	0.409133
-70917.800841	0.000322	0.408352
-70919.495635	0.000322	0.419054
-70921.356003	0.000331	0.410172
-70923.400923	0.000331	0.413579
-70925.445388	0.000275	0.402814
-70927.927209	0.000241	0.391513
-70930.363273	0.000416	0.404777
-70932.692623	0.000469	0.403460
-70935.332808	0.000394	0.402277
-70937.561416	0.000453	0.381035
-70939.451888	0.000203	0.384293
-70941.291711	0.000466	0.388621
-70943.201184	0.000631	0.385787
-70944.221128	0.000313	0.398262
-70946.675217	0.000384	0.404069
-70948.825554	0.000259	0.404767
-70951.535670	0.000206	0.396792
-70953.925510	0.000488	0.391588
-70957.123287	0.000438	0.386760
-70959.768852	0.000309	0.400424
-70962.214759	0.000359	0.399997
-70964.976981	0.000444	0.404761
-70966.708945	0.000294	0.409021
-70969.084383	0.000244	0.404832
-70970.161047	0.000313	0.402470
-70972.911196	0.000516	0.392666
-70975.017288	0.000341	0.401332
-70977.449698	0.000434	0.402168
-70980.064537	0.000147	0.405692
-70982.469700	0.000272	0.389546
-70985.436361	0.000375	0.391808
-70987.984776	0.000259	0.395901
-70990.173712	0.000409	0.392035
-70992.162292	0.000297	0.403329
-70993.251277	0.000425	0.411699
-70995.067002	0.000394	0.410311
-70996.622954	0.000359	0.406657
-70999.818275	0.000416	0.405124
-71001.516357	0.000531	0.394718
-71004.593623	0.000306	0.406172
-71006.821658	0.000184	0.407345
-71009.725062	0.000341	0.402210
-71012.728241	0.000363	0.407576
-71015.237245	0.000247	0.399656
-71017.974549	0.000441	0.389463
-71019.193448	0.000319	0.385780
-71020.839631	0.000306	0.401747
-71022.417079	0.000544	0.406141
-71025.000877	0.000272	0.401271
-71027.266728	0.000472	0.385389
-71029.555670	0.000284	0.391392
-71032.411040	0.000147	0.394006
-71034.496644	0.000419	0.394927
-71037.177735	0.000406	0.406933
-71039.053272	0.000231	0.412209
-71041.247436	0.000300	0.400336
-71043.195402	0.000350	0.412290
-71044.099468	0.000256	0.413177
-71046.393598	0.000272	0.400858
-71047.649369	0.000425	0.413996
-71051.123932	0.000222	0.412820
-71053.069115	0.000331	0.412930
-71056.576819	0.000316	0.407024
-71059.266799	0.000347	0.412025
-71061.759686	0.000488	0.408108
-71064.759858	0.000266	0.378325
-71066.005817	0.000322	0.402472
-71068.869632	0.000403	0.409374
-71069.548670	0.000275	0.405929
-71072.700982	0.000403	0.398443
-71074.408690	0.000256	0.389958
-71077.157904	0.000516	0.399319
-71079.190175	0.000503	0.400426
-71081.929347	0.000409	0.396506
-71084.451091	0.000425	0.405075
-71087.414893	0.000409	0.402866
-71089.728113	0.000603	0.404993
-71091.801098	0.000288	0.397484
-71093.365846	0.000250	0.393141
-71094.776411	0.000347	0.405913
-71096.278325	0.000388	0.401938
-71098.906095	0.000288	0.406896
-71101.287906	0.000472	0.409637
-71104.234672	0.000216	0.400450
-71106.559386	0.000238	0.396460
-71108.976796	0.000472	0.395489
-71111.742275	0.000150	0.409617
-71114.691710	0.000431	0.410426
-71117.136368	0.000541	0.403446
-71119.486277	0.000272	0.396087
-71121.269479	0.000428	0.395245
-71122.019870	0.000481	0.392677
-71124.932264	0.000263	0.396601
-71126.730081	0.000475	0.406990
-71129.573845	0.000338	0.417492
-71131.545834	0.000344	0.404625
-71133.877061	0.000350	0.413505
-71136.634675	0.000150	0.397398
-71138.559748	0.000219	0.401326
-71141.353671	0.000353	0.402666
-71142.842353	0.000322	0.417029
-71144.731052	0.000066	0.409525
-71146.069398	0.000169	0.411964
-71147.875180	0.000431	0.403428
-71150.789509	0.000128	0.407215
-71152.483877	0.000203	0.395789
-71155.790328	0.000294	0.400496
-71158.114758	0.000388	0.416997
-71161.537580	0.000384	0.405608
-71163.756697	0.000303	0.393545
-71165.964921	0.000259	0.393706
-71168.239794	0.000250	0.384032
-71169.721108	0.000484	0.399328
-71171.844527	0.000272	0.402011
-71173.895543	0.000388	0.405160
-71176.572419	0.000428	0.417855
-71178.229180	0.000516	0.414463
-71181.069869	0.000125	0.401684
-71183.249010	0.000147	0.395241
-71186.479952	0.000372	0.417041
-71189.075766	0.000528	0.421734
-71191.980193	0.000316	0.419237
-71193.602028	0.000378	0.416414
-71194.842771	0.000597	0.406808
-71195.976750	0.000488	0.410607
-71198.060799	0.000222	0.396901
-71200.943471	0.000163	0.398128
-71203.420405	0.000325	0.415934
-71205.725024	0.000409	0.410768
-71208.183355	0.000394	0.389971
-71210.826928	0.000344	0.396880
-71213.775018	0.000497	0.395499
-71216.731459	0.000488	0.408037
-71219.421836	0.000328	0.410412
-71220.948832	0.000453	0.409496
-71221.989657	0.000397	0.407447
-71223.976278	0.000347	0.409457
-71225.880653	0.000394	0.400119
-71228.755480	0.000331	0.405278
-71230.822011	0.000334	0.410067
-71233.779090	0.000356	0.409068
-71235.558598	0.000519	0.407209
-71238.690358	0.000394	0.414947
-71240.414853	0.000444	0.417339
-71242.862991	0.000322	0.406057
-71244.200725	-0.000016	0.402406
-71245.653766	0.000572	0.398413
-71247.549831	0.000344	0.409288
-71249.815919	0.000441	0.419973
-71252.012729	0.000397	0.406112
-71254.749471	0.000231	0.401013
-71257.185088	0.000172	0.403378
-71259.945463	0.000288	0.403944
-71262.766172	0.000338	0.410161
-71265.621149	0.000353	0.416777
-71267.492444	0.000222	0.405222
-71269.799682	0.000044	0.417453
-71271.152425	0.000325	0.412037
-71272.906962	0.000225	0.397205
-71275.465465	0.000256	0.419143
-71277.203323	0.000053	0.412602
-71280.291339	0.000213	0.412539
-71282.169430	0.000444	0.417955
-71285.421801	0.000241	0.412212
-71287.811509	0.000156	0.414110
-71290.396647	0.000453	0.398790
-71292.292060	0.000172	0.401151
-71294.029934	0.000144	0.407266
-71295.694513	0.000325	0.405634
-71296.926165	0.000388	0.391927
-71299.361547	0.000372	0.396152
-71302.004434	0.000259	0.395903
-71304.300327	0.000559	0.401494
-71306.960911	0.000825	0.408369
-71309.474898	-0.000006	0.413261
-71312.748609	0.000281	0.411011
-71314.788069	0.000306	0.413932
-71318.054346	0.000234	0.406798
-71319.685761	0.000303	0.398433
-71321.301408	0.000184	0.420909
-71323.120711	0.000419	0.417145
-71324.700508	0.000469	0.412508
-71327.823715	0.000378	0.423569
-71328.791611	0.000422	0.412918
-71332.676980	0.000241	0.405860
-71333.795022	0.000284	0.409514
-71337.668566	0.000366	0.399949
-71339.214602	0.000378	0.406139
-71342.225258	0.000313	0.414252
-71343.529027	0.000716	0.399665
-71345.312473	0.000391	0.398014
-71346.237749	0.000284	0.400626
-71348.542635	0.000378	0.400012
-71351.149183	0.000509	0.405012
-71353.547126	0.000066	0.414570
-71355.934492	0.000172	0.412705
-71357.352238	0.000522	0.412889
-71357.103573	0.000141	0.401329
-71355.490485	0.000269	0.400144
-71354.171638	0.000128	0.413574
-71353.163506	0.000450	0.406204
-71354.741605	0.000222	0.415115
-71355.212077	0.000303	0.417493
-71357.025173	0.000484	0.409393
-71356.343551	0.000369	0.405162
-71356.153211	0.000194	0.406042
-71354.705893	0.000369	0.405951
-71354.575867	0.000331	0.408066
-71354.913058	0.000425	0.409304
-71355.730388	0.000725	0.396993
-71356.294167	0.000397	0.395281
-71356.308213	0.000438	0.403583
-71355.918532	0.000234	0.400234
-71355.479605	0.000331	0.402586
-71355.501321	0.000238	0.409079
-71355.211329	0.000266	0.406899
-71355.880562	0.000469	0.419777
-71355.554511	0.000534	0.404839
-71356.255205	0.000438	0.399959
-71355.807718	0.000319	0.413911
-71356.014361	0.000459	0.410318
-71355.421713	0.000269	0.410269
-71355.760761	0.000247	0.416522
-71355.569624	0.000247	0.413448
-71356.207220	0.000409	0.410263
-71356.183820	0.000347	0.397118
-71356.177141	0.000266	0.397007
-71355.875484	0.000403	0.401286
-71355.662606	0.000341	0.414193
-71356.052954	0.000391	0.397204
-71355.846525	0.000441	0.396395
-71355.978509	0.000406	0.399057
-71356.096087	0.000359	0.395607
-71356.285022	0.000453	0.408417
-71355.830029	0.000344	0.409870
-71356.062736	0.000397	0.406901
-71355.628688	0.000322	0.418042
-71355.742968	0.000366	0.414196
-71356.131698	0.000416	0.404990
-71356.201353	0.000263	0.419886
-71356.305969	0.000488	0.425542
-71355.911244	0.000309	0.422202
-71356.218802	0.000463	0.410379
-71356.005776	0.000666	0.412291
-71355.943161	0.000231	0.408085
-71356.051562	0.000194	0.399730
-71356.312356	0.000188	0.402572
-71356.086718	0.000519	0.400182
-71356.435087	0.000425	0.411988
-71356.164570	0.000241	0.403425
-71356.176733	0.000294	0.398376
-71355.977061	0.000525	0.397747
-71355.951136	0.000344	0.399207
-71356.319974	0.000475	0.403546
-71356.371375	0.000344	0.412632
-71356.423031	0.000281	0.411025
-71355.878376	0.000350	0.403418
-71355.880029	0.000391	0.403394
-71355.798862	-0.000044	0.403419
-71356.164181	0.000231	0.408813
-71356.364237	0.000281	0.412240
-71356.422775	0.000650	0.409426
-71356.501777	0.000025	0.409022
