1953.356061	0.000225	0.414992
1950.818875	0.000450	0.423249
1948.955770	0.000391	0.428986
1946.975694	0.000425	0.416294
1945.360015	0.000397	0.422248
1943.283818	0.000334	0.441454
1940.545301	0.000150	0.441321
1939.281128	0.000284	0.442311
1937.373446	0.000244	0.432300
1936.130401	0.000566	0.428508
1933.497508	0.000328	0.436190
1931.803769	0.000372	0.442991
1929.936759	0.000672	0.441129
1926.880119	0.000328	0.433588
1924.382934	0.000278	0.440955
1921.259413	0.000453	0.432220
1919.573722	0.000322	0.425584
1919.187212	0.000347	0.430662
1919.060722	0.000303	0.431523
1918.059165	0.000272	0.434796
1915.433163	0.000378	0.419366
1911.910525	0.000322	0.415175
1908.617577	0.000319	0.415827
1905.846009	0.000463	0.421306
1904.544693	0.000303	0.426017
1902.974985	0.000522	0.429434
1901.416902	0.000263	0.434745
1899.139165	0.000466	0.436094
1895.997194	0.000463	0.423893
1893.952065	0.000397	0.427040
1892.393677	0.000472	0.432309
1890.968072	0.000291	0.431814
1889.423563	0.000431	0.438035
1887.634456	0.000291	0.433408
1885.615531	0.000225	0.428995
1881.784779	0.000359	0.433865
1880.000507	0.000375	0.430363
1876.189948	0.000381	0.424708
1874.104397	0.000563	0.438473
1871.791961	0.000553	0.435063
1870.127786	0.000438	0.423297
1868.846880	0.000334	0.417694
1866.683177	0.000475	0.418428
1864.693235	0.000191	0.416963
1862.092666	0.000116	0.419424
1859.740557	0.000728	0.432061
1857.323536	0.000244	0.426867
1855.070181	0.000475	0.431399
1852.782670	0.000188	0.434493
1850.410461	0.000238	0.428908
1848.751188	0.000369	0.437479
1846.817430	0.000600	0.432056
1845.285440	0.000600	0.429791
1843.957658	0.000325	0.430686
1841.732496	0.000300	0.431798
1839.898887	0.000444	0.433208
1837.462994	0.000103	0.415769
1835.629809	0.000503	0.428250
1832.454312	0.000481	0.439643
1830.043789	0.000450	0.439019
1826.577140	0.000494	0.412830
1824.743292	0.000256	0.412661
1822.803033	0.000419	0.418652
1821.273540	0.000319	0.423812
1819.664756	0.000316	0.425561
1817.742779	0.000244	0.428763
1815.525126	0.000328	0.434118
1812.629734	0.000359	0.437870
1810.840841	0.000341	0.437212
1807.576788	0.000353	0.427650
1805.862444	0.000247	0.438452
1803.378760	0.000625	0.440312
1801.437428	0.000388	0.437892
1799.788961	0.000347	0.446709
1798.480549	0.000159	0.428510
1796.520175	0.000416	0.432102
1794.908894	0.000059	0.418990
1792.489354	0.000341	0.421181
1790.455142	0.000313	0.426975
1787.891502	0.000219	0.424755
1785.623670	0.000306	0.424810
1782.109204	0.000159	0.421689
1779.902227	0.000353	0.418221
1776.881005	0.000503	0.421480
1775.190720	0.000244	0.430261
1773.804303	0.000278	0.433292
1771.878649	0.000225	0.434719
1770.226993	0.000278	0.426304
1767.226078	0.000550	0.416372
1764.983037	0.000416	0.428570
1762.558537	0.000303	0.432280
1760.571782	0.000166	0.436837
1757.614619	0.000372	0.433444
1755.883520	0.000247	0.435544
1753.309775	0.000413	0.434579
1751.336338	0.000350	0.433070
1750.311056	0.000281	0.421660
1749.010063	0.000419	0.420932
1747.220985	0.000297	0.427813
1744.800250	0.000413	0.431405
1742.529792	0.000325	0.417840
1739.984338	0.000272	0.424760
1737.489510	0.000178	0.415069
1734.682240	0.000397	0.419054
1732.135053	0.000469	0.421659
1729.703412	0.000222	0.430405
1727.259963	0.000366	0.426948
1725.935652	0.000353	0.430454
1723.983828	0.000459	0.420324
1722.473686	0.000425	0.417718
1719.582542	0.000288	0.438226
1718.033099	0.000178	0.430439
1715.472923	0.000441	0.430268
1712.892729	0.000066	0.440107
1710.480359	0.000291	0.430446
1707.754633	0.000397	0.428315
1705.637052	0.000344	0.418425
1704.215483	0.000378	0.427899
1702.669306	0.000278	0.424027
1701.337528	0.000328	0.424399
1699.150390	0.000456	0.421031
1697.639749	0.000344	0.416692
1694.222747	0.000197	0.418089
1692.972405	0.000281	0.428213
1689.899307	0.000191	0.424502
1687.774190	0.000494	0.439920
1684.947160	0.000328	0.439107
1681.775237	0.000234	0.425499
1679.947943	0.000478	0.424857
1677.491448	0.000253	0.421009
1676.738610	0.000056	0.431343
1674.481062	0.000284	0.428906
1672.868943	0.000297	0.427843
1669.620872	0.000231	0.432959
1667.340517	0.000403	0.435444
1665.012012	0.000306	0.426701
1662.757026	0.000247	0.419481
1660.830353	0.000447	0.419938
1658.340246	0.000356	0.430318
1655.985799	0.000431	0.429927
1654.404626	0.000613	0.414565
1652.684408	0.000197	0.413148
1651.521336	0.000316	0.424772
1649.639544	0.000406	0.426359
1647.449453	0.000428	0.423408
1644.502176	0.000419	0.440105
1642.546098	0.000369	0.433566
1639.842707	0.000341	0.435650
1636.935557	0.000447	0.426465
1634.502528	0.000381	0.417561
1631.467755	0.000494	0.428716
1630.052241	0.000069	0.426711
1627.528954	0.000341	0.428337
1626.974002	0.000375	0.432980
1624.297906	0.000325	0.432390
1622.745359	0.000366	0.426346
1619.591729	0.000141	0.428473
1617.907133	0.000175	0.425856
1614.838482	0.000069	0.435392
1612.294499	0.000288	0.423125
1610.210937	0.000203	0.422425
1608.180315	0.000159	0.426143
1606.926677	0.000331	0.414796
1605.207132	0.000466	0.417713
1604.123784	0.000372	0.420953
1601.591518	0.000278	0.424924
1599.689902	0.000391	0.424629
1597.445342	0.000300	0.430744
1594.860731	0.000334	0.428912
1592.195271	0.000334	0.426270
1588.969131	0.000475	0.434764
1586.564198	0.000550	0.441846
1584.143881	0.000278	0.431888
1581.783922	0.000341	0.441820
1580.615291	0.000334	0.443874
1578.770158	0.000313	0.423659
1576.725286	0.000375	0.423344
1573.882444	0.000222	0.429212
1571.954328	0.000288	0.419197
1569.272803	0.000322	0.429507
1567.136049	0.000403	0.422787
1564.452248	0.000250	0.417965
1562.359145	0.000425	0.405806
1560.130482	0.000300	0.410293
1557.991338	0.000522	0.424087
1556.718392	0.000313	0.424899
1555.256078	0.000406	0.434210
1553.782286	0.000413	0.437250
1550.927520	0.000184	0.426498
1548.996342	0.000447	0.421579
1546.260163	0.000594	0.426934
1543.530513	0.000281	0.427022
1540.926500	0.000359	0.435469
1538.436862	0.000291	0.433334
1535.929906	0.000272	0.429563
1533.560291	0.000431	0.427057
1531.445088	0.000297	0.423072
1530.428164	0.000438	0.415734
1528.245640	0.000559	0.424570
1526.742780	0.000272	0.428745
1523.913210	0.000444	0.417916
1522.219378	0.000178	0.420727
1519.054105	0.000416	0.428634
1516.870493	0.000453	0.414043
1514.362334	0.000347	0.422955
1512.057223	0.000425	0.432135
1510.684550	0.000288	0.432480
1508.968198	0.000419	0.432723
1508.182264	0.000419	0.432607
1505.447778	0.000419	0.431326
1503.889775	0.000503	0.432857
1501.016244	0.000391	0.433142
1499.054951	0.000447	0.428985
1496.359720	0.000441	0.432209
1493.595899	0.000341	0.435488
1490.957417	0.000494	0.426262
1488.098639	0.000372	0.423059
1485.756201	0.000291	0.422576
1484.442879	0.000172	0.424713
1482.185857	0.000509	0.426657
1481.002610	0.000263	0.411788
1478.268820	0.000216	0.407649
1476.375075	0.000391	0.413145
1473.289276	0.000441	0.412024
1471.530993	0.000253	0.422528
1468.385929	0.000378	0.432646
1466.449326	0.000406	0.427088
1463.547379	0.000316	0.436825
1461.612983	0.000616	0.429857
1459.960643	0.000347	0.429639
1458.479832	0.000144	0.428981
1457.128231	0.000259	0.425160
1454.819308	0.000419	0.434974
1453.076694	0.000413	0.436678
1449.679761	0.000397	0.424391
1447.600870	0.000291	0.419601
1445.032522	0.000619	0.416792
1442.466628	0.000309	0.429259
1440.136848	0.000481	0.427874
1437.517772	0.000278	0.429732
1435.159960	0.000438	0.417092
1433.220252	0.000213	0.419167
1431.438607	0.000166	0.405875
1429.975976	0.000266	0.416248
1427.610559	0.000238	0.425542
1426.041863	0.000475	0.431185
1423.089450	0.000334	0.436632
1420.947013	0.000125	0.428682
1417.270316	0.000106	0.431980
1416.120337	0.000184	0.438106
1413.424973	0.000519	0.435869
1412.313920	0.000475	0.424969
1410.958452	0.000313	0.428381
1409.268010	0.000281	0.439066
1407.159419	0.000119	0.430355
1404.509887	0.000491	0.422905
1402.747158	0.000316	0.414286
1399.932260	0.000122	0.425964
1398.144139	0.000456	0.421683
1394.636349	0.000263	0.433639
1392.303241	0.000388	0.410799
1388.810757	0.000300	0.419034
1387.050972	0.000284	0.411947
1385.438665	0.000231	0.417853
1384.442982	0.000081	0.418125
1381.734378	0.000534	0.424063
1379.866540	0.000400	0.427021
1376.974773	0.000250	0.436392
1374.968660	0.000372	0.431858
1372.208807	0.000341	0.421498
1370.414377	0.000513	0.432313
1367.424606	0.000372	0.428474
1365.286930	0.000341	0.421728
1362.919568	0.000444	0.431834
1361.203457	0.000400	0.430578
1360.310679	0.000184	0.423264
1358.331758	0.000388	0.421766
1356.848784	0.000316	0.423180
1353.313715	0.000438	0.429503
1352.062803	0.000219	0.428906
1347.781590	0.000194	0.419968
1346.386954	0.000134	0.415873
1342.813613	0.000581	0.422660
1340.723362	0.000266	0.404565
1337.917476	0.000559	0.419508
1336.192474	0.000328	0.424046
1334.870939	0.000381	0.424607
1333.171632	0.000366	0.425253
1331.169006	0.000478	0.426585
1328.901807	0.000394	0.426846
1326.276760	0.000459	0.425331
1323.706841	0.000144	0.432230
1321.358410	0.000438	0.434340
1318.799459	0.000544	0.439345
1316.822571	0.000384	0.433765
1314.839626	0.000266	0.418756
1313.213453	0.000241	0.420210
1311.756823	0.000378	0.431188
1310.187912	0.000147	0.432931
1307.761248	0.000288	0.435171
1305.514538	0.000256	0.422856
1303.045367	0.000416	0.414436
1301.021208	0.000563	0.422221
1297.534650	0.000350	0.415183
1295.562666	0.000631	0.421097
1291.666965	0.000275	0.437996
1290.478619	0.000413	0.428481
1288.020070	0.000603	0.432508
1286.796381	0.000309	0.424285
1284.798231	0.000281	0.427680
1282.707409	0.000472	0.435434
1280.301045	0.000384	0.425692
1277.863487	0.000397	0.433713
1275.691854	0.000247	0.430174
1272.749170	0.000316	0.427416
1270.542654	0.000306	0.427922
1267.752582	0.000281	0.420398
1266.109629	0.000366	0.422944
1263.904128	0.000363	0.426039
1262.896509	0.000528	0.433646
1260.850762	0.000288	0.421822
1259.055416	0.000344	0.420213
1256.534938	0.000169	0.418238
1253.756515	0.000369	0.427968
1251.653575	0.000344	0.418999
1248.633183	0.000331	0.433704
1246.105716	0.000422	0.425599
1243.034298	0.000100	0.430927
1240.792993	0.000234	0.429952
1239.101137	0.000444	0.429711
1237.147960	0.000288	0.436984
1236.170770	0.000241	0.430745
1233.770219	0.000294	0.428872
1231.367762	0.000438	0.435550
1229.111929	0.000188	0.442150
1226.812068	0.000306	0.434107
1224.509228	0.000481	0.421735
1221.728153	0.000416	0.426903
1219.927134	0.000547	0.431014
1217.122904	0.000219	0.433036
1215.896171	0.000275	0.417000
1214.152100	0.000378	0.418833
1212.621885	0.000247	0.410943
1210.683649	0.000528	0.418348
1208.402166	0.000453	0.426296
1206.008500	0.000559	0.432685
1203.526199	0.000025	0.431732
1201.197746	0.000469	0.426072
1197.943937	0.000388	0.422171
1195.711699	0.000491	0.423207
1192.615322	0.000213	0.438046
1190.430576	0.000331	0.434199
1189.202012	0.000191	0.426743
1187.442898	0.000434	0.438985
1185.758570	0.000366	0.438493
1183.329937	0.000344	0.423465
1180.945946	0.000284	0.425615
1178.273882	0.000294	0.425437
1175.959271	0.000397	0.429556
1173.198805	0.000503	0.421391
1171.312022	0.000397	0.416754
1169.158386	0.000463	0.416525
1166.680941	0.000256	0.412911
1165.499608	0.000453	0.422235
1163.498822	0.000256	0.418849
1161.671508	0.000444	0.435494
1159.414658	0.000353	0.429941
1157.248076	0.000388	0.422719
1154.663179	0.000556	0.422682
1152.107514	0.000363	0.419536
1148.753020	0.000275	0.419147
1146.454286	0.000334	0.419687
1143.529099	0.000228	0.420931
1141.218280	0.000356	0.427022
1140.125203	0.000153	0.431885
1138.315977	0.000409	0.412814
1136.767845	0.000381	0.412999
1134.419963	0.000234	0.424040
1131.963491	0.000266	0.417136
1129.369733	0.000419	0.426787
1127.156984	0.000213	0.412380
1124.960580	0.000506	0.412842
1122.649098	0.000450	0.420572
1119.980603	0.000378	0.419040
1118.309902	0.000328	0.428669
1115.963880	0.000253	0.441115
1115.400824	0.000438	0.440646
1113.221964	0.000372	0.430004
1111.236769	0.000409	0.423495
1109.027189	0.000403	0.430553
1106.108434	0.000513	0.426838
1103.882743	0.000219	0.433638
1100.941436	0.000469	0.432193
1098.532704	0.000413	0.439038
1095.195350	0.000216	0.434548
1093.789163	0.000291	0.426047
1091.191882	0.000334	0.419988
1090.291740	0.000259	0.422033
1087.984893	0.000356	0.420517
1086.208558	0.000219	0.413211
1083.503320	0.000222	0.411924
1081.482629	0.000388	0.412062
1078.787715	0.000478	0.403246
1076.387024	0.000397	0.414583
1073.734904	0.000544	0.414407
1071.284905	0.000356	0.419053
1069.545191	0.000084	0.426965
1066.918677	0.000450	0.424496
1066.090299	0.000359	0.429028
1063.916566	0.000409	0.423082
1062.557747	0.000488	0.417189
1059.732607	0.000366	0.430945
1057.380069	0.000247	0.437139
1054.436396	0.000297	0.442446
1052.093649	0.000447	0.435060
1048.750428	0.000384	0.419600
1047.035726	0.000338	0.412917
1044.224698	0.000366	0.416996
1042.635197	0.000563	0.425015
1040.167317	0.000513	0.430104
1039.458438	0.000394	0.416444
1036.759543	0.000453	0.411509
1034.554863	0.000456	0.406674
1032.741658	0.000134	0.416544
1029.647089	0.000103	0.425494
1027.852660	0.000213	0.423427
1024.465551	0.000416	0.432558
1022.458175	0.000347	0.432972
1019.978327	0.000269	0.419187
1018.397274	0.000422	0.417160
1017.048375	0.000459	0.427412
1015.669477	0.000338	0.420666
1013.865987	0.000359	0.425806
1011.061095	0.000384	0.425015
1008.733535	0.000047	0.417885
1006.297399	0.000453	0.423485
1003.602498	0.000378	0.410931
1000.889799	0.000200	0.418572
998.394588	0.000297	0.429137
995.859019	0.000466	0.430511
993.763369	0.000266	0.417036
991.899825	0.000225	0.416670
990.232356	0.000284	0.407167
988.900972	0.000378	0.424762
985.759397	0.000497	0.425355
984.225207	0.000406	0.424812
981.503336	0.000331	0.422634
978.912194	0.000413	0.431739
976.258111	0.000328	0.422130
973.764001	0.000313	0.418382
971.577688	0.000394	0.430786
969.591697	0.000375	0.418755
968.390962	0.000184	0.420302
966.394185	0.000281	0.431049
964.609756	0.000197	0.427326
962.259940	0.000328	0.409377
959.571958	0.000309	0.413905
957.775220	0.000294	0.419483
955.048726	0.000431	0.426942
952.304062	0.000119	0.425489
949.548835	0.000259	0.410825
946.155973	0.000372	0.408630
944.523864	0.000191	0.403601
942.086531	0.000559	0.412181
941.627597	0.000531	0.425044
939.172908	0.000384	0.422312
937.541013	0.000500	0.431095
934.161469	0.000600	0.432315
932.554092	0.000241	0.423653
929.518083	0.000397	0.409687
927.685262	0.000472	0.429764
925.312396	0.000106	0.425134
922.539393	0.000256	0.426706
920.600509	0.000234	0.427916
918.577617	0.000384	0.424367
917.626562	0.000350	0.417678
915.420385	0.000453	0.415242
914.372965	0.000150	0.419311
911.392018	0.000363	0.422666
909.273226	0.000375	0.423147
906.324283	0.000563	0.411016
903.563898	0.000197	0.406323
900.897185	0.000391	0.402768
898.553852	0.000319	0.408556
896.214994	0.000478	0.409852
894.365105	0.000456	0.421472
892.690817	0.000359	0.433284
890.914027	0.000378	0.425550
888.735719	0.000334	0.427330
886.548053	0.000138	0.411702
883.979003	0.000459	0.425296
881.713854	0.000372	0.417005
878.771036	0.000463	0.420588
876.325916	0.000222	0.409626
873.991660	0.000434	0.416065
871.565833	0.000391	0.417926
870.190986	0.000381	0.420635
868.124171	0.000434	0.410821
867.413137	0.000303	0.418368
864.433052	0.000225	0.425586
863.085432	0.000241	0.415157
859.805492	0.000341	0.414909
857.948877	0.000350	0.403465
854.722305	0.000403	0.421441
851.783419	0.000309	0.418394
849.237699	0.000500	0.426719
846.329485	0.000344	0.425435
844.798522	0.000450	0.413453
843.061416	0.000391	0.420142
841.386538	0.000225	0.416496
839.592089	0.000325	0.421958
836.894486	0.000216	0.429949
834.598706	0.000509	0.425308
832.155126	0.000344	0.422028
829.328593	0.000519	0.422289
827.224928	0.000275	0.416536
824.578753	0.000328	0.408308
823.044661	0.000191	0.405086
820.568583	0.000456	0.411663
819.536892	0.000250	0.416311
817.852441	-0.000013	0.400801
815.697399	0.000281	0.399688
813.946770	0.000613	0.393497
811.626783	0.000353	0.404648
809.116191	0.000463	0.410371
806.186176	0.000322	0.417481
803.471459	0.000463	0.420354
801.090109	0.000197	0.423974
798.732177	0.000163	0.415860
796.312096	0.000400	0.419998
794.926729	0.000184	0.429691
792.956022	0.000275	0.424425
790.941417	0.000322	0.425791
788.625009	0.000263	0.426812
786.023119	0.000406	0.423820
784.000597	0.000213	0.416344
781.305907	0.000413	0.416804
779.242245	0.000369	0.417346
776.423087	0.000319	0.420300
774.009294	0.000363	0.416526
771.662461	0.000103	0.409187
770.167531	0.000272	0.409482
769.094178	0.000541	0.393035
767.317394	0.000400	0.405418
764.963240	0.000228	0.410511
762.600398	0.000209	0.416095
759.775428	0.000366	0.405990
757.371770	0.000350	0.418652
755.101297	0.000625	0.408108
752.027416	0.000197	0.399135
749.199015	0.000069	0.410642
746.964942	0.000456	0.413137
744.576776	0.000159	0.415472
743.311851	0.000259	0.413515
741.665439	0.000206	0.419460
738.994294	0.000388	0.409312
737.189652	0.000375	0.418466
734.041682	0.000275	0.401105
732.412620	0.000222	0.412086
729.296516	0.000663	0.423518
727.139524	0.000313	0.406524
724.289918	0.000469	0.405465
722.430103	0.000381	0.410214
720.681845	0.000209	0.403787
719.157648	0.000300	0.412185
717.714079	0.000238	0.415004
715.687518	0.000316	0.417652
713.727393	0.000256	0.412257
710.948606	0.000441	0.397650
708.989149	0.000550	0.404026
705.615019	0.000131	0.409792
703.110076	0.000428	0.415541
700.564209	0.000163	0.418140
698.617706	0.000269	0.413611
696.413800	0.000372	0.412501
694.525447	0.000391	0.404768
693.086161	0.000166	0.400609
690.188932	0.000344	0.392879
688.450561	0.000206	0.407495
686.275779	0.000156	0.406414
683.645111	0.000494	0.388802
681.525833	0.000231	0.395468
678.054045	0.000228	0.401911
675.961085	0.000188	0.402298
673.500853	0.000281	0.411638
671.650753	0.000391	0.419443
670.686093	0.000400	0.419138
669.192624	0.000272	0.413832
667.765562	0.000484	0.411810
664.531708	0.000425	0.416638
662.504432	0.000372	0.426649
659.268798	0.000447	0.408293
657.189466	0.000434	0.405773
654.220409	0.000341	0.406729
651.776998	0.000253	0.408658
649.106132	0.000356	0.396823
646.441596	0.000138	0.391521
644.885780	0.000313	0.400009
643.152823	0.000188	0.401446
641.471305	0.000303	0.415613
638.923667	0.000531	0.394720
636.400905	0.000216	0.391965
634.148333	0.000391	0.389596
631.038178	0.000309	0.401284
629.005196	0.000388	0.396136
626.542567	0.000222	0.410260
624.655785	0.000391	0.413265
622.139352	0.000444	0.417708
620.945388	0.000256	0.416091
619.568080	0.000338	0.405013
618.080160	0.000181	0.416504
615.897340	0.000531	0.410196
613.422128	0.000366	0.424359
611.098139	0.000216	0.415788
608.030857	0.000281	0.413717
605.852575	0.000388	0.416636
602.918953	0.000250	0.409847
600.335829	0.000197	0.401801
598.273219	0.000394	0.407924
595.883388	0.000391	0.409596
594.447272	0.000313	0.392690
592.365244	0.000453	0.391846
590.281177	0.000203	0.395714
587.870076	0.000500	0.386659
585.773425	0.000553	0.397899
583.146648	0.000303	0.400978
580.327960	0.000294	0.408020
578.139110	0.000384	0.407040
575.131275	0.000166	0.399570
573.960776	0.000419	0.401051
571.752517	0.000406	0.413964
570.787058	0.000481	0.416934
568.807144	0.000228	0.411523
566.947487	0.000584	0.415045
564.340650	0.000359	0.430289
561.712630	0.000347	0.412364
559.299048	0.000344	0.410447
556.638799	0.000216	0.406344
554.025032	0.000241	0.414034
550.919334	0.000084	0.408065
548.489362	0.000403	0.397676
545.959879	0.000291	0.399461
544.405711	0.000225	0.398953
542.771676	0.000313	0.393929
541.246700	0.000266	0.392528
538.213631	0.000328	0.408370
536.149407	0.000219	0.399914
533.194932	0.000525	0.400220
530.904988	0.000197	0.409683
527.989934	0.000516	0.395922
525.872497	0.000300	0.404900
523.686494	0.000175	0.403899
522.294531	0.000416	0.404359
520.557115	0.000356	0.408238
519.339113	0.000456	0.406833
517.236444	0.000178	0.396385
514.937690	0.000578	0.403840
512.660171	0.000347	0.389491
510.406600	0.000078	0.400206
507.370469	0.000344	0.406704
504.577475	0.000194	0.400069
501.995209	0.000494	0.399588
499.591958	0.000225	0.391717
497.719459	0.000384	0.402119
495.622245	0.000206	0.414037
494.073529	0.000394	0.404974
492.007172	0.000300	0.415647
489.201418	0.000375	0.419484
487.307202	0.000244	0.415761
484.596437	0.000244	0.406373
482.250510	0.000334	0.413221
479.515986	0.000294	0.403016
477.023979	0.000494	0.405841
474.888927	0.000306	0.411977
472.905503	0.000303	0.407692
472.028957	0.000353	0.382714
470.216297	0.000297	0.388927
468.590558	0.000356	0.394314
465.818192	0.000372	0.402148
463.499554	0.000463	0.397861
460.978985	0.000169	0.387752
458.838140	0.000241	0.380206
455.968466	0.000250	0.387059
453.256190	0.000416	0.391369
450.227195	0.000322	0.397226
447.812007	0.000322	0.400472
445.928861	0.000294	0.410517
444.472173	0.000384	0.413932
442.578539	0.000244	0.408530
440.582747	0.000306	0.411447
437.691029	0.000184	0.420701
435.468655	0.000481	0.430059
432.470242	0.000219	0.420088
430.122026	0.000234	0.421278
427.920201	0.000278	0.415402
425.335867	0.000228	0.410068
424.119950	0.000269	0.400425
421.846848	0.000166	0.400955
420.966331	0.000406	0.410062
418.530694	0.000306	0.406965
417.195493	-0.000000	0.387415
414.220687	0.000294	0.386240
412.351798	0.000219	0.377042
409.321715	0.000469	0.378544
406.606316	0.000500	0.385338
403.664432	0.000572	0.393792
400.884463	0.000259	0.398181
398.486477	0.000206	0.397086
397.037340	0.000309	0.393952
395.254719	0.000441	0.394863
393.482867	0.000519	0.391582
391.772135	0.000297	0.396394
388.570867	0.000297	0.411841
386.215233	0.000309	0.414277
383.909404	0.000391	0.413113
381.555014	0.000266	0.413954
379.301376	0.000263	0.409580
376.843472	0.000313	0.414259
374.784165	0.000266	0.416313
373.138734	0.000300	0.421437
371.438145	0.000397	0.406424
369.881440	0.000353	0.404308
367.885274	0.000131	0.408335
366.066097	0.000469	0.400575
363.099663	0.000181	0.408985
361.130349	0.000141	0.417185
357.488987	0.000516	0.407474
354.961468	0.000331	0.403501
352.048935	0.000128	0.399192
349.979066	0.000178	0.380239
348.129267	0.000272	0.391046
346.148109	0.000363	0.391054
344.555270	0.000591	0.378340
342.002098	0.000094	0.386538
339.657062	0.000247	0.385834
337.091558	0.000091	0.376409
335.125086	0.000306	0.371245
332.463822	0.000394	0.375192
329.756895	0.000434	0.383185
327.408917	0.000391	0.396297
325.020762	0.000572	0.388021
323.575435	0.000278	0.391994
322.442750	0.000209	0.396514
320.901205	0.000563	0.401193
318.601085	0.000344	0.411870
316.398125	0.000316	0.417400
313.910051	0.000531	0.424983
311.586133	0.000272	0.426846
308.844823	0.000131	0.413812
306.010557	0.000269	0.408106
303.549005	0.000169	0.420599
300.419294	0.000653	0.419698
298.749520	0.000384	0.415396
296.512309	0.000266	0.405276
295.228445	0.000294	0.409136
293.126202	0.000300	0.391841
291.146537	0.000125	0.384972
288.302469	0.000459	0.387661
286.307932	0.000325	0.383616
283.448001	0.000406	0.387724
281.244713	0.000300	0.370189
278.449293	0.000250	0.374136
276.664500	0.000409	0.374059
274.183587	0.000278	0.366358
273.119570	0.000234	0.376010
271.704466	0.000341	0.386902
269.581412	0.000438	0.393583
267.876400	0.000303	0.395906
265.092451	0.000250	0.389931
263.005024	0.000313	0.392071
259.916242	0.000491	0.402355
257.769720	0.000194	0.409812
254.409530	0.000156	0.417340
252.053225	0.000231	0.419641
249.198802	0.000325	0.417199
247.508344	0.000306	0.418167
245.891877	0.000547	0.413657
243.816474	0.000106	0.411737
241.767150	0.000328	0.412817
239.220086	0.000531	0.421818
236.827429	0.000481	0.407298
234.325800	0.000244	0.399919
231.720286	0.000434	0.392481
229.280295	0.000319	0.393329
226.721598	0.000188	0.388045
224.563477	0.000341	0.391263
223.281098	0.000391	0.390186
221.820285	0.000316	0.385871
220.645281	0.000109	0.381742
218.039608	0.000300	0.376326
216.126192	0.000288	0.373672
212.649116	0.000328	0.376668
211.012540	0.000253	0.373711
207.739235	0.000169	0.381146
205.248612	0.000375	0.387612
202.738352	0.000403	0.379307
199.982298	0.000409	0.386396
198.021018	0.000203	0.387680
196.325922	0.000513	0.391884
195.084137	0.000303	0.408709
192.839512	0.000413	0.400619
190.649527	0.000281	0.393633
187.856907	0.000256	0.400244
185.742805	0.000322	0.416792
182.792808	0.000297	0.431750
180.460673	0.000559	0.432078
178.432300	0.000316	0.441064
176.027381	0.000575	0.436070
173.969441	0.000372	0.436010
172.598214	0.000369	0.424716
171.303513	0.000359	0.419907
168.982300	0.000381	0.422323
167.121049	0.000284	0.421563
164.590849	0.000459	0.398220
161.649799	0.000069	0.396589
159.300054	0.000494	0.378945
155.745000	0.000381	0.352008
153.965559	0.000481	0.359168
150.785162	0.000431	0.361212
148.737031	0.000213	0.357065
147.015759	0.000116	0.348571
145.092227	0.000328	0.350173
143.209891	0.000413	0.344303
140.437151	0.000275	0.367066
138.624769	0.000444	0.378775
135.827065	0.000188	0.392980
133.660396	0.000319	0.408606
130.781821	0.000238	0.417740
127.933650	0.000206	0.415918
126.247977	0.000400	0.425082
123.581186	0.000313	0.438448
122.783364	0.000313	0.442578
121.043615	0.000491	0.435896
119.170975	0.000363	0.438051
116.966182	0.000213	0.446846
114.188777	0.000272	0.439489
112.084590	0.000375	0.420758
109.215104	0.000406	0.415171
107.010442	0.000409	0.415078
103.757803	0.000247	0.409307
101.123759	0.000278	0.380654
98.657678	0.000166	0.371224
96.919631	0.000203	0.371966
95.316936	0.000338	0.369970
93.497053	0.000259	0.361396
91.576935	0.000313	0.356311
89.353804	0.000434	0.371027
86.704801	0.000053	0.356533
84.204901	0.000294	0.360562
81.534532	0.000350	0.358128
79.241994	0.000147	0.364937
77.227415	0.000359	0.374929
75.393152	0.000400	0.387876
73.335926	0.000303	0.396144
71.817611	0.000578	0.397586
70.161703	0.000528	0.392987
67.662852	0.000406	0.403596
66.127171	0.000372	0.407883
63.179381	0.000350	0.426679
61.117612	0.000359	0.436312
57.795255	0.000378	0.424590
55.195567	0.000250	0.425370
52.108840	0.000191	0.418441
50.024631	0.000309	0.424109
47.967304	0.000400	0.426526
46.376330	0.000422	0.423666
44.962670	0.000578	0.419826
42.003589	0.000431	0.411185
40.515191	0.000153	0.400914
36.802356	0.000297	0.386519
35.505817	0.000356	0.389443
32.283577	0.000278	0.369084
29.809594	0.000388	0.362272
27.271817	0.000138	0.362734
24.979919	0.000116	0.361158
23.485824	0.000319	0.349523
21.735815	0.000172	0.339527
20.901569	0.000259	0.344326
18.291607	0.000428	0.358466
16.110438	0.000159	0.362336
13.248118	0.000478	0.361017
10.938470	0.000353	0.368831
7.606434	0.000206	0.373880
5.112300	0.000159	0.379135
2.058058	0.000375	0.407097
0.079774	0.000484	0.427135
-2.392537	0.000469	0.419303
-3.770208	0.000231	0.431456
-5.728020	0.000375	0.436437
-7.546212	0.000525	0.429571
-9.961344	0.000306	0.424768
-11.767565	0.000372	0.426879
-14.315334	0.000366	0.424599
-16.781122	0.000216	0.429767
-20.069746	0.000378	0.417280
-22.187618	0.000219	0.385186
-24.255779	0.000466	0.388715
-26.270055	0.000319	0.383191
-27.286974	0.000253	0.366443
-29.158422	0.000238	0.375070
-30.936428	0.000406	0.353421
-34.001680	0.000184	0.347990
-35.464594	0.000328	0.342169
-39.024049	0.000256	0.338251
-40.614245	0.000219	0.350796
-44.507854	0.000431	0.360038
-46.279444	0.000519	0.368788
-49.256823	0.000197	0.371600
-51.619531	0.000209	0.376792
-53.240324	0.000006	0.383306
-54.985161	0.000384	0.389769
-56.443094	0.000213	0.405538
-59.004921	0.000325	0.405352
-60.864825	0.000291	0.413881
-64.006594	0.000228	0.421312
-66.429419	0.000259	0.428912
-69.185552	0.000453	0.413842
-71.311114	0.000084	0.420200
-74.173949	0.000375	0.427117
-75.458809	0.000472	0.427079
-77.538008	0.000366	0.405342
-78.390531	0.000394	0.411133
-80.799172	0.000184	0.410556
-82.757333	0.000350	0.397543
-86.144230	0.000200	0.394803
-87.388102	0.000481	0.391474
-91.049226	0.000431	0.388589
-92.378724	0.000263	0.381759
-96.230349	0.000350	0.372224
-98.578026	0.000316	0.363802
-101.414797	0.000341	0.371014
-103.265892	0.000497	0.364078
-103.847479	0.000422	0.370479
-106.364660	0.000178	0.366178
-107.665208	0.000172	0.365846
-110.963262	0.000219	0.369757
-112.903388	0.000272	0.361913
-115.751493	0.000031	0.371067
-118.166030	0.000031	0.382953
-120.785669	0.000284	0.386069
-122.941170	0.000369	0.390660
-124.878539	0.000209	0.394977
-126.414070	0.000316	0.388309
-128.501166	0.000191	0.399139
-129.764970	0.000378	0.414780
-132.654144	0.000363	0.432844
-134.367159	0.000338	0.427564
-136.977063	0.000366	0.422959
-139.296821	0.000450	0.413489
-142.330310	0.000366	0.407661
-145.322036	0.000322	0.408171
-148.149921	0.000431	0.403223
-150.251772	0.000572	0.397356
-152.435815	0.000331	0.396139
-153.797858	0.000444	0.392776
-155.395538	0.000466	0.378734
-158.080522	0.000228	0.366090
-159.977629	0.000094	0.361205
-163.001206	0.000138	0.369321
-164.660568	0.000175	0.364529
-167.849956	0.000175	0.357616
-170.049650	0.000431	0.358339
-172.795172	0.000288	0.350683
-174.975945	0.000328	0.356137
-176.709496	0.000231	0.371205
-178.484971	0.000422	0.373082
-179.359351	0.000072	0.379514
-181.780645	0.000459	0.388262
-184.140258	0.000294	0.389124
-186.969385	0.000491	0.392060
-189.489848	0.000222	0.400382
-191.826465	0.000372	0.410984
-195.374122	0.000394	0.418449
-197.182854	0.000191	0.418544
-200.451616	0.000341	0.412996
-202.113991	0.000475	0.408030
-203.895019	0.000341	0.410745
-205.060084	0.000303	0.412141
-207.139644	0.000525	0.406545
-209.674867	0.000269	0.409212
-211.589423	0.000125	0.386784
-214.529099	0.000563	0.384034
-216.711723	0.000250	0.374055
-219.612260	0.000288	0.372793
-221.730735	0.000372	0.371315
-223.964629	0.000091	0.382328
-226.297036	0.000263	0.367174
-227.448414	0.000316	0.376027
-229.187044	0.000213	0.369785
-230.649736	0.000109	0.365884
-233.284206	0.000319	0.374759
-235.477132	0.000481	0.376286
-237.758242	0.000350	0.377701
-241.019451	0.000222	0.382411
-243.064522	0.000403	0.379319
-246.600901	0.000344	0.378515
-248.167976	0.000119	0.379375
-251.381004	0.000281	0.387547
-252.535275	0.000347	0.395520
-254.370072	0.000247	0.398106
-256.137394	0.000313	0.395512
-258.445724	0.000309	0.392219
-260.859607	0.000328	0.391338
-262.818739	0.000425	0.392182
-266.185284	0.000244	0.403399
-268.283291	0.000241	0.408575
-271.128817	0.000372	0.412411
-273.562697	0.000425	0.414683
-275.171165	0.000472	0.395119
-277.278970	0.000391	0.405661
-278.534734	0.000481	0.399804
-280.488751	0.000313	0.390947
-282.689955	0.000288	0.399875
-285.257661	0.000063	0.384382
-287.687276	0.000291	0.381046
-290.445250	0.000275	0.378004
-293.249844	0.000250	0.369604
-296.210233	0.000144	0.364819
-298.763906	0.000194	0.372271
-300.744168	0.000497	0.378499
-303.039212	0.000156	0.358699
-304.259915	0.000134	0.361711
-306.341542	0.000334	0.362949
-308.724819	0.000291	0.362789
-311.228333	0.000163	0.383313
-313.616227	0.000247	0.382366
-315.795899	0.000434	0.394357
-318.501673	0.000394	0.398438
-320.643347	0.000438	0.392986
-323.797217	0.000241	0.407516
-324.900098	0.000281	0.405149
-327.669215	0.000325	0.402379
-328.457857	0.000288	0.408648
-330.064945	0.000225	0.412947
-332.220853	0.000091	0.412956
-334.659666	0.000338	0.411723
-337.140677	0.000450	0.398611
-339.727858	0.000144	0.390356
-342.203963	0.000228	0.399407
-345.107355	0.000391	0.396550
-347.659982	0.000491	0.379967
-350.160288	0.000191	0.377843
-351.953475	0.000488	0.362264
-353.990786	0.000191	0.373066
-355.149274	0.000547	0.372981
-357.664574	0.000219	0.372228
-360.054837	0.000272	0.379969
-362.289679	0.000288	0.377841
-364.579145	0.000128	0.381035
-366.918309	-0.000006	0.378381
-369.881781	0.000122	0.379342
-372.025767	0.000156	0.391320
-374.615776	0.000359	0.388145
-376.096481	0.000503	0.389460
-378.064909	0.000419	0.387187
-379.094867	0.000159	0.394743
-381.196039	0.000288	0.384603
-383.747969	0.000309	0.388263
-386.007987	0.000066	0.401497
-388.940118	0.000384	0.388934
-391.570405	0.000041	0.392672
-394.715166	0.000263	0.388770
-397.230338	0.000203	0.383987
-399.835977	0.000381	0.387351
-401.981843	0.000231	0.386177
-403.903159	0.000322	0.393662
-405.307272	0.000534	0.398875
-407.252752	0.000509	0.402944
-409.973405	0.000403	0.380698
-411.995260	0.000225	0.385070
-414.401727	0.000241	0.386131
-417.062862	0.000081	0.382178
-419.545988	0.000178	0.378538
-422.420983	0.000303	0.379566
-424.549232	0.000294	0.389213
-426.925572	0.000300	0.383915
-428.058732	0.000422	0.379407
-429.502311	0.000216	0.372367
-430.780734	0.000475	0.381865
-433.284062	0.000375	0.391307
-436.093663	0.000216	0.382415
-438.507545	0.000178	0.378912
-441.276264	0.000331	0.372397
-443.640290	0.000391	0.383187
-446.274312	0.000253	0.382028
-448.877370	0.000459	0.387137
-451.079705	0.000313	0.393049
-453.030894	0.000178	0.391932
-454.554356	0.000406	0.383472
-456.494185	0.000219	0.387550
-458.584883	0.000291	0.385889
-461.121382	0.000384	0.396005
-463.385336	0.000422	0.389830
-466.549951	0.000241	0.387058
-468.818347	0.000278	0.391660
-471.462093	0.000516	0.390872
-473.597967	0.000284	0.384378
-475.055741	0.000200	0.377640
-477.356586	0.000231	0.387002
-478.497225	0.000166	0.383108
-480.958720	0.000159	0.383489
-482.234844	0.000447	0.379667
-485.101786	0.000206	0.376415
-487.148177	0.000244	0.366232
-490.234242	0.000397	0.373022
-493.066038	0.000338	0.381748
-495.802829	0.000328	0.381690
-498.762260	0.000059	0.384979
-500.684503	0.000356	0.373624
-502.766198	0.000350	0.382117
-504.305268	0.000391	0.386158
-506.197195	0.000153	0.382857
-508.519474	0.000131	0.382243
-511.462994	0.000419	0.384346
-513.212738	0.000175	0.375808
-516.171261	0.000363	0.378244
-518.238832	0.000163	0.376990
-521.278028	0.000363	0.373811
-523.771131	0.000288	0.384630
-525.827785	0.000428	0.388258
-527.084528	0.000459	0.378457
-528.889471	0.000238	0.376540
-529.856593	0.000447	0.381433
-532.422418	0.000141	0.373945
-534.712060	0.000463	0.378864
-537.469847	0.000328	0.389914
-539.320465	0.000191	0.388300
-542.173622	0.000347	0.392952
-544.750969	0.000478	0.385835
-547.670334	0.000338	0.382794
-550.012787	0.000228	0.386438
-552.073181	0.000409	0.392365
-554.219650	0.000306	0.392782
-555.047231	0.000319	0.392886
-558.214980	0.000434	0.385737
-559.658829	0.000428	0.387420
-562.956761	0.000138	0.372197
-564.675304	0.000238	0.377915
-567.781188	0.000238	0.380849
-570.252152	0.000206	0.382690
-572.557259	0.000316	0.368739
-574.924309	0.000481	0.369235
-575.995710	0.000213	0.365225
-578.032656	0.000359	0.371120
-579.323302	0.000266	0.378662
-581.607377	0.000366	0.372244
-584.138440	0.000288	0.383172
-586.488476	0.000091	0.383406
-588.746171	0.000166	0.382071
-591.518930	0.000413	0.382854
-594.491376	0.000122	0.388268
-597.412382	0.000138	0.393795
-599.896255	0.000353	0.387766
-602.604800	0.000350	0.393329
-603.605417	0.000459	0.391607
-605.891597	0.000125	0.407101
-606.767997	0.000116	0.387327
-610.370417	0.000269	0.378494
-612.125114	0.000456	0.399129
-615.532502	0.000344	0.387934
-617.823813	0.000291	0.378073
-620.299773	0.000381	0.383372
-622.525135	0.000322	0.375475
-624.505766	0.000344	0.376816
-627.342003	0.000238	0.371825
-628.360903	0.000159	0.381300
-630.114630	0.000213	0.381639
-631.045066	0.000172	0.382128
-633.890361	0.000228	0.381697
-635.985339	0.000322	0.377858
-638.871103	0.000156	0.382114
-641.084081	0.000263	0.383817
-644.023291	-0.000006	0.371544
-646.264617	0.000334	0.387927
-649.289664	0.000363	0.385920
-651.513330	0.000400	0.374270
-653.746619	0.000031	0.370432
-655.235974	0.000319	0.372923
-657.205439	0.000409	0.379314
-658.804388	0.000600	0.388223
-661.851717	0.000263	0.376503
-663.564554	0.000416	0.381474
-667.001821	0.000338	0.381703
-669.058104	0.000338	0.378685
-671.715398	0.000313	0.388950
-674.278896	0.000313	0.394468
-675.906797	0.000400	0.391526
-677.504288	0.000125	0.390677
-678.427814	0.000338	0.393560
-680.996579	0.000463	0.389803
-682.618798	0.000319	0.382071
-685.900104	0.000334	0.397938
-687.431566	0.000472	0.397326
-690.711660	0.000447	0.392205
-692.944413	0.000241	0.394760
-696.057906	0.000216	0.392642
-698.990785	0.000334	0.376875
-701.235273	-0.000016	0.378989
-703.199681	0.000547	0.379332
-705.126847	0.000059	0.375108
-706.605103	0.000434	0.363153
-709.336825	0.000359	0.368954
-711.180066	0.000309	0.368894
-714.778967	0.000291	0.362307
-716.233043	0.000275	0.374307
-719.456528	0.000134	0.378173
-721.584815	0.000272	0.385589
-724.823919	0.000197	0.389631
-726.687384	0.000184	0.384351
-727.990752	0.000319	0.388712
-729.827670	0.000244	0.383166
-730.535837	0.000109	0.385065
-733.174953	0.000300	0.392405
-734.854464	0.000172	0.397725
-738.100602	0.000256	0.393132
-740.014079	0.000250	0.393552
-743.487135	0.000406	0.391970
-745.509444	0.000400	0.389515
-748.959963	0.000572	0.392051
-750.674416	0.000397	0.386068
-753.387789	0.000331	0.374769
-755.010304	0.000441	0.373064
-757.030190	0.000053	0.372649
-758.332995	0.000153	0.376122
-761.371051	0.000388	0.372029
-763.375919	-0.000028	0.379090
-766.125156	0.000338	0.376360
-768.952470	0.000228	0.377083
-771.609010	0.000166	0.376963
-773.787342	0.000531	0.373024
-775.576856	0.000091	0.375985
-777.122806	0.000053	0.375168
-778.514466	0.000384	0.373308
-780.416218	0.000441	0.387152
-782.345445	0.000103	0.373646
-784.957061	0.000288	0.381569
-786.926113	0.000288	0.375079
-789.613549	0.000272	0.372844
-791.843683	0.000353	0.389854
-795.576075	0.000425	0.388712
-798.012151	0.000453	0.384062
-800.875581	0.000303	0.382944
-802.693117	0.000150	0.380890
-804.694163	0.000484	0.385699
-806.066971	0.000431	0.394184
-808.124381	0.000409	0.391850
-811.619536	0.000188	0.390541
-812.973320	0.000419	0.391633
-815.912789	0.000319	0.392328
-818.105455	0.000197	0.376488
-820.711848	0.000488	0.381505
-823.332695	0.000472	0.387187
-825.884903	0.000269	0.385917
-827.614596	0.000106	0.381602
-829.060557	0.000331	0.375118
-830.377966	0.000219	0.377631
-832.281506	0.000447	0.369087
-834.129370	0.000422	0.361008
-837.361966	0.000194	0.372158
-838.965756	0.000231	0.372270
-842.563627	0.000259	0.376819
-844.476514	0.000231	0.370921
-847.365305	0.000169	0.366562
-850.548148	0.000531	0.366976
-852.338890	0.000181	0.381874
-854.831056	0.000444	0.391962
-856.285623	0.000466	0.386109
-858.224511	0.000297	0.380657
-860.109637	0.000391	0.380633
-862.322321	0.000141	0.384687
-865.101087	0.000409	0.384837
-867.278828	0.000175	0.388256
-870.345231	0.000231	0.392826
-872.356320	0.000197	0.392519
-875.131719	0.000181	0.394159
-876.551327	0.000309	0.391304
-878.304624	0.000153	0.379935
-879.772752	0.000284	0.375856
-881.679386	0.000081	0.381312
-883.632064	0.000556	0.385249
-886.328731	0.000316	0.376286
-888.413727	0.000100	0.369536
-890.695146	0.000388	0.377196
-893.793331	0.000344	0.360293
-896.482515	0.000109	0.371381
-900.205265	0.000244	0.379634
-901.932719	0.000194	0.378917
-904.274873	0.000500	0.377818
-905.700211	0.000322	0.366840
-907.227993	0.000300	0.372285
-909.640573	0.000294	0.371891
-912.535949	0.000278	0.381432
-914.900422	0.000106	0.369786
-917.319280	0.000350	0.377589
-920.090294	0.000447	0.378295
-922.326443	-0.000013	0.381714
-925.068579	0.000225	0.383351
-926.933522	0.000413	0.375623
-928.682960	0.000488	0.387630
-930.614202	0.000400	0.393178
-931.715982	0.000478	0.384292
-933.962310	0.000419	0.373453
-936.148752	0.000313	0.369628
-938.308110	0.000256	0.374701
-940.857872	0.000647	0.382302
-943.699956	0.000447	0.377769
-946.882236	0.000450	0.380996
-949.248984	0.000175	0.377747
-951.785517	0.000422	0.383583
-954.184177	0.000500	0.373835
-955.627239	0.000513	0.371986
-957.434859	0.000397	0.376444
-959.163290	0.000400	0.384103
-962.093036	0.000141	0.379215
-964.278362	0.000316	0.375301
-966.699960	0.000294	0.376967
-969.064411	0.000406	0.369974
-971.013410	0.000288	0.364411
-973.978028	0.000369	0.378761
-976.129796	0.000275	0.370310
-978.468061	0.000172	0.377729
-979.283650	0.000256	0.364762
-981.344327	0.000194	0.366464
-982.388065	0.000356	0.368341
-985.019486	0.000266	0.371214
-987.525499	0.000288	0.378195
-990.244924	0.000469	0.387283
-993.045673	0.000253	0.384777
-995.926178	0.000263	0.383014
-998.144406	0.000500	0.380953
-1001.245324	0.000334	0.386803
-1003.202506	0.000234	0.395388
-1005.608693	0.000241	0.391261
-1007.123622	0.000106	0.390544
-1009.355462	0.000316	0.389991
-1011.158170	0.000381	0.384551
-1013.645238	0.000163	0.377015
-1015.995462	0.000344	0.375817
-1018.570585	0.000263	0.380931
-1021.517855	0.000244	0.386410
-1023.999616	0.000172	0.371975
-1026.814735	0.000269	0.364233
-1027.946560	0.000469	0.370144
-1030.171979	0.000269	0.365933
-1031.161420	0.000150	0.373884
-1033.417278	0.000191	0.375644
-1035.438862	0.000256	0.375604
-1038.123318	0.000453	0.379635
-1040.104627	0.000122	0.378944
-1042.477882	0.000394	0.376600
-1045.333429	0.000378	0.380487
-1048.231345	0.000266	0.381278
-1051.626789	0.000450	0.383035
-1053.320886	0.000297	0.387893
-1055.821829	0.000416	0.381243
-1057.063859	0.000388	0.375544
-1058.901412	0.000191	0.372238
-1060.844767	0.000166	0.376896
-1063.756981	0.000291	0.382833
-1065.669231	0.000238	0.386542
-1067.948447	0.000428	0.384341
-1070.552950	0.000306	0.382843
-1073.181611	0.000266	0.371176
-1075.632934	0.000341	0.374211
-1078.011087	0.000381	0.373575
-1079.221756	0.000488	0.386128
-1081.078651	0.000325	0.384608
-1082.249934	0.000250	0.385594
-1084.328526	0.000206	0.384450
-1086.577292	0.000206	0.377396
-1089.426345	0.000141	0.379323
-1091.694103	0.000319	0.376984
-1094.772344	0.000369	0.380096
-1097.430174	0.000325	0.380060
-1100.223624	0.000328	0.379157
-1102.882619	0.000156	0.376204
-1105.012254	0.000506	0.366321
-1106.975484	0.000184	0.367523
-1108.201676	0.000269	0.381327
-1110.517492	0.000163	0.372227
-1112.932370	0.000500	0.377870
-1115.143889	0.000050	0.372933
-1117.961612	0.000025	0.370530
-1120.633094	0.000253	0.378187
-1123.361246	0.000375	0.371529
-1126.049620	0.000406	0.384560
-1127.927643	0.000425	0.377631
-1129.923647	0.000563	0.389377
-1131.164480	0.000494	0.377334
-1133.093274	0.000206	0.381726
-1134.735528	0.000200	0.382327
-1137.504536	0.000372	0.390618
-1139.721621	0.000347	0.391211
-1142.212288	0.000363	0.390337
-1144.938989	0.000563	0.386582
-1147.501102	0.000269	0.381248
-1150.796913	0.000206	0.378336
-1153.099962	0.000272	0.365031
-1155.936739	0.000416	0.375506
-1157.293773	0.000331	0.377672
-1158.798450	0.000438	0.378163
-1160.304423	0.000269	0.364800
-1163.000255	0.000303	0.372106
-1165.469660	0.000119	0.367956
-1167.506529	0.000578	0.374138
-1170.576698	0.000297	0.372694
-1172.049156	0.000353	0.371577
-1175.173320	0.000403	0.377454
-1177.132760	0.000141	0.378967
-1179.211116	0.000300	0.371449
-1181.073560	0.000188	0.386625
-1182.116162	0.000397	0.383147
-1184.535743	0.000094	0.381911
-1186.053119	0.000272	0.380226
-1189.279420	0.000466	0.384483
-1191.288853	0.000534	0.376604
-1194.868115	0.000166	0.384603
-1196.785398	0.000256	0.374382
-1199.419736	0.000450	0.389581
-1202.378843	0.000406	0.384622
-1204.378475	0.000244	0.382385
-1207.027753	0.000172	0.376451
-1208.749246	0.000175	0.369116
-1209.973663	0.000209	0.369201
-1212.378452	0.000369	0.369169
-1214.446121	0.000275	0.379974
-1217.428857	0.000338	0.377391
-1219.685129	0.000525	0.385434
-1222.951894	0.000409	0.379906
-1224.930041	0.000144	0.376143
-1227.596849	0.000047	0.383684
-1229.389692	0.000291	0.372217
-1231.202323	0.000325	0.376295
-1233.184721	0.000381	0.384618
-1234.448950	0.000331	0.376155
-1236.886719	0.000419	0.378392
-1238.813252	0.000438	0.376774
-1241.928799	0.000350	0.374536
-1243.705702	0.000319	0.379921
-1246.931340	0.000300	0.382856
-1249.903252	0.000353	0.371130
-1252.452402	0.000303	0.362159
-1255.189189	0.000194	0.365660
-1257.308786	0.000497	0.360672
-1258.992885	0.000138	0.369438
-1260.259176	0.000309	0.379937
-1262.282638	0.000597	0.383978
-1264.960239	0.000291	0.382046
-1266.581523	0.000106	0.381200
-1269.239187	0.000366	0.375258
-1271.602195	0.000184	0.380644
-1274.692606	0.000356	0.378313
-1277.290156	0.000394	0.380534
-1279.097578	0.000150	0.381521
-1280.927936	0.000266	0.382890
-1282.160086	0.000266	0.373499
-1283.874506	0.000316	0.365757
-1285.763154	0.000128	0.361592
-1288.941780	0.000231	0.376040
-1290.466262	0.000266	0.373682
-1293.356047	0.000638	0.371591
-1295.560918	0.000350	0.377912
-1298.684708	0.000397	0.357116
-1301.704016	0.000284	0.371723
-1304.115050	0.000413	0.371595
-1306.582486	0.000369	0.368428
-1307.668533	0.000381	0.378677
-1309.405967	0.000216	0.384228
-1311.175004	0.000300	0.377509
-1313.949751	0.000475	0.376349
-1316.780472	0.000228	0.371273
-1318.602255	0.000256	0.383659
-1321.995548	0.000153	0.379236
-1323.658580	0.000228	0.385473
-1326.649905	0.000131	0.378057
-1328.786750	0.000384	0.370748
-1331.248655	0.000363	0.369628
-1333.022331	0.000306	0.371117
-1334.163302	0.000334	0.372566
-1335.711255	0.000334	0.370191
-1337.836102	0.000250	0.371778
-1340.466322	0.000175	0.367162
-1343.284848	0.000338	0.369595
-1346.209106	0.000438	0.368409
-1349.047617	0.000503	0.371466
-1351.408122	0.000488	0.372998
-1354.166064	0.000306	0.380609
-1356.005951	0.000269	0.377722
-1358.427431	0.000238	0.372313
-1360.111961	0.000316	0.369669
-1361.632356	0.000359	0.377994
-1364.312521	0.000338	0.374843
-1365.851407	0.000422	0.374212
-1368.471588	0.000381	0.378208
-1370.468160	0.000294	0.374095
-1373.681182	0.000175	0.368068
-1375.517802	0.000469	0.376604
-1378.766443	0.000300	0.372738
-1380.098652	0.000134	0.382212
-1381.934095	0.000306	0.376569
-1383.254690	0.000391	0.372698
-1384.828562	0.000222	0.360109
-1387.164129	0.000194	0.365017
-1389.893317	0.000266	0.371495
-1392.427428	0.000316	0.370257
-1394.487721	0.000297	0.370482
-1397.559470	0.000219	0.375212
-1399.849031	0.000391	0.377520
-1403.104741	0.000338	0.376758
-1405.199697	0.000250	0.375575
-1407.510562	0.000331	0.383334
-1409.339811	0.000259	0.376107
-1410.631268	0.000153	0.383228
-1412.791282	0.000091	0.378429
-1415.241492	0.000188	0.387399
-1417.769972	0.000231	0.379769
-1420.280289	0.000297	0.377821
-1422.681388	0.000247	0.367874
-1425.485935	0.000303	0.372938
-1427.887943	0.000369	0.372744
-1430.080719	0.000216	0.371755
-1432.510274	0.000081	0.360888
-1433.543522	0.000447	0.361020
-1435.029254	0.000200	0.368508
-1436.855460	0.000400	0.368586
-1439.902086	0.000325	0.368920
-1442.047902	0.000169	0.377028
-1444.872029	0.000456	0.374196
-1447.275216	0.000219	0.373741
-1449.794108	0.000481	0.367669
-1452.863651	0.000544	0.379202
-1455.458995	0.000334	0.378279
-1458.352377	0.000266	0.377490
-1459.428741	0.000238	0.385578
-1461.254340	0.000313	0.379465
-1462.132602	0.000272	0.380019
-1465.304329	0.000450	0.375008
-1466.984714	0.000216	0.366887
-1470.115864	0.000353	0.371391
-1472.472206	0.000213	0.372402
-1475.196589	0.000263	0.367259
-1477.210743	0.000319	0.365045
-1479.291237	0.000303	0.372705
-1481.102028	0.000316	0.373870
-1483.064379	0.000428	0.364436
-1485.034148	0.000331	0.377445
-1486.341621	0.000344	0.386409
-1488.538356	0.000597	0.385941
-1490.715208	0.000084	0.370454
-1493.178522	0.000372	0.377438
-1496.410166	0.000244	0.370193
-1498.815093	0.000344	0.374560
-1501.726077	0.000591	0.376374
-1503.966373	0.000228	0.376655
-1506.004388	0.000147	0.379746
-1508.088529	0.000228	0.377977
-1509.447977	0.000281	0.377986
-1511.673803	0.000194	0.363400
-1513.710284	0.000341	0.373607
-1516.614255	0.000475	0.377432
-1518.615840	0.000075	0.371841
-1521.271235	0.000059	0.364100
-1523.721211	0.000088	0.369868
-1526.011172	0.000347	0.368577
-1529.236347	0.000284	0.365546
-1530.506791	0.000378	0.376603
-1533.100381	0.000338	0.381846
-1533.777129	0.000450	0.384338
-1535.781581	0.000228	0.383956
-1537.645615	0.000438	0.367515
-1540.395817	0.000650	0.372940
-1543.122298	0.000144	0.376657
-1545.290380	0.000575	0.372205
-1548.353288	0.000163	0.375982
-1550.668987	0.000472	0.381111
-1553.902817	0.000316	0.371072
-1555.919214	0.000188	0.368626
-1558.190207	0.000166	0.367649
-1560.262411	0.000294	0.372151
-1561.518047	0.000284	0.382234
-1563.492081	0.000413	0.379910
-1565.894993	0.000494	0.354254
-1567.987208	0.000456	0.358774
-1570.745833	0.000256	0.362232
-1573.256906	0.000541	0.365900
-1575.971565	0.000453	0.373063
-1578.350427	0.000344	0.367361
-1580.011977	0.000375	0.373746
-1582.118130	0.000419	0.373246
-1583.268782	0.000269	0.369995
-1585.511426	0.000234	0.375346
-1586.711613	0.000247	0.376587
-1590.183219	0.000394	0.375827
-1591.455588	0.000441	0.380986
-1594.257495	0.000072	0.381544
-1597.043667	0.000500	0.369706
-1599.793470	0.000156	0.371472
-1602.382941	0.000131	0.368439
-1605.029291	0.000338	0.371188
-1606.689163	0.000338	0.374411
-1608.803824	0.000256	0.373024
-1610.335839	0.000269	0.365931
-1612.216113	0.000247	0.366737
-1614.705205	0.000272	0.359932
-1617.288027	0.000513	0.356488
-1619.554440	0.000231	0.370172
-1622.423447	0.000066	0.374316
-1624.525019	0.000406	0.364572
-1627.047872	0.000431	0.373534
-1629.670475	0.000363	0.369482
-1631.500124	0.000188	0.374466
-1633.262486	0.000494	0.384013
-1634.647915	0.000422	0.373857
-1636.442481	-0.000013	0.374526
-1638.612501	0.000306	0.377513
-1641.432657	0.000309	0.374069
-1643.492774	0.000384	0.362926
-1646.509186	0.000216	0.361713
-1648.816292	0.000175	0.364143
-1651.908401	0.000109	0.371774
-1654.738411	0.000634	0.374834
-1656.929169	0.000259	0.355598
-1659.018452	0.000350	0.357195
-1660.555006	0.000478	0.363504
-1662.286968	0.000338	0.365221
-1664.186768	0.000291	0.375646
-1666.841404	0.000175	0.373341
-1669.159041	0.000491	0.377270
-1671.273489	0.000181	0.376441
-1674.401322	0.000181	0.374157
-1676.104543	0.000366	0.367867
-1679.295804	0.000397	0.380434
-1680.956855	0.000431	0.378133
-1682.638438	0.000525	0.383409
-1684.567397	0.000331	0.380757
-1685.714768	0.000509	0.370761
-1687.853823	0.000378	0.367506
-1689.746152	0.000397	0.364706
-1692.833050	0.000253	0.370492
-1694.820010	0.000259	0.372844
-1698.093764	0.000250	0.377361
-1700.236951	0.000250	0.365237
-1703.410394	0.000378	0.370222
-1705.302787	0.000275	0.357059
-1707.659963	0.000331	0.359672
-1708.856306	0.000469	0.372243
-1710.762131	0.000209	0.382295
-1712.923846	0.000250	0.370986
-1715.618578	0.000303	0.376447
-1717.903536	0.000338	0.375653
-1720.307679	0.000313	0.369483
-1722.733292	0.000350	0.384640
-1725.666392	0.000375	0.373781
-1727.408300	0.000422	0.373007
-1730.398769	0.000203	0.378937
-1731.768646	0.000172	0.372380
-1733.479164	0.000338	0.368118
-1735.131030	0.000541	0.368693
-1736.511170	0.000153	0.362425
-1739.456293	0.000381	0.379864
-1741.195711	0.000091	0.370453
-1744.435139	0.000094	0.360611
-1747.036167	0.000325	0.357126
-1750.009682	0.000138	0.368724
-1752.257112	0.000341	0.361149
-1755.180777	0.000228	0.367789
-1757.229308	0.000584	0.374430
-1759.220601	0.000275	0.380239
-1760.825932	0.000534	0.371649
-1762.826984	0.000128	0.372452
-1764.719149	0.000300	0.367536
-1767.418583	0.000269	0.377243
-1769.259180	0.000322	0.371696
-1772.440451	0.000472	0.379278
-1774.632436	0.000350	0.376825
-1777.450641	0.000234	0.370331
-1779.761637	0.000222	0.371655
-1781.524207	0.000194	0.361507
-1782.535880	0.000191	0.373637
-1784.246105	0.000328	0.376443
-1786.040459	0.000269	0.375333
-1787.995482	0.000169	0.354666
-1791.079154	0.000428	0.362292
-1793.094951	0.000406	0.365640
-1795.888649	0.000356	0.371337
-1798.052514	0.000309	0.377675
-1800.620225	0.000134	0.378496
-1803.367729	0.000384	0.383896
-1805.841112	0.000528	0.368643
-1807.637977	0.000275	0.366617
-1809.588895	0.000347	0.367464
-1811.243019	0.000588	0.379212
-1813.579401	0.000303	0.375803
-1815.781193	0.000372	0.378767
-1818.811639	0.000288	0.378115
-1820.879740	0.000159	0.365442
-1823.772374	0.000359	0.368022
-1825.789824	0.000234	0.366252
-1828.460702	0.000378	0.364694
-1830.294781	-0.000006	0.379506
-1832.005307	0.000416	0.376249
-1833.675580	0.000400	0.360738
-1835.102604	0.000422	0.369074
-1837.480896	0.000200	0.364644
-1839.368480	0.000356	0.365258
-1842.363256	0.000506	0.380899
-1844.229587	0.000169	0.376598
-1847.866652	0.000228	0.373775
-1850.251681	0.000350	0.384393
-1853.187282	0.000516	0.373902
-1855.671107	0.000241	0.373786
-1857.495278	0.000244	0.378224
-1859.266931	0.000541	0.376588
-1860.913830	0.000184	0.377476
-1863.214515	0.000466	0.379528
-1865.549958	0.000125	0.374507
-1868.202541	0.000231	0.367768
-1870.106014	0.000378	0.367452
-1872.754173	0.000150	0.371501
-1875.552478	0.000244	0.372828
-1877.546952	0.000450	0.373587
-1880.357282	0.000375	0.362151
-1881.641444	0.000288	0.361384
-1882.912957	0.000228	0.363779
-1884.355645	0.000556	0.358545
-1886.452738	0.000291	0.369081
-1888.907015	0.000019	0.376369
-1891.178878	0.000419	0.380898
-1893.720219	0.000159	0.376370
-1895.982971	0.000534	0.365899
-1898.755114	0.000441	0.369081
-1901.271790	0.000241	0.375088
-1903.633721	0.000350	0.378546
-1906.748499	0.000347	0.372929
-1907.659656	0.000300	0.378711
-1910.073104	0.000447	0.366400
-1911.554970	0.000203	0.363808
-1913.894892	0.000053	0.369204
-1916.287314	0.000041	0.366388
-1919.074573	0.000366	0.372078
-1921.649557	0.000463	0.376380
-1923.967481	0.000163	0.366381
-1926.238979	0.000069	0.358540
-1928.335463	0.000366	0.367352
-1930.649073	0.000300	0.364844
-1931.995274	0.000166	0.369476
-1933.535156	0.000322	0.376988
-1935.338034	0.000306	0.384967
-1937.571950	0.000209	0.376126
-1939.741731	0.000306	0.370464
-1942.496673	0.000378	0.377826
-1944.811527	0.000141	0.377718
-1947.988723	0.000378	0.379484
-1950.349787	0.000328	0.373338
-1953.999967	0.000500	0.372814
-1955.467065	0.000181	0.374962
-1957.993272	0.000397	0.364059
-1959.018365	0.000272	0.364729
-1961.562717	0.000366	0.370521
-1963.218862	0.000238	0.373919
-1965.947119	0.000309	0.371839
-1968.402248	0.000484	0.360544
-1970.628380	0.000328	0.356928
-1973.087268	0.000481	0.362084
-1975.568773	0.000241	0.365309
-1977.941102	0.000375	0.375076
-1979.693407	0.000525	0.375136
-1981.476459	0.000322	0.372977
-1982.857181	0.000297	0.379119
-1984.555031	0.000534	0.373093
-1987.020688	0.000466	0.370460
-1988.919721	0.000263	0.377543
-1991.017742	0.000106	0.379625
-1993.579961	0.000538	0.373225
-1996.037641	0.000128	0.380370
-1999.544060	0.000388	0.372317
-2001.713172	0.000300	0.375038
-2004.416385	0.000131	0.368568
-2005.903631	0.000150	0.368946
-2007.861849	0.000444	0.375902
-2009.015586	0.000409	0.374040
-2011.836864	0.000359	0.359857
-2014.038220	0.000206	0.360257
-2016.670059	0.000459	0.363444
-2018.588455	0.000434	0.359613
-2019.750304	0.000325	0.373036
-2018.972845	0.000378	0.385132
-2017.202384	0.000447	0.388699
-2015.989341	0.000150	0.383582
-2016.246891	0.000531	0.372161
-2017.021710	0.000309	0.368789
-2018.647103	0.000456	0.378578
-2019.028154	0.000459	0.378655
-2018.616508	0.000478	0.387612
-2017.722927	0.000125	0.380409
-2016.938749	0.000275	0.376529
-2017.043378	0.000328	0.369336
-2017.515377	0.000103	0.369436
-2018.572561	0.000228	0.367502
-2018.307250	0.000256	0.369805
-2018.654780	0.000381	0.374228
-2017.377804	0.000397	0.361182
-2017.452005	0.000441	0.362744
-2017.429557	0.000416	0.367748
-2018.290361	0.000228	0.364432
-2018.294501	0.000409	0.381704
-2018.830516	0.000097	0.381056
-2017.955019	0.000531	0.377077
-2017.880037	0.000441	0.380599
-2017.416974	0.000394	0.371497
-2018.257773	0.000072	0.374282
-2018.142371	0.000228	0.383169
-2018.509255	0.000181	0.375281
-2018.279475	0.000369	0.382798
-2017.933475	0.000234	0.373278
-2017.985101	0.000372	0.376047
-2017.816888	0.000097	0.367806
-2018.353506	0.000381	0.366293
-2018.048703	0.000197	0.374287
-2018.650355	0.000253	0.371707
-2017.870719	0.000172	0.380869
-2018.273895	0.000381	0.370074
-2017.587389	0.000291	0.361694
-2018.354286	0.000122	0.365301
-2018.102608	0.000488	0.372017
-2018.948079	0.000131	0.373457
-2017.967229	0.000400	0.364701
-2018.283555	0.000075	0.375318
-2017.876034	0.000356	0.379080
-2018.070473	0.000466	0.376174
-2018.375230	0.000188	0.374930
-2018.363085	0.000128	0.379851
-2018.432009	0.000534	0.380176
-2018.261131	0.000369	0.380050
-2018.059168	0.000209	0.377163
-2018.126286	0.000316	0.372950
-2018.422451	0.000216	0.373441
-2018.196205	0.000391	0.367862
-2018.908940	0.000138	0.368923
-2017.990339	0.000306	0.373795
-2018.618159	0.000531	0.379158
-2017.623270	0.000213	0.367385
-2018.531986	0.000156	0.357682
-2018.243901	0.000259	0.361417
-2018.678970	0.000556	0.361132
-2018.560673	0.000309	0.367052
-2018.406890	0.000275	0.380417
-2018.379976	0.000213	0.376641
-2018.244078	0.000219	0.378987
-2018.377257	0.000213	0.373621
