-1012.614805	0.000372	0.387504
-1011.713687	0.000850	0.387098
-1010.250594	0.000469	0.389357
-1007.223667	0.000413	0.388060
-1002.674095	0.000413	0.391753
-998.420048	0.000381	0.397161
-994.671581	0.000441	0.412840
-993.182919	0.000463	0.413779
-991.920011	0.000431	0.404907
-991.590508	0.000544	0.403120
-990.377436	0.000538	0.416170
-987.627528	0.000206	0.411208
-984.701672	0.000434	0.403392
-981.823106	0.000566	0.408567
-980.100118	0.000419	0.418460
-977.952627	0.000478	0.396979
-976.786660	0.000428	0.393998
-974.383250	0.000384	0.395771
-971.396102	0.000509	0.402004
-969.000188	0.000397	0.388230
-966.535876	0.000766	0.387616
-965.230549	0.000344	0.381763
-964.173689	0.000566	0.397065
-962.222837	0.000444	0.391206
-959.860938	0.000419	0.381499
-956.971554	0.000338	0.386708
-954.239245	0.000303	0.396857
-950.962205	0.000494	0.389712
-948.245137	0.000366	0.379827
-945.433854	0.000313	0.393517
-943.639278	0.000538	0.396957
-942.282324	0.000447	0.395732
-940.844722	0.000613	0.385022
-939.335574	0.000469	0.393722
-937.230986	0.000381	0.399263
-934.590436	0.000409	0.400478
-932.091946	0.000344	0.387668
-930.482075	0.000178	0.398771
-927.719310	0.000394	0.412945
-926.474717	0.000416	0.399496
-925.404287	0.000272	0.395427
-924.312388	0.000531	0.413709
-922.934451	0.000638	0.418432
-919.619156	0.000481	0.405933
-917.517455	0.000494	0.394090
-913.713445	0.000466	0.408635
-911.736429	0.000484	0.406161
-909.580225	0.000356	0.406984
-908.537976	0.000269	0.383783
-905.859450	0.000503	0.395370
-902.524662	0.000322	0.393391
-899.059404	0.000466	0.389666
-896.091747	0.000275	0.382571
-893.974193	0.000672	0.388748
-893.257388	0.000244	0.390984
-892.361508	0.000334	0.384656
-890.722939	0.000469	0.367545
-887.921271	0.000341	0.384303
-885.841327	0.000531	0.385437
-882.934013	0.000519	0.384403
-880.473719	0.000556	0.384203
-878.123165	0.000313	0.391735
-876.253532	0.000291	0.398108
-874.488566	0.000406	0.399023
-872.295242	0.000269	0.404447
-870.643452	0.000316	0.402653
-868.932940	0.000391	0.404908
-866.455801	0.000431	0.408757
-864.256509	0.000666	0.399110
-861.978807	0.000375	0.399897
-859.401708	0.000494	0.407370
-856.799228	0.000450	0.408975
-853.991213	0.000344	0.411833
-850.975885	0.000566	0.402582
-848.520079	0.000394	0.410644
-846.059509	0.000447	0.397543
-844.833448	0.000491	0.401911
-843.994724	0.000259	0.389344
-841.878149	0.000294	0.390881
-839.953980	0.000347	0.384681
-837.530454	0.000434	0.382882
-835.526821	0.000338	0.388934
-832.723083	0.000353	0.384480
-830.727731	0.000659	0.389734
-827.952952	0.000334	0.385873
-825.362512	0.000656	0.390066
-823.392586	0.000578	0.387287
-821.398809	0.000403	0.393520
-819.930578	0.000391	0.394429
-818.033169	0.000613	0.381296
-815.912295	0.000463	0.389344
-813.060355	0.000556	0.394720
-811.073401	0.000691	0.389054
-807.613357	0.000450	0.394895
-805.124917	0.000375	0.406366
-801.771063	0.000372	0.414286
-799.385080	0.000538	0.400310
-797.356739	0.000319	0.396223
-795.389318	0.000306	0.401840
-794.537984	0.000459	0.412131
-792.297015	0.000397	0.409720
-790.389254	0.000463	0.402026
-787.942409	0.000678	0.404077
-785.824149	0.000428	0.399650
-783.457901	0.000366	0.395003
-781.210201	0.000297	0.404341
-778.676088	0.000447	0.387100
-776.125156	0.000469	0.392475
-774.174039	0.000472	0.392322
-772.303055	0.000350	0.377841
-770.611457	0.000534	0.374912
-769.149013	0.000444	0.381502
-766.399503	0.000431	0.390642
-764.367317	0.000447	0.383041
-761.579401	0.000441	0.377759
-759.159655	0.000253	0.381502
-756.200130	0.000434	0.389807
-753.064510	0.000259	0.386277
-750.859793	0.000691	0.375629
-748.523014	0.000513	0.391812
-747.054761	0.000244	0.398290
-745.433010	0.000425	0.390251
-744.089972	0.000269	0.391724
-742.338034	0.000406	0.399269
-739.619208	0.000366	0.405196
-737.621529	0.000538	0.412316
-735.083125	0.000650	0.413229
-732.800837	0.000650	0.420101
-730.043881	0.000447	0.413967
-727.880592	0.000522	0.413493
-725.486409	0.000497	0.395859
-723.199465	0.000519	0.400915
-721.831507	0.000588	0.403115
-719.324065	0.000413	0.393009
-718.016969	0.000419	0.385885
-714.905697	0.000372	0.392097
-713.133767	0.000453	0.386605
-710.327192	0.000453	0.380182
-707.361487	0.000450	0.379855
-704.387745	0.000453	0.388092
-701.112464	0.000331	0.377122
-699.016592	0.000466	0.386811
-696.692866	0.000497	0.386989
-695.500287	0.000450	0.377691
-694.277680	0.000547	0.382696
-692.628983	0.000406	0.391061
-689.991179	0.000553	0.385210
-687.962328	0.000475	0.389404
-685.522032	0.000100	0.396898
-682.856376	0.000475	0.404654
-680.567513	0.000441	0.396267
-678.434600	0.000275	0.395929
-675.839188	0.000372	0.396481
-673.895089	0.000478	0.420251
-672.337357	0.000450	0.408469
-670.384135	0.000500	0.402160
-668.432593	0.000506	0.402610
-666.205657	0.000553	0.404680
-663.549279	0.000647	0.411943
-661.287615	0.000334	0.398206
-658.443587	0.000325	0.401370
-655.483769	0.000603	0.398218
-652.768576	0.000659	0.390268
-649.887216	0.000431	0.378376
-648.216676	0.000350	0.389977
-646.655616	0.000509	0.391989
-645.490447	0.000509	0.382575
-643.450335	0.000469	0.384241
-641.863707	0.000272	0.392675
-639.053981	0.000638	0.381712
-636.845402	0.000309	0.389688
-634.568722	0.000256	0.373017
-631.874656	0.000284	0.384527
-629.681584	0.000522	0.396794
-626.771378	0.000388	0.385685
-625.013137	0.000581	0.377150
-623.078688	0.000138	0.384229
-621.059309	0.000347	0.394118
-619.800352	0.000450	0.391895
-617.111749	0.000334	0.399847
-615.094210	0.000497	0.402984
-611.917857	0.000578	0.406110
-609.642466	0.000334	0.407356
-606.363355	0.000503	0.410323
-603.421247	0.000413	0.407317
-600.631497	0.000728	0.408616
-598.424640	0.000397	0.395650
-597.255805	0.000478	0.402986
-594.849966	0.000506	0.408729
-593.968826	0.000819	0.401668
-591.475062	0.000369	0.397812
-589.197169	0.000347	0.385506
-586.996088	0.000797	0.384106
-584.821608	0.000575	0.390410
-582.495608	0.000528	0.394779
-579.589343	0.000553	0.376593
-577.893438	0.000344	0.374356
-574.838642	0.000619	0.376272
-573.258924	0.000366	0.382085
-571.362837	0.000384	0.380360
-569.824238	0.000506	0.387600
-567.930378	0.000528	0.391396
-565.329010	0.000444	0.386988
-563.073331	0.000488	0.380204
-559.943962	0.000397	0.395762
-557.397356	0.000681	0.397025
-554.253493	0.000484	0.403675
-551.850419	0.000431	0.400517
-549.725730	0.000622	0.409446
-547.832931	0.000684	0.404669
-546.303593	0.000531	0.401824
-544.412990	0.000631	0.392575
-542.814515	0.000456	0.402885
-540.212810	0.000356	0.403678
-538.196070	0.000578	0.405860
-536.267347	0.000403	0.395169
-533.422227	0.000378	0.382962
-531.358882	0.000419	0.401054
-528.428905	0.000447	0.399020
-525.789752	0.000175	0.391270
-523.717976	0.000706	0.381212
-522.004739	0.000266	0.386832
-520.327135	0.000456	0.392374
-518.539188	0.000406	0.385457
-516.624724	0.000391	0.383490
-513.580094	0.000534	0.380019
-511.177621	0.000556	0.393646
-507.871984	0.000638	0.392294
-505.227517	0.000547	0.386455
-502.489991	0.000519	0.385343
-499.831364	0.000553	0.397016
-498.103264	0.000403	0.405978
-495.764105	0.000278	0.390399
-494.775188	0.000363	0.397537
-492.340179	0.000525	0.402957
-491.054561	0.000475	0.403268
-488.086952	0.000159	0.388622
-486.205069	0.000334	0.392389
-483.611725	0.000559	0.397410
-481.277456	0.000300	0.404089
-478.448633	0.000538	0.398941
-475.583521	0.000425	0.409942
-473.991991	0.000581	0.411358
-472.029060	0.000400	0.399514
-471.192995	0.000144	0.387982
-468.504549	0.000572	0.403950
-466.962617	0.000488	0.399718
-463.380304	0.000334	0.392385
-461.260114	0.000366	0.395717
-458.579043	0.000481	0.379373
-455.999883	0.000325	0.379915
-453.221835	0.000559	0.384990
-450.550905	0.000428	0.375591
-448.138153	0.000653	0.380735
-447.113572	0.000091	0.377490
-444.451210	0.000519	0.390645
-443.922454	0.000419	0.376587
-441.385238	0.000375	0.373866
-439.666521	0.000275	0.390933
-436.737628	0.000347	0.394843
-434.947013	0.000475	0.404723
-431.942250	0.000344	0.404237
-429.366155	0.000578	0.405066
-427.235520	0.000506	0.401370
-424.235980	0.000328	0.394354
-423.262580	0.000469	0.403473
-421.069566	0.000244	0.401784
-419.842349	0.000266	0.398384
-417.174806	0.000459	0.400944
-414.874827	0.000497	0.391030
-411.979991	0.000525	0.396709
-409.769446	0.000294	0.397369
-406.778624	0.000466	0.403147
-403.775265	0.000569	0.396801
-400.707386	0.000403	0.384237
-398.684854	0.000500	0.376027
-396.568192	0.000313	0.376580
-395.187803	0.000538	0.369531
-393.505222	0.000331	0.368444
-391.541930	0.000628	0.378669
-388.394147	0.000313	0.374677
-386.707074	0.000384	0.368093
-384.136005	0.000325	0.372345
-381.816455	0.000297	0.381242
-378.998531	0.000306	0.399791
-377.026510	0.000525	0.388713
-374.341072	0.000588	0.387551
-372.473922	0.000363	0.395907
-371.146758	0.000572	0.402173
-369.542172	0.000509	0.412863
-367.745935	0.000544	0.403761
-365.160302	0.000422	0.406323
-362.566899	0.000638	0.410206
-359.949992	0.000556	0.404123
-357.026754	0.000378	0.417621
-354.510578	0.000375	0.405012
-351.752403	0.000369	0.396208
-349.186697	0.000625	0.391509
-346.879840	0.000344	0.387703
-345.457913	0.000472	0.394415
-344.317010	0.000359	0.402881
-341.990786	0.000425	0.395349
-340.410583	0.000400	0.379102
-337.300015	0.000338	0.381065
-335.854046	0.000400	0.371250
-332.728178	0.000350	0.377706
-330.651456	0.000203	0.375067
-327.963826	0.000675	0.362727
-325.179579	0.000409	0.374179
-323.473362	0.000328	0.362774
-321.409867	0.000466	0.370623
-320.340630	0.000678	0.374687
-317.772798	0.000572	0.381583
-316.384002	0.000453	0.398744
-313.242723	0.000597	0.395438
-310.898324	0.000244	0.391399
-307.816906	0.000447	0.411985
-304.987567	0.000622	0.409765
-302.453200	0.000534	0.420475
-299.385868	0.000594	0.415545
-297.564313	0.000603	0.431657
-295.817113	0.000334	0.421136
-294.104584	0.000338	0.416101
-292.521852	0.000294	0.414571
-290.342668	0.000506	0.423356
-287.973443	0.000394	0.410852
-285.089008	0.000153	0.398276
-283.155654	0.000416	0.382608
-280.138724	0.000694	0.380245
-278.125529	0.000409	0.369864
-275.293529	0.000366	0.355112
-273.585564	0.000244	0.346744
-271.442710	0.000247	0.349644
-270.096385	0.000559	0.354134
-267.951841	0.000588	0.345991
-266.355171	0.000319	0.343610
-263.678042	0.000491	0.350658
-260.947709	0.000509	0.354264
-258.330287	0.000459	0.356464
-255.212715	0.000434	0.375144
-252.613269	0.000659	0.403757
-249.939603	0.000400	0.421422
-247.666339	0.000253	0.428240
-246.212620	0.000556	0.442785
-243.920460	0.000394	0.449711
-242.638650	0.000688	0.450233
-240.751825	0.000413	0.448501
-238.749683	0.000503	0.467044
-236.051743	0.000650	0.455405
-233.857398	0.000644	0.447787
-231.067228	0.000444	0.419643
-228.439396	0.000319	0.430693
-226.526981	0.000472	0.407297
-223.427167	0.000403	0.394522
-222.295331	0.000344	0.376835
-219.826281	0.000381	0.369130
-219.080812	0.000513	0.348488
-216.596468	0.000509	0.338164
-214.308125	0.000300	0.327438
-211.604779	0.000275	0.327309
-209.102270	0.000347	0.320737
-206.456829	0.000288	0.324629
-203.324950	0.000328	0.328924
-200.979310	0.000172	0.338929
-198.146899	0.000791	0.352934
-196.091453	0.000478	0.385069
-194.777290	0.000397	0.393985
-193.114859	0.000516	0.389932
-191.167508	0.000506	0.414189
-188.607076	0.000541	0.439535
-186.440993	0.000684	0.440288
-184.260853	0.000444	0.458336
-181.735385	0.000488	0.479836
-179.207943	0.000369	0.486097
-176.667269	0.000522	0.486910
-174.133215	0.000409	0.470629
-171.900928	0.000313	0.470508
-170.888167	0.000688	0.453522
-169.185345	0.000350	0.435540
-167.124058	0.000484	0.438765
-164.963565	0.000366	0.410151
-161.671402	0.000453	0.374632
-159.492372	0.000300	0.356744
-155.942765	0.000569	0.340560
-154.003436	0.000366	0.312141
-150.974812	0.000422	0.299761
-148.836947	0.000313	0.299137
-146.239478	0.000166	0.298822
-144.993755	0.000234	0.298739
-143.255532	0.000403	0.292862
-141.393977	0.000328	0.306235
-139.760732	0.000200	0.322026
-137.191113	0.000609	0.339693
-135.015686	0.000425	0.370026
-132.013884	0.000744	0.395139
-129.690768	0.000591	0.416121
-126.973501	0.000491	0.442433
-124.946019	0.000463	0.470813
-122.525444	0.000756	0.482164
-121.558672	0.000691	0.481880
-119.191760	0.000375	0.506218
-117.556157	0.000525	0.509850
-115.161858	0.000594	0.511297
-113.191403	0.000528	0.488379
-110.403818	0.000663	0.491340
-108.177453	0.000459	0.481288
-104.799900	0.000341	0.446671
-102.092063	0.000550	0.405693
-98.932707	0.000659	0.371555
-97.098370	0.000416	0.348355
-95.494286	0.000119	0.321850
-93.939089	0.000253	0.309391
-92.256333	0.000378	0.293022
-89.707201	0.000316	0.280962
-87.885647	0.000356	0.272199
-84.562640	0.000363	0.266438
-82.958871	0.000288	0.263251
-79.905963	0.000350	0.272254
-77.732191	0.000438	0.296893
-74.872889	0.000275	0.331638
-72.507255	0.000278	0.347229
-70.892374	0.000525	0.375372
-69.216843	0.000372	0.403993
-68.014496	0.000453	0.399028
-65.594868	0.000381	0.443130
-63.113161	0.000356	0.476104
-60.166037	0.000450	0.507296
-57.716290	0.000753	0.521484
-54.781715	0.000606	0.523874
-52.479763	0.000559	0.537130
-49.429872	0.000572	0.518872
-47.289927	0.000409	0.493231
-45.242854	0.000491	0.479556
-43.582908	0.000566	0.467253
-42.082003	0.000547	0.451821
-40.658783	0.000484	0.415845
-37.861361	0.000403	0.389704
-35.661237	0.000325	0.345363
-32.671924	0.000313	0.313932
-30.483333	0.000184	0.293716
-27.771351	0.000622	0.262006
-26.071821	0.000081	0.249380
-23.330046	0.000250	0.236069
-21.229176	0.000141	0.239997
-20.016278	0.000241	0.247081
-17.759830	0.000328	0.250517
-16.417016	0.000172	0.261495
-14.309972	0.000413	0.289523
-11.568634	0.000434	0.328747
-9.276495	0.000278	0.340953
-5.896082	0.000463	0.384372
-3.189208	0.000728	0.449562
-0.296885	0.000459	0.464383
1.873750	0.000588	0.504018
4.366907	0.000356	0.526993
5.490417	0.000575	0.557183
7.636699	0.000584	0.560146
9.370010	0.000734	0.540484
11.514031	0.000747	0.552291
13.774762	0.000506	0.567212
15.889738	0.000656	0.537305
18.402676	0.000500	0.499443
20.824403	0.000472	0.460421
23.644991	0.000363	0.431524
26.179757	0.000322	0.382059
28.106109	0.000566	0.335597
29.893691	0.000391	0.308622
31.233376	0.000275	0.294710
33.365797	0.000213	0.269261
35.528853	0.000084	0.226549
38.178780	0.000300	0.215809
40.670649	0.000147	0.204226
43.723773	0.000175	0.208325
46.602366	0.000413	0.237812
49.514797	0.000653	0.270291
52.339599	0.000494	0.304293
54.031852	0.000603	0.338571
55.637192	0.000369	0.369783
56.955060	0.000459	0.398607
58.956785	0.000675	0.436937
60.682396	0.000616	0.480052
63.266836	0.000463	0.512452
65.673823	0.000769	0.547986
67.794810	0.000597	0.571494
70.860290	0.000825	0.605905
72.900645	0.000531	0.610394
75.600197	0.000666	0.582237
77.269324	0.000734	0.578519
79.324183	0.000394	0.554505
80.352914	0.000691	0.533269
82.844892	0.000572	0.491567
84.898439	0.000425	0.452378
87.255214	0.000528	0.414893
89.982877	0.000541	0.350113
92.260537	0.000344	0.292450
95.164007	0.000150	0.251486
98.129059	0.000247	0.205059
100.926432	0.000113	0.184250
103.139073	0.000388	0.172158
105.067471	0.000294	0.184549
106.364630	0.000163	0.194988
108.221755	0.000122	0.212464
110.247386	0.000134	0.224604
112.388292	0.000134	0.258475
114.813450	0.000422	0.321001
117.099897	0.000394	0.357403
119.552544	0.000544	0.421409
122.512103	0.000538	0.463199
124.680874	0.000547	0.511915
127.252039	0.000603	0.564752
128.975493	0.000447	0.572689
130.331637	0.000681	0.583064
132.107587	0.000656	0.609897
134.072946	0.000700	0.618735
137.129167	0.000634	0.597116
139.352473	0.000469	0.569986
142.602120	0.000438	0.532958
144.603099	0.000356	0.488070
148.145277	0.000469	0.432359
150.206446	0.000216	0.369275
153.338840	0.000528	0.324537
155.402377	0.000216	0.286971
156.325951	-0.000134	0.256310
158.691616	0.000275	0.237524
159.693425	0.000253	0.203132
162.339183	0.000259	0.200883
164.129050	0.000191	0.178984
166.644513	0.000216	0.176599
169.270384	0.000244	0.194203
171.500561	0.000013	0.210044
174.380586	0.000225	0.244542
176.045068	0.000266	0.282129
178.684801	0.000194	0.334446
179.952036	0.000238	0.372942
181.417484	0.000413	0.390175
183.670781	0.000222	0.434244
185.460315	0.000569	0.479907
188.203100	0.000578	0.533790
190.384449	0.000413	0.545305
193.829883	0.000553	0.588293
196.308651	0.000838	0.617783
199.135272	0.000738	0.608125
202.083455	0.000397	0.575004
203.568286	0.000559	0.566227
205.495427	0.000797	0.549322
206.612686	0.000625	0.532589
209.011026	0.000559	0.488456
210.775760	0.000534	0.443147
213.065729	0.000478	0.404540
215.623788	0.000081	0.336033
217.420967	0.000325	0.294354
220.481790	0.000119	0.238554
222.594658	0.000138	0.201930
225.436534	0.000066	0.189908
227.441505	0.000322	0.174528
229.087191	0.000241	0.166884
230.893448	0.000109	0.169570
232.467854	0.000081	0.179655
235.238339	0.000222	0.198626
237.188100	0.000359	0.242385
240.403692	0.000272	0.298244
242.784803	0.000575	0.350664
245.805760	0.000359	0.435343
249.046627	0.000456	0.483039
251.477138	0.000506	0.543887
254.127249	0.000788	0.582776
255.277162	0.000675	0.605923
256.939838	0.000588	0.595380
257.978189	0.000622	0.605166
260.482726	0.000706	0.635832
262.677500	0.000553	0.595851
265.411643	0.000625	0.586490
267.514541	0.000425	0.565719
269.642194	0.000691	0.538698
272.538673	0.000353	0.480169
274.715678	0.000616	0.416171
277.073075	0.000572	0.357455
279.007082	0.000456	0.297202
280.683798	0.000409	0.276866
282.031946	0.000391	0.239698
284.384793	0.000322	0.209653
286.686636	0.000334	0.180968
288.874309	-0.000047	0.150801
291.754336	0.000122	0.153882
294.197380	0.000097	0.179644
297.625572	0.000263	0.214117
299.953113	0.000381	0.266110
302.712928	0.000213	0.315450
304.781415	0.000297	0.354762
305.786060	0.000672	0.407514
307.455401	0.000391	0.440180
309.126712	0.000525	0.478819
311.415262	0.000600	0.520831
313.409512	0.000725	0.563877
316.185760	0.000684	0.612029
318.478492	0.000753	0.606556
320.799120	0.000519	0.602551
323.551097	0.000775	0.594943
325.571024	0.000472	0.601419
327.964318	0.000728	0.554663
329.786834	0.000553	0.522813
331.181236	0.000625	0.497232
333.905854	0.000488	0.467759
335.681596	0.000694	0.421842
338.337627	0.000391	0.335966
340.694754	0.000325	0.297218
343.853953	0.000363	0.244589
346.680366	0.000188	0.213716
349.447688	0.000353	0.184323
352.588277	0.000306	0.179611
353.961800	0.000047	0.187345
356.143471	0.000194	0.200892
356.492848	0.000119	0.221643
359.402408	0.000209	0.244256
360.745497	0.000525	0.280719
363.482452	0.000225	0.326732
365.695202	0.000284	0.369755
368.052203	0.000478	0.420371
369.980595	0.000325	0.470525
372.946836	0.000431	0.523505
375.358068	0.000519	0.541314
377.958623	0.000791	0.569392
379.569725	0.000725	0.585647
381.078012	0.000803	0.564814
382.369037	0.000575	0.571272
384.597036	0.000519	0.582172
387.244351	0.000797	0.551141
389.874726	0.000538	0.516792
392.850116	0.000428	0.472186
395.312580	0.000572	0.412897
398.563206	0.000531	0.374220
400.750341	0.000375	0.329772
403.595083	0.000500	0.289485
404.628785	0.000328	0.276898
406.630761	0.000334	0.269492
407.310131	0.000447	0.254924
410.170905	0.000106	0.231262
411.653640	0.000181	0.232139
414.536512	0.000422	0.237675
416.462298	0.000275	0.249694
418.918605	0.000266	0.262857
421.650618	0.000409	0.297891
423.947872	0.000569	0.327637
426.099291	0.000409	0.362962
428.373087	0.000419	0.401581
429.946142	0.000572	0.414307
431.459404	0.000456	0.432118
433.468250	0.000606	0.475273
436.206921	0.000416	0.493969
438.322340	0.000731	0.496159
441.520803	0.000456	0.513280
444.576800	0.000297	0.522458
447.417817	0.000634	0.513522
450.270031	0.000628	0.495942
452.040827	0.000556	0.470690
454.801707	0.000734	0.462725
455.400035	0.000438	0.437038
457.626653	0.000506	0.418690
458.710727	0.000541	0.414851
461.679047	0.000438	0.373454
463.200557	0.000288	0.347341
466.230265	0.000141	0.332667
468.260942	0.000366	0.311762
471.325660	0.000291	0.284511
473.528332	0.000425	0.279876
475.959451	0.000353	0.277730
477.841107	0.000419	0.283072
479.449515	0.000369	0.285669
481.261539	0.000444	0.297379
483.318465	0.000669	0.290321
485.877235	0.000488	0.323141
487.884851	0.000266	0.344300
490.816940	0.000459	0.378855
493.417796	0.000356	0.414581
496.546753	0.000256	0.434868
499.145284	0.000719	0.458974
501.628223	0.000497	0.470569
503.385380	0.000438	0.478876
504.953504	0.000544	0.491526
506.132179	0.000675	0.507848
507.957403	0.000578	0.510048
510.266235	0.000363	0.490476
512.701935	0.000484	0.490638
514.671163	0.000325	0.480237
517.352848	0.000722	0.466061
519.187953	0.000431	0.433402
521.900832	0.000397	0.401494
524.830043	0.000756	0.393544
526.581948	0.000325	0.351783
528.888740	0.000397	0.327767
529.962410	0.000359	0.318850
532.203312	0.000466	0.305443
534.028410	0.000281	0.300173
537.059229	0.000541	0.278872
539.395428	0.000281	0.284597
542.507860	0.000306	0.288838
545.032390	0.000416	0.303524
548.272484	0.000413	0.329631
550.415764	0.000050	0.339108
553.011752	0.000434	0.387673
554.494570	0.000419	0.398054
556.123676	0.000444	0.406994
557.398572	0.000384	0.435686
559.598445	0.000469	0.449198
561.640451	0.000531	0.474046
564.458262	0.000716	0.475018
566.531870	0.000609	0.485237
569.281069	0.000659	0.498639
571.123702	0.000441	0.487936
574.323174	0.000584	0.481752
576.089825	0.000622	0.455927
578.363084	0.000531	0.443080
580.095623	0.000388	0.437356
580.999509	0.000406	0.423792
583.505539	0.000622	0.400489
585.475120	0.000466	0.363853
588.971896	0.000500	0.348999
590.870778	0.000359	0.317537
594.094543	0.000175	0.301066
596.988337	0.000488	0.309860
599.420166	0.000359	0.315092
601.765703	0.000266	0.312673
603.373113	0.000516	0.313666
604.945579	0.000547	0.323518
606.389070	0.000513	0.331951
607.639026	0.000500	0.348979
611.021394	0.000438	0.371123
612.316793	0.000447	0.378810
615.204860	0.000181	0.394262
617.460003	0.000266	0.407938
619.885953	0.000497	0.433008
622.393161	0.000409	0.447615
624.576575	0.000500	0.461146
626.865268	0.000488	0.478362
628.128002	0.000497	0.468287
630.398151	0.000503	0.459822
631.721338	0.000650	0.455734
634.550289	0.000563	0.455493
636.714795	0.000441	0.443051
639.822549	0.000419	0.409952
642.678926	0.000503	0.401610
645.781227	0.000269	0.386798
648.383009	0.000397	0.345617
650.966181	0.000409	0.355369
652.923686	0.000547	0.346096
654.387236	0.000469	0.340047
655.579351	0.000413	0.326611
657.685337	0.000253	0.336136
659.885636	0.000359	0.330464
662.500582	0.000441	0.332434
664.485396	0.000419	0.337732
667.041998	0.000450	0.349464
669.190464	0.000491	0.371537
671.533087	0.000294	0.378456
674.841175	0.000409	0.382406
676.327524	0.000594	0.395709
678.604293	0.000606	0.401656
679.260327	0.000703	0.411287
681.818890	0.000531	0.413495
683.140521	0.000566	0.435480
686.569010	0.000294	0.443044
688.919315	0.000566	0.446252
691.890118	0.000488	0.453022
694.688817	0.000359	0.426539
696.844196	0.000516	0.438079
699.877669	0.000472	0.437850
701.368684	0.000691	0.424676
703.178846	0.000444	0.405110
704.307946	0.000450	0.399637
706.407487	0.000581	0.393844
708.057310	0.000528	0.364646
710.804870	0.000372	0.356512
712.981088	0.000366	0.369092
715.056094	0.000444	0.359137
717.553069	0.000409	0.349139
719.995218	0.000303	0.339163
722.291090	0.000197	0.347691
724.667033	0.000244	0.346010
726.414958	0.000319	0.349345
727.812745	0.000397	0.348255
729.888356	0.000247	0.367074
732.043724	0.000309	0.373558
734.342732	0.000459	0.369368
737.204940	0.000466	0.381998
739.310263	0.000509	0.403735
742.910949	0.000466	0.418952
745.421838	0.000406	0.431563
748.503952	0.000528	0.424468
750.636443	0.000572	0.437690
752.281329	0.000575	0.432706
753.634565	0.000288	0.438743
755.012580	0.000459	0.424978
757.003545	0.000522	0.426638
759.666901	0.000259	0.427603
762.136426	0.000469	0.419135
764.627093	0.000441	0.408785
766.787266	0.000147	0.376701
769.656290	0.000622	0.382569
771.650481	0.000203	0.377363
774.716727	0.000272	0.356130
776.346242	0.000525	0.352919
777.719765	0.000288	0.368114
779.647419	0.000300	0.356310
781.185274	0.000341	0.350690
784.200586	0.000541	0.346951
786.153425	0.000250	0.367187
789.087378	0.000497	0.368983
791.363228	0.000384	0.377382
794.385134	0.000447	0.371412
797.007842	0.000159	0.395298
799.397902	0.000588	0.401740
801.570100	0.000469	0.391362
802.787964	0.000347	0.394962
804.225338	0.000641	0.417121
805.941825	0.000475	0.426497
808.233929	0.000388	0.417508
810.271776	0.000534	0.413498
812.739807	0.000494	0.423796
815.310039	0.000366	0.429006
817.335985	0.000213	0.423020
820.444440	0.000378	0.420271
822.278151	0.000522	0.402694
824.694602	0.000488	0.413957
825.906600	0.000466	0.393496
827.248586	0.000509	0.387537
829.491021	0.000344	0.382502
831.535491	0.000500	0.378235
834.648703	0.000313	0.376004
836.613530	0.000350	0.354195
840.056396	0.000413	0.354751
842.325711	0.000416	0.356057
845.300502	0.000631	0.361305
847.674642	0.000291	0.363586
849.867341	0.000609	0.366000
851.498722	0.000381	0.375200
852.697249	0.000344	0.378026
854.974584	0.000459	0.380565
856.931778	0.000375	0.381997
859.206170	0.000400	0.397719
861.637087	0.000375	0.413822
863.993561	0.000663	0.398853
866.416902	0.000384	0.418315
869.419968	0.000363	0.420249
871.778843	0.000413	0.426881
873.939864	0.000391	0.417153
875.578049	0.000616	0.414362
876.982938	0.000353	0.425330
878.232912	0.000594	0.421598
881.067146	0.000356	0.421713
883.228918	0.000431	0.404868
886.261515	0.000584	0.392185
888.585198	0.000522	0.388311
891.223310	0.000072	0.377693
894.177525	0.000278	0.371463
896.388667	0.000228	0.369183
899.265027	0.000384	0.364648
900.284298	0.000572	0.365667
902.730168	0.000447	0.351436
903.089266	0.000400	0.369209
905.883074	0.000344	0.368478
907.490723	0.000325	0.373562
910.029133	0.000341	0.374082
912.408854	0.000609	0.374478
914.702071	0.000631	0.391538
917.793805	0.000284	0.386633
919.626004	0.000447	0.393361
922.057816	0.000381	0.404784
923.577750	0.000416	0.415521
925.442635	0.000597	0.413241
926.686404	0.000528	0.397458
929.148302	0.000688	0.393986
931.282726	0.000184	0.402869
934.331136	0.000334	0.411191
936.382086	0.000388	0.408488
939.472369	0.000466	0.396677
942.017723	0.000322	0.399163
944.981971	0.000159	0.383293
947.509818	0.000425	0.393849
949.577157	0.000534	0.391216
950.997241	0.000478	0.390901
952.179602	0.000522	0.383246
953.664637	0.000344	0.386764
956.491778	0.000344	0.380152
958.876006	0.000441	0.372914
961.218086	0.000272	0.371309
964.487759	0.000194	0.378148
965.977909	0.000494	0.374733
969.187648	0.000350	0.376952
970.361540	0.000628	0.381553
973.286769	0.000288	0.384527
974.576862	0.000584	0.386533
976.633323	0.000475	0.390018
978.555838	0.000575	0.389482
980.212620	0.000288	0.385074
983.342105	0.000534	0.399767
984.979522	0.000203	0.400802
988.501275	0.000600	0.394276
990.581867	0.000450	0.376008
993.754275	0.000200	0.397640
995.355371	0.000484	0.397415
