-66021.978469	0.000431	0.406524
-66025.042701	0.000338	0.408621
-66029.221641	0.000506	0.404699
-66031.801694	0.000259	0.395822
-66035.104597	0.000156	0.388219
-66036.312369	0.000734	0.391685
-66037.906438	0.000375	0.400556
-66039.039367	0.000219	0.397479
-66041.133997	0.000297	0.390296
-66043.276113	0.000444	0.385645
-66045.523415	0.000303	0.394995
-66048.297612	0.000344	0.395683
-66049.818354	0.000653	0.398418
-66052.022838	0.000409	0.410731
-66053.505615	0.000406	0.417382
-66056.311730	0.000453	0.406617
-66058.895328	0.000500	0.403728
-66062.883520	0.000381	0.398325
-66065.085545	0.000466	0.401218
-66067.514394	0.000050	0.405837
-66068.702731	0.000456	0.402514
-66069.480934	0.000538	0.407270
-66071.654646	0.000384	0.410110
-66073.504183	0.000263	0.395321
-66076.260666	0.000519	0.392033
-66078.585461	0.000244	0.400981
-66081.405872	0.000297	0.406981
-66083.820769	0.000359	0.403860
-66085.616987	0.000194	0.390296
-66087.696332	0.000281	0.398788
-66089.139243	0.000322	0.387909
-66090.789423	0.000275	0.398971
-66092.636681	0.000341	0.409911
-66094.492437	0.000103	0.407710
-66097.277720	0.000375	0.411011
-66099.065761	0.000425	0.404691
-66101.753297	0.000269	0.398940
-66104.039795	0.000391	0.400960
-66106.912265	0.000016	0.399494
-66109.384678	0.000441	0.401267
-66112.077004	0.000306	0.408909
-66114.313787	0.000097	0.406175
-66115.699350	0.000194	0.408431
-66117.517715	0.000534	0.396568
-66118.773202	0.000334	0.402578
-66121.250267	0.000241	0.401981
-66123.473722	0.000156	0.400326
-66126.246805	0.000275	0.400147
-66128.815950	0.000309	0.397359
-66131.998964	0.000250	0.389959
-66133.817267	0.000509	0.386084
-66136.435013	0.000247	0.394891
-66137.828453	0.000169	0.407578
-66139.209250	0.000063	0.402986
-66141.219885	0.000366	0.402081
-66142.870865	0.000291	0.404114
-66145.359068	0.000322	0.398321
-66147.091778	0.000297	0.399379
-66149.823608	-0.000106	0.405618
-66152.153521	0.000406	0.400705
-66155.286929	0.000272	0.406646
-66157.797851	0.000378	0.413702
-66160.937830	0.000225	0.406294
-66162.664498	0.000319	0.396310
-66164.399209	0.000244	0.394029
-66165.421021	0.000300	0.410054
-66168.029987	0.000281	0.411302
-66169.266545	0.000403	0.407393
-66172.600935	0.000181	0.387722
-66174.149476	0.000188	0.389844
-66176.984833	0.000341	0.395479
-66178.784804	0.000281	0.389525
-66181.347380	0.000141	0.396616
-66183.885626	0.000388	0.403781
-66185.736669	0.000325	0.407747
-66187.381760	0.000184	0.404462
-66188.380923	0.000284	0.401280
-66190.301417	0.000397	0.407655
-66192.284310	0.000447	0.411529
-66194.765440	0.000434	0.407155
-66197.581548	0.000319	0.418884
-66199.666453	0.000353	0.408223
-66202.584313	0.000281	0.403703
-66205.022964	0.000334	0.401094
-66207.420457	0.000556	0.393079
-66210.282102	0.000172	0.399134
-66211.675048	0.000319	0.410754
-66213.563045	0.000350	0.414762
-66214.640537	0.000353	0.397870
-66217.846362	0.000441	0.394726
-66219.611628	0.000231	0.391556
-66222.472352	0.000372	0.397850
-66224.409446	0.000225	0.399005
-66226.761150	0.000256	0.407861
-66229.646973	0.000222	0.409006
-66231.725053	0.000381	0.405266
-66234.217032	0.000441	0.398803
-66235.972690	0.000313	0.406646
-66237.562968	0.000016	0.408872
-66238.977183	0.000569	0.406162
-66240.811124	0.000403	0.409880
-66243.446004	0.000294	0.411302
-66245.578454	0.000309	0.406475
-66248.507588	0.000484	0.397033
-66251.013482	0.000206	0.403708
-66253.681534	0.000309	0.394720
-66256.413409	0.000244	0.398897
-66258.215119	0.000188	0.401482
-66261.231210	0.000425	0.400069
-66262.212874	0.000347	0.393005
-66264.358809	0.000297	0.382997
-66265.709840	0.000531	0.392501
-66268.431790	0.000300	0.392235
-66269.920780	0.000647	0.403034
-66272.657154	0.000397	0.408281
-66275.116946	0.000356	0.410306
-66277.755741	0.000244	0.404099
-66280.029286	0.000391	0.395888
-66282.170931	0.000281	0.409130
-66284.022127	0.000606	0.408342
-66285.641502	0.000453	0.404529
-66287.540051	0.000472	0.408342
-66289.032987	0.000519	0.413924
-66291.238878	0.000344	0.403373
-66293.518273	0.000122	0.390505
-66295.658310	0.000194	0.396292
-66298.481460	0.000238	0.408586
-66301.405826	0.000331	0.406000
-66303.659098	0.000344	0.390642
-66306.915937	0.000281	0.394708
-66308.150254	0.000150	0.394345
-66310.659755	0.000309	0.398739
-66311.530054	0.000378	0.404254
-66314.148953	0.000581	0.404090
-66315.888252	0.000381	0.410607
-66318.906915	0.000181	0.398599
-66320.669203	0.000297	0.403103
-66323.450208	0.000388	0.410997
-66325.935333	0.000369	0.411112
-66328.484467	0.000475	0.407778
-66331.153324	0.000388	0.407894
-66332.956328	0.000441	0.410179
-66334.711611	0.000475	0.406666
-66335.789330	0.000272	0.404726
-66337.803714	0.000272	0.396099
-66339.547509	0.000419	0.395671
-66342.446674	0.000284	0.402710
-66344.829563	0.000406	0.408065
-66347.114870	0.000472	0.388284
-66349.786419	0.000306	0.392658
-66352.501621	0.000441	0.392777
-66355.507131	0.000469	0.403581
-66357.835935	0.000216	0.405724
-66359.490775	0.000391	0.402587
-66361.304579	0.000425	0.399886
-66362.212918	0.000059	0.396156
-66365.088406	0.000463	0.396485
-66366.367438	0.000384	0.396130
-66370.060760	0.000472	0.407392
-66371.156849	0.000547	0.406766
-66374.873508	0.000381	0.409247
-66376.569898	0.000350	0.408057
-66378.960383	0.000528	0.402277
-66381.479559	0.000425	0.404686
-66382.502957	0.000256	0.399970
-66384.845272	0.000381	0.392567
-66385.556584	0.000234	0.409270
-66388.136475	0.000272	0.402192
-66389.887719	0.000369	0.391733
-66392.885000	0.000188	0.388763
-66395.279940	0.000353	0.386495
-66397.701752	0.000297	0.396639
-66400.607499	0.000263	0.403293
-66402.881852	0.000419	0.395475
-66405.272168	0.000209	0.410410
-66407.839781	0.000259	0.408634
-66408.926653	0.000256	0.400131
-66411.011467	0.000119	0.404030
-66412.365690	0.000425	0.405343
-66415.208960	0.000266	0.414160
-66417.022910	0.000256	0.412335
-66420.286764	0.000228	0.412380
-66422.565702	0.000175	0.402754
-66425.371989	0.000266	0.403740
-66427.530216	0.000394	0.401165
-66429.803582	0.000466	0.401146
-66432.041467	0.000378	0.409750
-66433.157779	0.000431	0.404136
-66434.840099	0.000347	0.393410
-66436.915713	0.000319	0.399236
-66439.049852	0.000484	0.390464
-66441.742638	0.000363	0.392809
-66443.970449	0.000519	0.405541
-66446.525194	0.000522	0.404049
-66449.492739	0.000084	0.405948
-66452.206546	0.000297	0.408439
-66454.941466	0.000584	0.402707
-66456.887994	0.000272	0.395109
-66458.575418	0.000497	0.404557
-66459.613247	0.000266	0.407911
-66462.444474	0.000263	0.418619
-66464.053800	0.000306	0.411867
-66467.137385	0.000509	0.415190
-66469.092708	0.000450	0.406520
-66471.656015	0.000309	0.399499
-66473.499738	0.000319	0.400327
-66476.320609	0.000291	0.403529
-66478.678379	0.000441	0.398583
-66480.801638	0.000297	0.399182
-66482.284855	0.000463	0.403196
-66483.642659	0.000172	0.397483
-66485.238531	0.000534	0.396974
-66487.502892	0.000322	0.400838
-66489.678752	0.000378	0.407631
-66492.328697	0.000522	0.401875
-66494.777190	0.000309	0.407256
-66497.508142	0.000297	0.401829
-66500.196475	0.000341	0.398685
-66502.645901	0.000331	0.408285
-66504.743795	0.000491	0.408255
-66507.072833	0.000444	0.413011
-66508.619206	0.000325	0.419997
-66510.095498	0.000406	0.407234
-66512.679885	0.000528	0.401486
-66514.574940	0.000456	0.402565
-66517.577391	0.000306	0.403875
-66519.554384	0.000441	0.412075
-66522.649175	0.000353	0.398794
-66524.792385	0.000469	0.389654
-66527.358876	0.000203	0.389040
-66529.502546	0.000363	0.397966
-66531.363393	0.000425	0.394965
-66533.036547	0.000266	0.407381
-66534.056992	0.000519	0.414863
-66536.276840	0.000322	0.411416
-66538.562442	0.000313	0.407540
-66540.944977	0.000413	0.402963
-66543.832737	0.000300	0.403467
-66546.281070	0.000347	0.407955
-66549.557025	0.000588	0.405378
-66552.053024	0.000250	0.410207
-66554.309295	0.000250	0.419668
-66556.771697	0.000459	0.415150
-66557.930511	0.000466	0.395439
-66559.870956	0.000166	0.395471
-66561.974793	0.000159	0.407574
-66564.612763	0.000088	0.409144
-66566.501670	0.000488	0.403143
-66569.026097	0.000391	0.399538
-66570.922404	0.000203	0.401086
-66573.875172	0.000322	0.392508
-66576.354488	0.000456	0.396131
-66578.938791	0.000291	0.406276
-66580.664904	0.000181	0.409654
-66581.910480	0.000422	0.410765
-66583.088767	0.000150	0.407295
-66585.045589	0.000444	0.409742
-66587.373645	0.000525	0.409946
-66589.841618	0.000481	0.403187
-66592.343692	0.000481	0.408255
-66595.016506	0.000078	0.409686
-66597.488461	0.000238	0.412462
-66600.254164	0.000356	0.420132
-66602.068665	0.000344	0.408606
-66604.498425	0.000356	0.408321
-66606.045399	0.000003	0.413171
-66607.989320	0.000253	0.404641
-66610.095187	0.000491	0.412789
-66612.687137	0.000413	0.398476
-66614.840492	0.000181	0.396882
-66616.976647	0.000247	0.395731
-66619.972740	0.000344	0.394014
-66622.106652	0.000228	0.406716
-66625.033392	0.000409	0.406324
-66627.372927	0.000275	0.425443
-66629.383578	0.000359	0.420147
-66630.456422	0.000388	0.402069
-66632.375003	0.000344	0.407032
-66633.775070	0.000316	0.414979
-66636.037844	0.000456	0.412763
-66638.808112	0.000409	0.417122
-66641.154361	0.000538	0.417840
-66643.880891	0.000388	0.417143
-66646.407729	0.000288	0.408581
-66648.579409	0.000219	0.400875
-66651.755862	0.000559	0.399238
-66653.732172	0.000356	0.409883
-66656.519185	0.000006	0.400249
-66658.000349	0.000284	0.394250
-66659.713269	0.000244	0.394466
-66661.726637	0.000522	0.395985
-66663.824639	0.000428	0.396512
-66666.758208	0.000500	0.404176
-66668.241255	0.000625	0.409752
-66671.439259	0.000338	0.413745
-66673.451329	0.000238	0.415813
-66676.770217	0.000588	0.414558
-66678.179122	0.000109	0.409928
-66680.165392	0.000350	0.416087
-66681.139910	0.000528	0.427672
-66682.673654	0.000638	0.418228
-66685.008826	0.000478	0.411895
-66687.414706	0.000356	0.413302
-66689.959741	0.000559	0.414241
-66691.791155	0.000338	0.411009
-66694.444522	0.000397	0.398353
-66696.805766	0.000303	0.410562
-66699.582628	0.000494	0.415961
-66702.429991	0.000469	0.402409
-66704.319062	0.000456	0.395991
-66706.104736	0.000416	0.402115
-66707.680252	0.000453	0.406364
-66709.438093	0.000541	0.414612
-66712.469642	0.000391	0.413607
-66714.170966	0.000375	0.412659
-66717.360996	0.000225	0.411222
-66719.412756	0.000391	0.406487
-66722.384407	0.000591	0.398309
-66724.414593	0.000463	0.413091
-66727.094142	0.000253	0.409153
-66728.668715	0.000341	0.411826
-66730.226337	0.000497	0.416563
-66731.880046	0.000322	0.414885
-66733.409858	0.000419	0.398743
-66735.834616	0.000225	0.410474
-66737.755978	0.000300	0.413711
-66740.530323	0.000406	0.412982
-66743.236317	0.000275	0.411768
-66746.204735	0.000334	0.403252
-66748.946281	0.000294	0.407700
-66751.490006	0.000516	0.399080
-66753.943131	0.000403	0.407133
-66756.138179	0.000388	0.400339
-66757.105290	0.000366	0.410942
-66759.347400	0.000228	0.415405
-66760.874001	0.000256	0.416721
-66763.945033	0.000334	0.415249
-66766.380600	0.000331	0.411337
-66769.175350	0.000472	0.429420
-66771.884283	0.000138	0.421778
-66773.551616	0.000369	0.412991
-66776.476400	0.000581	0.415035
-66777.921485	0.000156	0.420078
-66779.713602	0.000313	0.409770
-66780.754046	0.000341	0.411134
-66783.361433	0.000253	0.404299
-66784.467729	0.000306	0.410016
-66787.399258	0.000456	0.412168
-66789.499363	0.000247	0.400203
-66792.324597	0.000306	0.396825
-66794.810215	0.000078	0.401957
-66797.437245	0.000306	0.402971
-66800.196684	0.000563	0.414150
-66802.229897	0.000438	0.417430
-66804.353120	0.000641	0.418011
-66805.463615	0.000159	0.422472
-66808.137093	0.000244	0.413516
-66809.875024	0.000325	0.411946
-66812.375147	0.000284	0.426463
-66814.871493	0.000456	0.424654
-66817.100251	0.000156	0.413710
-66819.993029	0.000453	0.425585
-66822.460390	0.000175	0.421081
-66825.048224	0.000394	0.413059
-66826.811175	0.000150	0.407464
-66828.613048	0.000403	0.412925
-66829.359458	0.000291	0.416532
-66831.837381	0.000309	0.414834
-66833.265672	0.000331	0.409108
-66836.460973	0.000256	0.402795
-66838.222788	0.000284	0.398682
-66841.397457	0.000388	0.406123
-66843.663991	0.000378	0.414275
-66846.595817	0.000322	0.404988
-66849.365896	0.000544	0.405136
-66851.754672	0.000397	0.419003
-66853.787747	0.000169	0.415401
-66855.567859	0.000147	0.405707
-66857.053790	0.000531	0.424822
-66859.451305	0.000288	0.413983
-66861.713998	0.000375	0.431411
-66864.333019	0.000425	0.421916
-66866.610272	0.000300	0.419740
-66868.824775	0.000388	0.415188
-66872.071278	0.000313	0.416396
-66873.652804	0.000094	0.415270
-66876.832346	0.000125	0.417237
-66877.678971	0.000194	0.418124
-66879.467981	0.000350	0.405000
-66880.202592	0.000181	0.397155
-66882.636369	0.000791	0.407577
-66884.755267	0.000472	0.401925
-66886.958534	0.000425	0.408914
-66889.810639	0.000425	0.405072
-66891.910040	0.000250	0.413435
-66895.149260	0.000384	0.414925
-66897.299913	0.000450	0.416605
-66900.335536	0.000100	0.408386
-66902.033782	0.000419	0.422900
-66904.004050	0.000400	0.421965
-66905.152237	0.000359	0.430885
-66908.008045	0.000513	0.424055
-66909.842983	0.000253	0.418791
-66912.985650	0.000519	0.422148
-66914.656441	0.000500	0.408860
-66917.271175	0.000284	0.402890
-66919.626443	0.000194	0.418206
-66922.672673	0.000413	0.420609
-66924.865832	0.000378	0.401200
-66926.912599	0.000363	0.413826
-66928.249249	0.000359	0.398118
-66928.890355	0.000413	0.395135
-66931.029334	0.000359	0.405428
-66933.021699	0.000356	0.414211
-66935.967527	0.000181	0.416129
-66938.150017	0.000522	0.425153
-66941.628605	0.000266	0.424423
-66943.377693	0.000688	0.417059
-66946.661279	0.000322	0.418887
-66948.597920	0.000281	0.424265
-66951.597041	0.000153	0.430790
-66953.125375	0.000294	0.415299
-66955.018757	0.000397	0.421403
-66956.998378	0.000569	0.415841
-66958.970914	0.000438	0.403096
-66961.446312	0.000231	0.407673
-66963.359139	0.000222	0.417394
-66966.527497	0.000206	0.410113
-66968.731424	0.000463	0.406649
-66971.770927	0.000181	0.408742
-66973.558615	0.000488	0.402944
-66975.552994	0.000453	0.396516
-66977.073553	0.000397	0.422759
-66978.558090	0.000463	0.421997
-66980.305682	0.000219	0.424693
-66982.199282	0.000506	0.419625
-66984.543955	0.000403	0.419798
-66986.966110	0.000031	0.411136
-66989.528716	0.000441	0.421395
-66991.777774	0.000300	0.418888
-66994.886541	0.000334	0.427345
-66997.169290	0.000431	0.425507
-66999.896647	0.000231	0.423388
-67001.234763	0.000209	0.418341
-67003.704441	0.000413	0.410593
-67004.909256	0.000350	0.408254
-67007.621907	0.000422	0.415229
-67009.786892	0.000359	0.414029
-67012.136117	0.000322	0.405464
-67014.547864	0.000459	0.403400
-67016.993234	0.000228	0.408981
-67019.736259	0.000522	0.397198
-67022.189702	0.000534	0.420954
-67024.221241	0.000194	0.407903
-67025.249501	0.000247	0.412717
-67027.779527	0.000300	0.416313
-67027.912333	0.000478	0.416271
-67031.130822	0.000406	0.408143
-67032.348296	0.000272	0.418609
-67036.164256	0.000472	0.421416
-67037.849403	0.000281	0.425660
-67041.145955	0.000422	0.423944
-67043.360548	0.000384	0.425607
-67046.212132	0.000422	0.418089
-67048.855762	0.000159	0.412547
-67050.654227	0.000216	0.405176
-67052.957495	0.000469	0.407977
-67054.217468	0.000350	0.418280
-67056.685975	0.000294	0.404843
-67058.923145	0.000388	0.409977
-67061.321005	0.000372	0.400353
-67063.267460	0.000238	0.412348
-67066.601284	0.000147	0.423364
-67068.869060	0.000353	0.422604
-67071.993572	0.000456	0.414542
-67073.162094	0.000488	0.425976
-67075.355234	0.000141	0.419452
-67075.723147	0.000134	0.420841
-67078.054808	0.000072	0.418839
-67079.534399	0.000300	0.420485
-67082.719600	0.000478	0.425294
-67084.805187	0.000619	0.428485
-67087.181518	0.000397	0.424283
-67089.744254	0.000344	0.414017
-67092.109027	0.000434	0.415442
-67094.677295	0.000259	0.406563
-67097.384465	0.000416	0.414745
-67099.869937	0.000116	0.416529
-67101.269477	0.000363	0.411338
-67103.566621	0.000341	0.401710
-67104.683323	0.000344	0.412574
-67107.835935	0.000591	0.406630
-67109.392769	0.000647	0.421057
-67112.478444	0.000419	0.426712
-67114.933686	0.000550	0.427302
-67117.282585	0.000228	0.427064
-67119.484035	0.000538	0.426004
-67121.543399	0.000478	0.422530
-67123.763984	0.000269	0.421851
-67124.805161	0.000497	0.413636
-67126.797249	0.000238	0.418803
-67128.495719	0.000275	0.429247
-67130.613669	0.000269	0.427809
-67132.896002	0.000459	0.415681
-67135.732994	0.000206	0.415017
-67137.761740	0.000378	0.427964
-67141.164046	0.000416	0.428484
-67143.452766	0.000356	0.422433
-67146.787185	0.000506	0.419551
-67148.831133	0.000275	0.416430
-67150.705065	0.000250	0.409928
-67152.141997	0.000344	0.419634
-67154.470099	0.000322	0.423095
-67156.026395	0.000188	0.429688
-67158.674625	0.000591	0.431827
-67161.142369	0.000225	0.426938
-67163.539566	0.000275	0.416787
-67166.399725	0.000353	0.425414
-67168.254603	0.000497	0.423926
-67171.408981	0.000309	0.423032
-67172.846352	0.000378	0.425089
-67175.088953	0.000288	0.432099
-67175.589566	0.000431	0.427918
-67177.844983	0.000150	0.431216
-67179.685087	0.000363	0.423209
-67181.977859	0.000288	0.413052
-67185.235005	0.000406	0.424668
-67186.793611	0.000431	0.420123
-67190.070689	0.000253	0.412336
-67192.179267	0.000475	0.416597
-67195.446455	0.000375	0.410507
-67197.386022	0.000381	0.405914
-67199.536849	0.000059	0.415532
-67201.040588	0.000444	0.424928
-67202.897382	0.000331	0.428828
-67204.994637	0.000428	0.423296
-67206.935787	0.000566	0.425984
-67209.765042	0.000394	0.425011
-67211.787076	0.000456	0.430496
-67214.897359	0.000247	0.426237
-67217.525502	0.000256	0.429243
-67219.562674	0.000366	0.424354
-67221.533136	0.000372	0.428907
-67223.193660	0.000288	0.420930
-67224.662336	0.000331	0.415659
-67225.933941	0.000100	0.418647
-67228.360182	0.000291	0.424047
-67230.366617	0.000281	0.420339
-67232.748952	0.000344	0.413344
-67235.537220	0.000372	0.409657
-67237.900995	0.000256	0.410276
-67241.383220	0.000238	0.409755
-67243.667223	0.000422	0.425354
-67246.337779	0.000394	0.426494
-67248.460504	0.000500	0.423340
-67250.005639	0.000334	0.415444
-67251.612782	0.000197	0.418328
-67253.651569	0.000263	0.427448
-67256.400686	0.000431	0.419632
-67258.196993	0.000378	0.424637
-67261.323302	0.000119	0.423630
-67263.711904	0.000191	0.424406
-67266.482604	0.000256	0.421695
-67268.604462	0.000338	0.415333
-67270.548040	0.000444	0.415279
-67272.537624	0.000381	0.421321
-67273.934512	0.000413	0.423075
-67275.718864	0.000306	0.426086
-67277.240977	0.000491	0.405121
-67279.900672	0.000384	0.411798
-67281.620193	0.000334	0.409805
-67284.367480	0.000194	0.409133
-67286.981691	0.000472	0.407545
-67290.265681	0.000403	0.423217
-67292.801003	0.000313	0.417198
-67295.167710	0.000359	0.422087
-67297.359153	0.000466	0.425335
-67298.516425	0.000291	0.429169
-67300.456398	0.000109	0.426560
-67302.461244	0.000469	0.425660
-67305.205329	0.000275	0.433675
-67307.632453	0.000300	0.438053
-67309.362128	0.000556	0.422906
-67311.852751	0.000684	0.422925
-67313.613323	0.000400	0.417966
-67316.750576	0.000306	0.409795
-67318.874824	0.000191	0.417994
-67321.292790	0.000578	0.416945
-67322.400949	0.000344	0.408549
-67323.740136	0.000138	0.399774
-67325.405619	0.000481	0.395372
-67327.695720	0.000388	0.410866
-67330.700790	0.000431	0.418927
-67332.752495	0.000328	0.423265
-67335.820475	0.000481	0.423821
-67337.724634	0.000516	0.426816
-67340.799390	0.000422	0.425020
-67343.451830	0.000281	0.415924
-67345.808895	0.000228	0.422500
-67348.090116	0.000403	0.422995
-67349.461634	0.000316	0.425938
-67351.336348	0.000403	0.418759
-67353.144610	0.000494	0.416663
-67355.471199	0.000234	0.414323
-67357.844798	0.000322	0.413088
-67360.418830	0.000409	0.403561
-67363.379212	0.000391	0.415168
-67365.511721	0.000297	0.418554
-67368.554285	0.000375	0.404746
-67369.889746	0.000434	0.411612
-67372.110829	0.000338	0.406506
-67372.990182	0.000213	0.409687
-67374.848550	0.000247	0.422097
-67376.784083	0.000378	0.422631
-67379.159234	0.000275	0.421646
-67382.101157	0.000256	0.418755
-67383.835875	0.000566	0.415696
-67387.488484	0.000184	0.405286
-67388.962572	0.000125	0.419474
-67392.949615	0.000306	0.424022
-67394.484195	0.000247	0.429868
-67397.100182	0.000275	0.422700
-67398.445636	0.000413	0.431709
-67400.109641	0.000369	0.426920
-67401.805744	0.000456	0.418856
-67404.112732	0.000144	0.412628
-67406.697181	0.000156	0.420481
-67409.333026	0.000441	0.417739
-67411.638620	0.000363	0.412669
-67414.318723	0.000544	0.415546
-67416.522415	0.000353	0.405309
-67418.536745	0.000263	0.404940
-67420.368766	0.000288	0.417322
-67421.777513	0.000403	0.412165
-67423.253042	0.000359	0.423690
-67425.234704	0.000506	0.419992
-67427.457160	0.000206	0.415082
-67430.007926	0.000397	0.421501
-67432.707441	0.000556	0.424190
-67435.138655	0.000284	0.423535
-67438.522259	0.000375	0.425225
-67440.277868	0.000284	0.430889
-67443.809249	0.000231	0.423421
-67444.805509	0.000306	0.426784
-67447.156672	0.000538	0.416544
-67448.237190	0.000116	0.413959
-67450.460495	0.000206	0.420734
-67452.783715	0.000200	0.416354
-67455.454789	0.000091	0.407980
-67457.163821	0.000322	0.414867
-67459.538742	0.000116	0.411580
-67462.428238	0.000372	0.407498
-67464.648667	0.000506	0.416309
-67467.467464	0.000506	0.421374
-67468.935314	0.000350	0.422428
-67470.303834	0.000084	0.423234
-67471.350761	0.000250	0.419454
-67473.980540	0.000491	0.416604
-67476.180715	0.000475	0.429783
-67478.745240	0.000578	0.417210
-67481.119378	0.000059	0.436319
-67483.760126	0.000234	0.427556
-67486.343794	0.000350	0.428787
-67489.186315	0.000316	0.420732
-67491.284176	0.000313	0.418204
-67494.600286	0.000188	0.420546
-67495.092224	0.000209	0.422814
-67497.450311	0.000450	0.429501
-67498.803375	0.000541	0.410416
-67501.220906	0.000084	0.423375
-67503.388170	0.000188	0.418856
-67505.946825	0.000281	0.411324
-67508.705290	0.000481	0.422355
-67510.791225	0.000334	0.430203
-67513.577994	0.000438	0.438428
-67515.149725	0.000431	0.423826
-67517.751201	0.000419	0.419182
-67518.757393	0.000309	0.417805
-67521.101002	0.000384	0.427710
-67522.074292	0.000400	0.421325
-67524.828914	0.000441	0.427597
-67526.519207	0.000259	0.435161
-67529.291195	0.000188	0.433743
-67531.852959	0.000231	0.427378
-67534.755111	0.000334	0.421743
-67537.515108	0.000294	0.419618
-67540.187493	0.000197	0.423629
-67542.099278	0.000350	0.427580
-67544.208353	0.000306	0.413830
-67545.209839	0.000331	0.411339
-67547.443251	0.000188	0.417218
-67549.385572	0.000672	0.410458
-67551.711073	0.000250	0.423475
-67554.412219	0.000509	0.425369
-67556.552538	0.000316	0.434505
-67559.677154	0.000384	0.436424
-67561.466007	0.000559	0.424341
-67564.445330	0.000128	0.412454
-67565.384631	0.000034	0.435798
-67568.452830	0.000456	0.436403
-67569.258181	0.000481	0.430945
-67571.003373	0.000253	0.430803
-67573.207276	0.000300	0.428075
-67574.969352	0.000425	0.432400
-67577.910987	0.000003	0.428215
-67579.948540	0.000450	0.416440
-67583.257017	0.000488	0.421834
-67586.207527	0.000234	0.433906
-67588.640820	0.000341	0.416394
-67590.884680	0.000366	0.408380
-67592.134803	0.000469	0.417517
-67594.368815	0.000534	0.421742
-67595.451104	0.000266	0.427893
-67598.250230	0.000516	0.433669
-67600.817873	0.000428	0.432821
-67602.447090	0.000438	0.431988
-67605.397157	0.000463	0.436262
-67606.972500	0.000272	0.427271
-67610.289055	0.000331	0.426059
-67612.253518	0.000328	0.437563
-67614.713151	0.000322	0.438098
-67616.346781	0.000478	0.432948
-67617.918439	0.000588	0.425046
-67619.291984	0.000219	0.428751
-67621.062025	0.000344	0.415554
-67623.758058	0.000303	0.416140
-67626.088531	0.000297	0.424798
-67628.563386	0.000228	0.425514
-67631.369781	0.000350	0.420843
-67634.231959	0.000184	0.417677
-67636.645694	0.000416	0.419790
-67639.223390	0.000272	0.415573
-67641.100536	0.000444	0.424800
-67643.003160	0.000631	0.428482
-67644.796267	0.000325	0.433726
-67646.130754	0.000481	0.430802
-67649.010884	0.000391	0.429948
-67650.442911	0.000188	0.426337
-67653.199865	0.000275	0.428876
-67655.788560	0.000478	0.426239
-67658.364010	0.000272	0.430992
-67661.326268	0.000350	0.429350
-67663.158961	0.000181	0.418811
-67665.221887	0.000413	0.431214
-67665.726977	0.000363	0.422555
-67668.053048	0.000078	0.421423
-67669.618887	0.000241	0.428560
-67672.430403	0.000375	0.437030
-67674.650011	0.000344	0.417134
-67676.819580	0.000200	0.420260
-67679.635898	0.000509	0.413910
-67682.458042	0.000316	0.402586
-67685.187250	0.000444	0.421804
-67687.906918	0.000503	0.436429
-67689.641770	0.000284	0.418416
-67691.241372	0.000347	0.429005
-67692.885962	0.000481	0.427881
-67695.009860	0.000225	0.426348
-67697.021464	0.000419	0.426435
-67699.754218	0.000406	0.428171
-67701.867444	0.000119	0.431605
-67704.258931	0.000194	0.432263
-67706.638694	0.000188	0.433478
-67708.860160	0.000584	0.411856
-67712.046341	0.000322	0.412848
-67713.546223	0.000438	0.415696
-67715.433086	0.000328	0.431807
-67716.053164	0.000216	0.426369
-67718.434126	0.000453	0.415336
-67720.427279	0.000331	0.413736
-67722.694075	0.000444	0.417100
-67725.502155	0.000306	0.414792
-67727.290076	0.000316	0.422861
-67730.656709	0.000244	0.423018
-67732.854832	0.000359	0.428994
-67735.916802	0.000200	0.429280
-67737.969501	0.000372	0.428047
-67739.786100	0.000319	0.421213
-67741.039334	0.000578	0.425913
-67743.047946	0.000334	0.420840
-67744.959941	0.000469	0.424051
-67747.446981	0.000600	0.430901
-67750.145750	0.000556	0.423355
-67752.471999	0.000388	0.421516
-67754.993777	0.000441	0.415667
-67757.284536	0.000391	0.409412
-67759.843454	0.000403	0.433229
-67761.647989	0.000241	0.428577
-67763.625880	0.000300	0.407880
-67765.005027	0.000394	0.413791
-67766.721015	0.000528	0.414342
-67768.758634	0.000566	0.414271
-67771.074542	0.000634	0.417807
-67773.270984	0.000625	0.417402
-67775.899267	0.000447	0.417214
-67778.225243	0.000194	0.431147
-67781.604549	0.000244	0.415465
-67783.731289	0.000441	0.411374
-67786.858602	0.000266	0.422204
-67788.348454	0.000503	0.430446
-67790.420748	0.000353	0.429090
-67791.703217	0.000391	0.430207
-67794.188864	0.000397	0.429729
-67796.277559	0.000431	0.419221
-67798.263076	0.000263	0.426539
-67800.924272	0.000325	0.423272
-67803.012902	0.000341	0.432186
-67805.894162	0.000500	0.431157
-67808.531141	0.000266	0.415273
-67810.155091	0.000309	0.419618
-67812.345822	0.000303	0.411537
-67813.510108	0.000350	0.408591
-67815.115665	0.000341	0.418201
-67816.924015	0.000425	0.423334
-67819.590453	0.000522	0.427244
-67821.596138	0.000378	0.438533
-67823.436854	0.000319	0.427918
-67826.756011	0.000494	0.425866
-67829.009511	0.000150	0.430420
-67832.256955	0.000234	0.422817
-67834.528980	0.000250	0.427814
-67837.264552	0.000363	0.431663
-67838.188861	0.000434	0.426105
-67839.880133	0.000375	0.416063
-67840.978318	0.000263	0.415704
-67844.121037	0.000334	0.412109
-67846.169422	0.000322	0.426814
-67849.056644	0.000416	0.420920
-67851.487291	0.000559	0.409555
-67853.744507	0.000244	0.415286
-67856.361862	0.000438	0.404531
-67858.418359	0.000509	0.411307
-67860.865385	0.000269	0.424995
-67861.956228	0.000228	0.427805
-67863.851633	0.000409	0.427890
-67865.125412	0.000319	0.423325
-67867.034535	0.000344	0.425601
-67869.241107	0.000238	0.416792
-67872.244315	0.000053	0.438127
-67875.234508	0.000238	0.422353
-67878.232756	0.000438	0.432940
-67880.244380	0.000344	0.436333
-67883.108246	0.000366	0.432320
-67884.684737	0.000350	0.423396
-67887.255317	0.000284	0.414675
-67888.389174	0.000456	0.418106
-67891.302821	0.000413	0.426006
-67892.032732	0.000344	0.424100
-67895.526699	0.000303	0.416988
-67896.872080	0.000400	0.403425
-67900.130116	0.000519	0.419548
-67902.605864	0.000200	0.417463
-67905.328631	0.000475	0.412582
-67907.773723	0.000459	0.422839
-67908.898099	0.000316	0.430150
-67910.809317	0.000353	0.421096
-67911.613749	0.000516	0.427842
-67914.389380	0.000341	0.418223
-67915.829645	0.000316	0.426212
-67918.588569	0.000284	0.437250
-67920.589412	0.000163	0.437018
-67923.089657	0.000413	0.427782
-67925.349051	0.000316	0.434888
-67928.278129	0.000125	0.419343
-67930.775391	0.000544	0.422747
-67933.739499	0.000422	0.417469
-67934.946643	0.000144	0.425482
-67937.198072	0.000275	0.423115
-67938.326064	0.000306	0.417442
-67941.093477	0.000366	0.419993
-67942.881941	0.000475	0.418575
-67945.947937	0.000347	0.414675
-67947.671609	0.000156	0.425185
-67950.630360	0.000406	0.428793
-67953.465779	0.000431	0.433815
-67954.979112	0.000369	0.432915
-67957.990077	0.000288	0.420382
-67958.491816	0.000269	0.424483
-67960.777530	0.000294	0.431252
-67961.351985	0.000416	0.442005
-67964.419898	0.000338	0.434894
-67966.088950	0.000478	0.439795
-67968.712626	0.000469	0.434673
-67970.948002	0.000400	0.426916
-67973.532430	0.000325	0.419084
-67976.817639	0.000428	0.418926
-67979.004288	0.000347	0.429034
-67981.934397	0.000266	0.428703
-67983.914504	0.000372	0.415625
-67985.545822	0.000091	0.416911
-67987.202957	0.000178	0.414953
-67989.590880	0.000400	0.422251
-67991.557823	0.000313	0.423502
-67993.816027	0.000400	0.422415
-67996.229568	0.000284	0.428746
-67998.886830	0.000322	0.439357
-68001.591502	0.000372	0.431779
-68004.097076	0.000419	0.418012
-68005.750098	0.000375	0.431703
-68008.139285	0.000313	0.433079
-68009.064674	0.000778	0.440310
-68010.602303	0.000353	0.434571
-68012.273963	0.000272	0.430962
-68014.856172	0.000441	0.432259
-68016.899780	0.000350	0.426184
-68019.104966	0.000306	0.416867
-68022.073842	0.000253	0.432290
-68024.661683	0.000478	0.432826
-68027.316525	0.000313	0.428151
-68030.091595	0.000459	0.417856
-68032.199784	0.000694	0.422874
-68034.328707	0.000388	0.425279
-68035.294854	0.000628	0.432206
-68037.642300	0.000603	0.426679
-68039.755668	0.000363	0.441881
-68042.184644	0.000494	0.442467
-68044.322668	0.000275	0.427196
-68047.468017	0.000456	0.422719
-68049.163386	0.000359	0.426543
-68052.148022	0.000347	0.439135
-68053.818022	0.000216	0.435658
-68056.069435	0.000059	0.441730
-68057.945051	0.000291	0.441827
-68058.940144	0.000259	0.440990
-68060.942411	0.000366	0.428957
-68062.195361	0.000622	0.424981
-68065.445852	0.000244	0.441059
-68067.223826	0.000425	0.439210
-68070.657589	0.000438	0.410636
-68072.625039	0.000288	0.421004
-68075.476448	0.000272	0.426143
-68078.163087	0.000297	0.424027
-68080.459193	0.000219	0.424402
-68082.470143	0.000284	0.426335
-68084.168620	0.000384	0.439445
-68085.888100	0.000291	0.437371
-68088.173433	0.000828	0.429758
-68090.464596	0.000456	0.426997
-68092.934548	0.000300	0.433963
-68095.339428	0.000188	0.440651
-68097.974654	0.000506	0.431488
-68100.808143	0.000463	0.435342
-68102.923761	0.000597	0.440089
-68104.966492	0.000550	0.421675
-68105.963290	0.000213	0.423968
-68107.912776	0.000381	0.428846
-68108.942124	0.000253	0.438735
-68112.265801	0.000325	0.424910
-68113.063715	0.000256	0.420358
-68116.772343	0.000247	0.420259
-68117.159140	0.000453	0.419660
-68121.183598	0.000353	0.418586
-68123.317538	0.000228	0.428812
-68126.992168	0.000306	0.442332
-68129.327028	0.000259	0.440759
-68130.766462	0.000069	0.441001
-68132.872800	0.000394	0.429814
-68133.614268	0.000056	0.425808
-68136.403594	0.000163	0.434557
-68138.630418	0.000444	0.431292
-68141.231665	0.000413	0.433626
-68143.376061	0.000306	0.436569
-68146.431388	0.000538	0.434789
-68148.491518	0.000409	0.417493
-68151.058701	0.000388	0.422641
-68152.624532	0.000313	0.420571
-68155.032119	0.000378	0.430480
-68155.381702	0.000328	0.432822
-68158.048357	0.000306	0.417150
-68158.992997	0.000347	0.416171
-68161.940537	0.000272	0.418319
-68163.543054	0.000478	0.414497
-68166.623660	0.000338	0.416748
-68168.871364	0.000406	0.423686
-68171.990323	0.000403	0.434130
-68174.232612	0.000425	0.438823
-68177.452714	0.000297	0.433331
-68179.193926	0.000391	0.425452
-68181.058118	0.000444	0.428158
-68182.683790	0.000538	0.432432
-68184.288638	0.000450	0.440568
-68187.103493	0.000300	0.438877
-68189.132871	0.000556	0.442202
-68192.244132	0.000100	0.426404
-68194.043727	0.000534	0.435122
-68197.060074	0.000428	0.425278
-68198.590403	0.000291	0.431194
-68201.238190	0.000350	0.438804
-68203.143725	0.000597	0.423247
-68204.664303	0.000378	0.415325
-68205.969938	0.000144	0.420085
-68207.890651	0.000359	0.419535
-68209.810339	0.000606	0.423368
-68212.133480	0.000406	0.440326
-68214.292894	0.000503	0.439567
-68217.594473	0.000209	0.428274
-68219.675774	0.000397	0.425811
-68222.873395	0.000466	0.430154
-68225.270899	0.000450	0.439239
-68227.795166	0.000431	0.427544
-68229.272116	0.000406	0.435969
-68230.905322	0.000284	0.437355
-68232.769328	0.000366	0.436773
-68234.797069	0.000197	0.428254
-68237.656981	0.000478	0.422709
-68239.399682	0.000394	0.425795
-68242.499954	0.000178	0.430131
-68244.197329	0.000447	0.436621
-68247.332742	0.000288	0.419110
-68248.974058	0.000456	0.421710
-68250.900483	0.000353	0.418562
-68252.524561	0.000069	0.417254
-68254.039938	0.000319	0.424715
-68255.601544	0.000263	0.433154
-68258.062167	0.000253	0.432211
-68259.853810	0.000291	0.431899
-68262.648210	0.000472	0.428135
-68264.543206	0.000388	0.430335
-68268.157908	0.000353	0.437567
-68270.352037	0.000306	0.435340
-68273.707961	0.000509	0.432005
-68275.247920	0.000297	0.432280
-68277.765448	0.000569	0.430976
-68278.920845	0.000159	0.422185
-68280.743137	0.000453	0.418716
-68283.202994	0.000388	0.419904
-68285.285641	0.000325	0.425746
-68288.203165	0.000597	0.435473
-68290.035139	0.000366	0.422734
-68293.153472	0.000209	0.417492
-68295.016530	0.000678	0.413590
-68298.216843	0.000353	0.426114
-68299.480276	0.000578	0.428614
-68301.869464	0.000363	0.436300
-68302.685662	0.000156	0.433968
-68304.317535	0.000266	0.432771
-68306.086004	0.000331	0.438686
-68308.805058	0.000378	0.429738
-68311.081138	0.000294	0.440246
-68314.074420	0.000259	0.440571
-68315.953340	0.000506	0.436364
-68319.046035	0.000078	0.442288
-68321.014959	0.000434	0.445398
-68324.272470	0.000384	0.430197
-68326.093614	0.000419	0.427342
-68328.501082	0.000384	0.430984
-68329.515938	0.000425	0.431745
-68330.980879	0.000413	0.438827
-68333.891872	0.000328	0.426984
-68335.585941	0.000563	0.422991
-68338.949033	0.000341	0.428238
-68340.411955	0.000203	0.425029
-68344.218243	0.000316	0.435991
-68344.965744	0.000350	0.430738
-68348.206176	0.000253	0.435662
-68348.849528	0.000428	0.445128
-68351.212286	0.000372	0.440199
-68352.272197	0.000334	0.430654
-68354.681079	0.000378	0.434405
-68356.330826	0.000303	0.440742
-68358.859427	0.000553	0.437525
-68360.811316	0.000209	0.438004
-68363.856168	0.000344	0.434612
-68366.668764	0.000328	0.426017
-68369.644401	0.000363	0.426634
-68372.181343	0.000316	0.423828
-68374.338787	0.000041	0.427371
-68375.871998	0.000441	0.428213
-68377.087376	0.000491	0.425041
-68379.645957	0.000253	0.424609
-68381.679003	0.000291	0.423304
-68384.828152	0.000422	0.422553
-68386.631183	0.000303	0.430807
-68389.361960	0.000244	0.438026
-68391.478505	0.000488	0.436567
-68394.173526	0.000366	0.430034
-68396.233929	0.000269	0.424548
-68398.828331	0.000278	0.433245
-68400.118720	0.000209	0.434754
-68401.430951	0.000313	0.429262
-68403.438749	0.000678	0.420141
-68404.998191	0.000444	0.431380
-68407.838420	0.000375	0.444375
-68409.892960	0.000275	0.430899
-68412.777894	0.000397	0.427077
-68415.456645	0.000397	0.421187
-68418.138453	0.000172	0.437711
-68420.774511	0.000269	0.433084
-68422.985956	0.000472	0.421871
-68425.012054	0.000328	0.418948
-68426.091464	0.000425	0.414526
-68428.592506	0.000647	0.426441
-68430.506832	0.000397	0.423762
-68432.581320	0.000341	0.425534
-68434.802607	0.000600	0.431194
-68437.151929	0.000031	0.438438
-68439.478346	0.000541	0.434880
-68442.383970	-0.000034	0.419939
-68444.623775	0.000294	0.425195
-68446.880899	-0.000009	0.434377
-68448.526032	0.000447	0.432953
-68449.417533	0.000428	0.427307
-68450.744362	0.000609	0.429882
-68452.956725	0.000559	0.425950
-68455.380548	0.000156	0.430048
-68458.117803	0.000475	0.423758
-68460.903389	0.000422	0.428381
-68462.926609	0.000419	0.423033
-68465.905995	0.000356	0.422537
-68467.927592	0.000175	0.408343
-68471.071239	0.000409	0.407951
-68472.637509	0.000369	0.421139
-68475.198053	0.000413	0.427782
-68475.894674	0.000419	0.429182
-68478.523263	0.000438	0.432742
-68480.320777	0.000334	0.438223
-68482.777366	0.000291	0.435318
-68485.639714	0.000206	0.430287
-68487.875685	0.000294	0.435488
-68491.167627	0.000500	0.435330
-68492.916963	0.000400	0.437646
-68495.312378	0.000322	0.427643
-68496.645373	0.000359	0.437899
-68498.750888	0.000531	0.432588
-68499.520416	0.000191	0.424305
-68502.708278	0.000347	0.425436
-68503.928341	0.000563	0.420996
-68506.916496	0.000431	0.423392
-68508.558240	0.000338	0.423791
-68511.804231	0.000272	0.421453
-68514.653105	0.000353	0.415800
-68517.669185	0.000328	0.419188
-68519.975239	0.000269	0.430048
-68522.015815	0.000063	0.429907
-68523.386094	0.000572	0.431959
-68524.866627	0.000259	0.438568
-68526.950472	0.000372	0.432644
-68529.138847	0.000044	0.433092
-68531.828090	0.000350	0.429995
-68533.417769	0.000506	0.434197
-68536.935098	0.000413	0.431226
-68538.193544	0.000263	0.423537
-68541.804445	0.000578	0.429694
-68542.933457	0.000319	0.435119
-68545.504746	0.000219	0.429090
-68546.413150	0.000450	0.425799
-68548.308026	0.000272	0.430553
-68549.908520	0.000275	0.429663
-68552.043173	0.000547	0.423870
-68554.666174	0.000425	0.425034
-68556.694643	0.000247	0.421610
-68559.716520	0.000356	0.428336
-68562.040475	0.000128	0.428424
-68564.956080	0.000453	0.432361
-68567.640314	0.000416	0.430653
-68569.737689	0.000103	0.429301
-68571.256760	0.000497	0.425449
-68573.353332	0.000228	0.430820
-68574.683745	0.000288	0.432473
-68577.519819	0.000375	0.435629
-68579.152841	0.000216	0.436161
-68582.006830	0.000369	0.436124
-68584.141560	0.000341	0.435947
-68587.147618	0.000344	0.429029
-68589.476802	0.000441	0.424361
-68592.062065	0.000391	0.418460
-68593.894925	0.000422	0.429978
-68595.180884	0.000338	0.429906
-68597.196507	0.000516	0.428130
-68598.683649	0.000369	0.411358
-68601.094304	0.000466	0.411570
-68602.791491	0.000438	0.419331
-68606.313238	0.000416	0.424236
-68607.473038	0.000541	0.444058
-68611.490536	0.000438	0.437711
-68612.939427	0.000309	0.438742
-68617.019711	0.000300	0.433378
-68618.433834	0.000219	0.435549
-68620.816285	0.000366	0.441247
-68622.309186	0.000269	0.427223
-68623.655742	0.000366	0.435708
-68625.968084	0.000422	0.435315
-68627.607480	0.000131	0.436627
-68631.039557	0.000297	0.432951
-68632.362928	0.000188	0.422772
-68635.361302	0.000319	0.419347
-68637.303793	0.000331	0.428273
-68640.097191	0.000247	0.431114
-68642.468197	0.000447	0.422375
-68644.274861	0.000300	0.409170
-68645.411013	0.000316	0.408479
-68646.760960	0.000509	0.424108
-68648.630914	0.000306	0.420229
-68651.482503	0.000578	0.428455
-68653.314546	0.000622	0.433726
-68656.465659	0.000253	0.438434
-68658.228138	0.000266	0.430399
-68661.610752	0.000206	0.425625
-68663.829065	0.000388	0.434804
-68666.643535	0.000381	0.432209
-68668.836703	0.000466	0.434538
-68670.195609	0.000238	0.435031
-68672.013987	0.000453	0.435004
-68673.659050	0.000450	0.433599
-68676.343282	0.000419	0.417806
-68678.138194	0.000219	0.428232
-68681.037844	0.000247	0.435563
-68683.324088	0.000181	0.433667
-68686.386668	0.000394	0.443022
-68688.537584	0.000253	0.426616
-68691.062271	0.000397	0.421310
-68692.971926	0.000263	0.419325
-68694.503218	0.000347	0.423136
-68695.837333	0.000288	0.424802
-68697.693511	0.000366	0.428075
-68700.214475	0.000213	0.425652
-68702.312995	0.000494	0.425801
-68705.048591	0.000281	0.417048
-68707.746818	0.000466	0.424600
-68710.454026	0.000300	0.431744
-68713.361124	0.000100	0.427673
-68715.606968	0.000466	0.424904
-68718.274924	0.000272	0.425113
-68719.456677	0.000366	0.423571
-68721.470712	0.000275	0.411130
-68723.003034	0.000575	0.416327
-68725.015796	0.000313	0.431759
-68727.353858	0.000322	0.425147
-68729.496855	0.000350	0.421210
-68732.780125	0.000013	0.419458
-68734.396538	0.000397	0.429275
-68737.670102	0.000303	0.418148
-68739.189467	0.000438	0.416357
-68741.752994	0.000441	0.426154
-68742.986481	0.000369	0.433633
-68744.564137	0.000431	0.437388
-68746.094164	0.000328	0.427602
-68748.204664	0.000403	0.429332
-68750.639524	0.000231	0.440158
-68753.003499	0.000419	0.429400
-68755.969909	0.000363	0.439104
-68758.715281	0.000444	0.428731
-68761.423612	0.000481	0.431709
-68764.162154	0.000225	0.429830
-68765.791884	0.000488	0.424591
-68768.077320	0.000459	0.414130
-68769.323753	0.000203	0.426106
-68771.232198	0.000481	0.419723
-68773.583336	0.000569	0.418931
-68775.829502	0.000369	0.416682
-68778.506194	0.000388	0.417217
-68780.677748	0.000581	0.413530
-68783.557432	0.000284	0.414947
-68785.542260	0.000466	0.423881
-68788.597420	0.000275	0.422323
-68789.856142	0.000106	0.435244
-68792.128603	0.000478	0.427982
-68793.305288	0.000303	0.426940
-68795.202162	0.000328	0.427019
-68797.321876	0.000331	0.428650
-68799.954178	0.000369	0.440746
-68802.527314	0.000406	0.436142
-68804.517244	0.000275	0.436874
-68807.683292	0.000100	0.437305
-68809.735898	0.000338	0.431538
-68812.945802	0.000325	0.430967
-68815.204344	0.000166	0.436138
-68817.364288	0.000413	0.432885
-68819.143147	0.000113	0.426486
-68820.628894	0.000344	0.419140
-68822.318116	0.000575	0.416792
-68824.927841	0.000731	0.417325
-68826.945491	0.000306	0.426144
-68829.679932	0.000266	0.431656
-68832.197922	0.000381	0.423665
-68834.961891	0.000453	0.427396
-68837.013837	0.000500	0.425269
-68839.252800	0.000134	0.420541
-68841.106311	0.000288	0.420909
-68842.319739	0.000331	0.436021
-68844.416742	0.000319	0.431169
-68845.886837	0.000122	0.438698
-68848.563920	0.000416	0.437367
-68850.531545	0.000263	0.439194
-68853.475220	0.000213	0.420550
-68855.800245	0.000444	0.413563
-68858.670892	0.000203	0.424507
-68860.609132	0.000406	0.435713
-68863.752106	0.000266	0.429791
-68865.209739	0.000300	0.423003
-68867.676500	0.000444	0.428397
-68868.863133	0.000303	0.432234
-68870.872828	0.000184	0.434048
-68873.251314	0.000559	0.436779
-68875.439300	0.000259	0.428066
-68877.871046	0.000366	0.436217
-68880.205681	0.000456	0.437939
-68883.334319	0.000269	0.432868
-68885.546887	0.000509	0.430850
-68888.321043	0.000241	0.429039
-68889.892160	0.000556	0.427912
-68891.081917	0.000253	0.422736
-68892.642200	0.000275	0.428914
-68894.784852	0.000278	0.433191
-68897.039757	0.000594	0.422995
-68899.706901	0.000359	0.417944
-68901.726102	0.000325	0.429212
-68904.512009	0.000472	0.428570
-68907.063327	0.000234	0.431626
-68910.084553	0.000525	0.416651
-68912.793989	0.000350	0.414963
-68915.121324	0.000266	0.420218
-68916.805788	0.000472	0.430044
-68918.512886	0.000472	0.436109
-68920.333421	0.000503	0.432753
-68922.005030	0.000031	0.438552
-68924.660276	0.000300	0.429597
-68926.747489	0.000372	0.430010
-68929.815993	0.000441	0.442616
-68931.987243	0.000325	0.430341
-68935.116992	0.000300	0.432617
-68936.365307	0.000247	0.434753
-68938.832068	0.000366	0.442666
-68939.720084	0.000331	0.442614
-68941.436304	0.000397	0.428552
-68943.724659	0.000247	0.415311
-68945.492531	0.000438	0.425576
-68948.215572	0.000447	0.432341
-68949.893644	0.000269	0.422060
-68952.320930	0.000325	0.421622
-68952.667226	0.000359	0.416590
-68951.651572	0.000413	0.419902
-68950.010466	0.000334	0.415133
-68948.909520	0.000319	0.426246
-68949.006007	0.000216	0.435013
-68950.576921	0.000406	0.435554
-68951.388025	0.000191	0.430014
-68952.034315	0.000138	0.429765
-68951.126728	0.000334	0.431923
-68950.455998	0.000453	0.430724
-68949.664200	0.000325	0.424102
-68949.841733	0.000413	0.431930
-68950.644623	0.000344	0.429887
-68950.986908	0.000244	0.429410
-68951.538680	0.000559	0.418485
-68950.943575	0.000506	0.426140
-68950.590589	0.000325	0.429276
-68949.929048	0.000519	0.425973
-68950.548542	0.000466	0.424905
-68950.176881	0.000369	0.412357
