996.353433	0.000450	0.380997
996.634936	0.000416	0.381759
995.470235	0.000475	0.393548
993.777771	0.000366	0.385039
989.633766	0.000478	0.371870
985.367984	0.000613	0.367408
982.652411	0.000356	0.378616
980.947732	0.000394	0.381315
981.217122	0.000472	0.378128
980.176087	0.000331	0.371877
978.836798	0.000219	0.381609
975.559677	0.000206	0.375441
971.730063	0.000569	0.366429
967.671408	0.000353	0.371849
965.704696	0.000444	0.382731
963.861803	0.000506	0.373531
963.146266	0.000416	0.379160
961.954975	0.000353	0.369290
960.302464	0.000575	0.372848
957.694608	0.000531	0.384447
954.895415	0.000631	0.377259
952.242230	0.000406	0.377437
950.195805	0.000600	0.386275
947.924778	0.000369	0.389607
945.934890	0.000266	0.373327
943.326438	0.000306	0.376675
939.656030	0.000206	0.378599
937.781355	0.000394	0.389566
934.850694	0.000209	0.397058
934.470275	0.000097	0.389154
932.206418	0.000406	0.393821
931.695656	0.000466	0.393842
930.348505	0.000400	0.391594
929.431168	0.000650	0.394481
927.382710	0.000281	0.392170
924.227738	0.000400	0.397481
920.814149	0.000378	0.393868
917.035947	0.000684	0.379094
915.346123	0.000594	0.374536
914.423408	0.000388	0.385881
914.539902	0.000391	0.381525
913.028046	0.000338	0.374439
910.814292	0.000363	0.371298
907.957373	0.000409	0.369084
904.399754	0.000413	0.359866
902.000517	0.000450	0.362195
899.721205	0.000228	0.360778
897.482840	0.000309	0.370364
895.597948	0.000350	0.370318
893.163869	0.000472	0.362377
890.974122	0.000506	0.373220
888.582576	0.000459	0.375802
887.304290	0.000131	0.382667
884.858309	0.000528	0.379581
883.208310	0.000422	0.385908
880.939592	0.000556	0.389172
878.241206	0.000338	0.399627
876.128345	0.000200	0.401794
872.490874	0.000328	0.385863
870.966956	0.000116	0.399345
868.298100	0.000484	0.408106
866.849861	0.000456	0.395749
865.107728	0.000513	0.398250
863.710564	0.000522	0.395951
862.204321	0.000484	0.398291
858.824507	0.000478	0.390253
857.424312	0.000209	0.374943
854.296277	0.000419	0.381730
852.090044	0.000203	0.380783
848.840944	0.000291	0.374599
846.382954	0.000438	0.361879
843.675148	0.000238	0.352060
841.464179	0.000609	0.354292
839.958806	0.000356	0.359276
838.342732	0.000500	0.361819
836.283448	0.000231	0.358482
833.581284	0.000409	0.367598
831.873471	0.000344	0.367476
829.285837	0.000688	0.368249
826.734009	0.000550	0.374045
824.513518	0.000613	0.388383
821.917094	0.000613	0.401329
819.750707	0.000500	0.394387
817.999280	0.000441	0.400822
815.990234	0.000325	0.403993
814.830392	0.000400	0.388316
812.982744	0.000413	0.409737
811.173930	0.000459	0.412175
808.779203	0.000319	0.414273
806.678517	0.000494	0.405871
803.607674	0.000584	0.405024
801.148809	0.000356	0.397195
798.419333	0.000150	0.390723
795.808776	0.000469	0.390901
793.732222	0.000359	0.375403
791.931169	0.000325	0.372465
790.127390	0.000541	0.361986
788.240247	0.000406	0.357225
786.543607	0.000416	0.354553
783.592998	0.000381	0.349931
781.882436	0.000516	0.341083
778.752698	0.000603	0.353808
777.005639	0.000691	0.354467
773.820352	0.000303	0.358492
771.644730	0.000450	0.362417
769.667714	0.000431	0.369378
768.021282	0.000406	0.371441
766.273247	0.000444	0.385539
764.508749	0.000225	0.394929
762.508575	0.000313	0.403546
760.474516	0.000409	0.413056
757.770976	0.000416	0.412449
755.747617	0.000441	0.419425
752.516804	0.000275	0.419978
749.909391	0.000356	0.407038
746.836377	0.000634	0.419808
744.847801	0.000228	0.406243
742.700006	0.000488	0.393621
740.780570	0.000331	0.387386
739.310703	0.000297	0.381140
737.396160	0.000406	0.382646
735.165421	0.000600	0.378984
732.623121	0.000272	0.362984
730.561077	0.000394	0.353030
727.392105	0.000566	0.343956
724.852462	0.000416	0.337839
722.619861	0.000503	0.332185
720.162214	0.000228	0.332266
719.295839	0.000391	0.347034
717.483331	0.000488	0.341762
716.412100	0.000513	0.345388
714.027565	0.000472	0.353015
711.882906	0.000400	0.366191
709.514243	0.000428	0.384069
706.924022	0.000384	0.390359
704.973766	0.000291	0.397679
701.211046	0.000347	0.408445
699.849960	0.000316	0.414280
696.312251	0.000472	0.406360
694.717876	0.000478	0.430732
692.619817	0.000531	0.425043
691.164664	0.000581	0.419404
689.071699	0.000309	0.417173
686.879203	0.000294	0.399328
684.948685	0.000538	0.397507
682.219173	0.000494	0.389676
679.616712	0.000509	0.391109
676.803363	0.000281	0.376883
674.521002	0.000403	0.370739
672.073148	0.000144	0.361727
670.128843	0.000394	0.353455
669.002106	0.000184	0.342391
667.260328	0.000334	0.342743
665.799682	0.000444	0.346014
663.280452	0.000350	0.340709
660.955488	0.000453	0.331300
658.440906	0.000366	0.339775
655.405796	0.000231	0.345681
652.878335	0.000422	0.355229
649.964113	0.000519	0.357926
647.780269	0.000188	0.379177
645.163670	0.000413	0.398083
643.714294	0.000169	0.401230
641.940295	0.000372	0.394929
639.347654	0.000434	0.410189
637.644143	0.000319	0.413193
634.898526	0.000391	0.426302
632.741770	0.000263	0.415038
630.196945	0.000506	0.429258
627.442215	0.000334	0.431110
625.213095	0.000403	0.421684
622.811595	0.000397	0.406043
620.891308	0.000716	0.395211
619.520746	0.000438	0.405028
618.254313	0.000416	0.397330
616.619564	0.000544	0.387098
614.145241	0.000538	0.371680
612.341930	0.000400	0.352274
609.708319	0.000656	0.338772
607.192072	0.000359	0.338146
604.437799	0.000425	0.328695
601.681139	0.000106	0.315694
598.855153	0.000384	0.320730
597.077890	0.000341	0.315992
594.752775	0.000397	0.315691
593.587213	0.000363	0.323909
591.416835	0.000350	0.339949
589.194139	0.000253	0.362046
587.041979	0.000406	0.366099
584.526791	0.000238	0.393917
582.246383	0.000303	0.413864
579.257504	0.000484	0.429072
577.256312	0.000860	0.446781
574.250841	0.000600	0.455284
572.917761	0.000450	0.457582
570.566064	0.000584	0.455888
569.469506	0.000541	0.438634
567.811952	0.000391	0.448980
565.522690	0.000453	0.440387
563.511228	0.000331	0.430852
560.708552	0.000263	0.410972
558.663947	0.000481	0.397943
555.727211	0.000325	0.377781
552.900627	0.000344	0.356820
549.987054	0.000144	0.327111
547.535458	0.000219	0.321808
545.348088	0.000238	0.310355
543.450215	0.000434	0.303648
542.510210	0.000200	0.291067
539.555537	0.000378	0.304701
537.767110	0.000481	0.309381
535.040545	0.000306	0.314117
532.491519	0.000391	0.320161
530.132841	0.000284	0.352708
527.246187	0.000463	0.370489
525.413490	0.000294	0.390024
523.069849	0.000622	0.397742
521.591600	0.000413	0.415713
519.853536	0.000616	0.432242
518.416690	0.000613	0.427802
516.875296	0.000219	0.454352
513.977280	0.000491	0.462740
512.222272	0.000509	0.466944
509.633672	0.000588	0.464660
506.668582	0.000584	0.449874
504.308208	0.000506	0.436569
501.380561	0.000234	0.440313
499.292891	0.000438	0.417003
496.634729	0.000419	0.400400
495.123851	0.000206	0.380904
493.544994	0.000503	0.367678
491.726490	0.000534	0.355787
489.232711	0.000553	0.337390
486.905828	0.000444	0.320608
484.531225	0.000447	0.307217
481.494935	0.000422	0.295890
479.623197	0.000291	0.292780
476.321407	0.000281	0.295307
475.018786	0.000294	0.298547
472.500495	0.000331	0.311175
471.336042	0.000203	0.319541
469.655678	0.000681	0.327934
467.998890	0.000397	0.344850
466.082147	0.000416	0.370066
463.181766	0.000372	0.385680
461.532819	0.000391	0.400819
457.884365	0.000322	0.419075
456.273110	0.000513	0.461082
452.965071	0.000725	0.466955
450.325152	0.000456	0.469637
447.863280	0.000588	0.470898
445.595122	0.000469	0.467447
444.015684	0.000463	0.466753
442.386539	0.000403	0.454523
440.344773	0.000478	0.441857
437.773837	0.000419	0.428930
435.202904	0.000522	0.413580
432.710129	0.000391	0.382603
430.091720	0.000597	0.354367
427.785959	0.000403	0.337794
425.172982	0.000113	0.313659
423.322848	0.000175	0.310006
421.929082	0.000322	0.299708
420.062289	0.000428	0.285916
418.942246	0.000278	0.278653
416.569341	0.000122	0.267561
414.354536	0.000356	0.268087
411.932950	0.000197	0.289681
409.793165	0.000219	0.301949
406.951469	0.000275	0.321029
404.392449	0.000403	0.341340
401.298681	0.000431	0.364324
398.715494	0.000341	0.403092
396.982152	0.000541	0.430202
394.656711	0.000556	0.446275
393.859363	0.000609	0.455920
391.272885	0.000519	0.469038
389.243783	0.000503	0.481014
386.530145	0.000503	0.490285
384.499467	0.000278	0.490116
381.727555	0.000738	0.489193
379.180382	0.000222	0.482965
377.366409	0.000438	0.456801
374.292494	0.000575	0.447479
373.405648	0.000406	0.411282
371.272308	0.000284	0.405125
370.102482	0.000325	0.383587
367.923908	0.000547	0.356162
365.655005	0.000209	0.335973
363.400284	0.000284	0.313074
361.182534	0.000031	0.274669
358.685192	0.000438	0.256083
355.446025	0.000147	0.246638
352.764144	0.000228	0.255354
349.917825	0.000003	0.262584
347.623401	0.000328	0.262685
346.114555	0.000347	0.287436
344.009154	0.000238	0.300353
342.191723	0.000406	0.333292
339.729296	0.000447	0.355056
337.261372	0.000453	0.391914
335.365706	0.000497	0.435585
332.040820	0.000400	0.475427
330.027277	0.000547	0.490968
327.259626	0.000378	0.504757
324.980962	0.000756	0.528874
323.386594	0.000563	0.520748
322.244743	0.000678	0.538427
320.733000	0.000528	0.524735
318.577721	0.000572	0.522804
316.453003	0.000506	0.506733
313.592776	0.000491	0.464960
311.813921	0.000550	0.440307
308.929965	0.000766	0.397906
306.498899	0.000331	0.341931
303.671245	0.000275	0.298110
300.693655	0.000359	0.266215
298.555489	0.000334	0.230790
296.963769	0.000200	0.211046
295.234504	0.000381	0.203334
293.008443	0.000316	0.205458
291.580551	0.000231	0.217744
288.653434	0.000234	0.226895
286.705337	0.000250	0.235372
283.732963	0.000347	0.272850
281.308926	0.000519	0.322437
278.823202	0.000381	0.369346
275.951203	0.000325	0.408525
274.784155	0.000622	0.450603
272.623935	0.000344	0.472836
272.109089	0.000263	0.478854
269.534144	0.000425	0.504936
267.851219	0.000500	0.534271
265.276407	0.000594	0.572996
262.587910	0.000628	0.571791
260.431173	0.000447	0.552935
257.286783	0.000475	0.543570
255.083077	0.000534	0.512951
251.797223	0.000538	0.460514
249.640879	0.000469	0.397721
247.432343	0.000300	0.384256
245.523744	0.000372	0.348983
243.766859	0.000266	0.310125
241.917600	0.000400	0.282899
239.736907	0.000163	0.240636
237.201041	0.000338	0.213355
234.752429	0.000353	0.195697
231.928382	0.000109	0.197705
228.867628	0.000431	0.202779
227.039338	0.000219	0.227870
224.470444	0.000247	0.250434
223.454339	0.000272	0.270610
221.855340	0.000200	0.293344
220.218341	0.000366	0.321973
218.043625	0.000259	0.354060
215.683815	0.000284	0.411082
213.221434	0.000778	0.444834
210.752673	0.000331	0.465712
208.141952	0.000534	0.510138
205.370097	0.000716	0.536931
202.936809	0.000406	0.544295
200.294297	0.000575	0.562126
198.123392	0.000728	0.554000
196.540727	0.000525	0.537025
194.572825	0.000534	0.522351
192.774012	0.000566	0.501469
190.158024	0.000363	0.459932
188.414161	0.000722	0.431595
185.730599	0.000338	0.395691
183.398819	0.000234	0.341674
180.594935	0.000338	0.314856
178.432218	0.000263	0.262817
176.294218	0.000313	0.233853
174.035815	0.000191	0.219488
173.302443	0.000409	0.220368
170.991400	0.000213	0.211824
170.023257	0.000428	0.205565
166.947669	0.000353	0.205531
165.091048	0.000281	0.220287
162.129840	0.000378	0.256464
159.541224	0.000475	0.275885
157.038507	0.000409	0.321311
154.316162	0.000481	0.366895
151.926349	0.000459	0.427699
148.809332	0.000622	0.457536
147.173988	0.000484	0.472033
145.449321	0.000628	0.504941
143.151683	0.000772	0.534108
141.580888	0.000647	0.534722
138.946364	0.000538	0.548816
136.402070	0.000628	0.536732
134.138296	0.000453	0.542839
131.107123	0.000500	0.519360
129.085543	0.000419	0.470721
125.967054	0.000572	0.444227
124.501990	0.000534	0.428574
122.598407	0.000428	0.384521
121.979901	0.000450	0.363323
119.568063	0.000372	0.326204
117.711852	0.000378	0.296099
114.873398	0.000406	0.261816
112.140034	0.000403	0.238315
110.043645	0.000156	0.222400
107.099211	0.000047	0.215081
104.841081	0.000484	0.210355
101.360355	0.000266	0.225403
99.407638	0.000381	0.258681
96.908048	0.000278	0.292975
95.982222	0.000300	0.308657
93.735855	0.000319	0.332528
92.324565	0.000263	0.378115
89.712707	0.000409	0.415765
87.339956	0.000359	0.432047
84.589754	0.000391	0.470606
82.669658	0.000628	0.524090
79.600628	0.000600	0.534641
77.794193	0.000525	0.534835
75.307158	0.000431	0.524433
73.644679	0.000544	0.536445
71.909939	0.000847	0.530084
70.895708	0.000466	0.524757
68.653038	0.000684	0.499312
66.452974	0.000481	0.481382
63.983448	0.000466	0.447656
61.134835	0.000309	0.389442
59.031268	0.000463	0.365236
55.273249	0.000250	0.306892
53.431240	0.000263	0.269844
50.191437	0.000031	0.258459
48.637706	0.000356	0.228962
46.676605	0.000269	0.228743
45.585741	0.000359	0.216669
43.022074	0.000419	0.228187
40.707360	0.000381	0.233458
38.722996	0.000316	0.250084
35.765433	0.000441	0.275811
33.619779	0.000334	0.319769
30.525390	0.000403	0.349388
28.455150	0.000419	0.378972
26.108471	0.000575	0.413006
23.945232	0.000338	0.443160
22.866068	0.000575	0.466335
21.107320	0.000413	0.482388
19.528062	0.000306	0.499773
16.765551	0.000594	0.519406
14.602254	0.000509	0.529485
11.872056	0.000578	0.507559
9.144488	0.000541	0.522205
7.008999	0.000400	0.501038
3.455123	0.000625	0.468886
1.835323	0.000431	0.446190
-1.639591	0.000525	0.404251
-2.329392	0.000394	0.385558
-4.198955	0.000288	0.373560
-6.329240	0.000178	0.334389
-8.408822	0.000172	0.305642
-11.029973	0.000403	0.284906
-12.838468	0.000481	0.260387
-15.510446	0.000156	0.247503
-17.382357	0.000059	0.237367
-20.353361	0.000334	0.244409
-22.947120	0.000306	0.261651
-24.613130	0.000200	0.270156
-27.016779	0.000459	0.286059
-27.892167	0.000356	0.299480
-29.966451	0.000413	0.311506
-32.020120	0.000169	0.348145
-33.971094	0.000228	0.374207
-36.682160	0.000569	0.405793
-38.721620	0.000353	0.442922
-42.184986	0.000703	0.463669
-44.627374	0.000581	0.480896
-47.474431	0.000625	0.499415
-49.816424	0.000550	0.509950
-51.546939	0.000550	0.493855
-53.309894	0.000519	0.483711
-54.603106	0.000659	0.501132
-57.406881	0.000500	0.475028
-59.406848	0.000466	0.448023
-62.248963	0.000422	0.411122
-64.296644	0.000350	0.401488
-66.741564	0.000441	0.370947
-69.654506	0.000425	0.324949
-71.811464	0.000422	0.308889
-74.370987	0.000247	0.282667
-75.765650	0.000278	0.276946
-77.608353	0.000269	0.276499
-78.436937	0.000072	0.258505
-81.272559	0.000538	0.270903
-83.089925	0.000184	0.275188
-86.092033	0.000113	0.278318
-88.376451	0.000378	0.288645
-91.519279	0.000347	0.321888
-94.347524	0.000406	0.345875
-96.861603	0.000391	0.376914
-99.453207	0.000297	0.402537
-101.214198	0.000766	0.427263
-103.218398	0.000438	0.442589
-104.282316	0.000500	0.451814
-106.542218	0.000466	0.465647
-109.016113	0.000594	0.477569
-111.128858	0.000434	0.479512
-113.913655	0.000559	0.485048
-116.276312	0.000572	0.481111
-118.721740	0.000531	0.450487
-121.214335	0.000550	0.439530
-122.997430	0.000481	0.409784
-125.676252	0.000556	0.425022
-126.714754	0.000297	0.403522
-128.351555	0.000563	0.385197
-130.353717	0.000422	0.373563
-132.273825	0.000338	0.339999
-135.006633	0.000153	0.319769
-136.833754	0.000441	0.308864
-140.435625	0.000159	0.298169
-142.332607	0.000253	0.291667
-146.078903	0.000488	0.288135
-147.693349	0.000197	0.292103
-150.696173	0.000422	0.302943
-152.171431	0.000256	0.322489
-153.770332	0.000459	0.327962
-156.113109	0.000388	0.347974
-157.861319	0.000450	0.366360
-160.260754	0.000088	0.392249
-162.328778	0.000284	0.401377
-165.458320	0.000394	0.418797
-167.750881	0.000341	0.454345
-170.574821	0.000566	0.455785
-172.798639	0.000453	0.463431
-174.466404	0.000469	0.469844
-176.217996	0.000359	0.480344
-177.668828	0.000488	0.467767
-179.784161	0.000772	0.451910
-181.785246	0.000325	0.445127
-184.771293	0.000403	0.437132
-186.804649	0.000378	0.409281
-189.726160	0.000447	0.387027
-191.992927	0.000294	0.358448
-194.840169	0.000375	0.349384
-197.772584	0.000516	0.328850
-199.876111	0.000400	0.313010
-202.347105	0.000272	0.305494
-203.398966	0.000197	0.302021
-205.629093	0.000159	0.301198
-207.096515	0.000241	0.290799
-209.633392	0.000372	0.296265
-212.135439	0.000369	0.310806
-214.405773	0.000269	0.328307
-217.305713	0.000406	0.350770
-219.687838	0.000350	0.364225
-222.385142	0.000353	0.387091
-223.941754	0.000225	0.405659
-225.898809	0.000528	0.404948
-227.713274	0.000409	0.423767
-228.824666	0.000284	0.436592
-231.359723	0.000484	0.439691
-233.587012	0.000625	0.440575
-236.019095	0.000516	0.452348
-238.798858	0.000541	0.449430
-240.978896	0.000459	0.444092
-244.248829	0.000413	0.434906
-246.481613	0.000441	0.411597
-249.345713	0.000484	0.398029
-251.170265	0.000484	0.370394
-252.992682	0.000434	0.361247
-254.221233	0.000278	0.358226
-256.192246	0.000547	0.346467
-259.068782	0.000488	0.335868
-261.099418	0.000253	0.323105
-263.972458	0.000291	0.323331
-266.211526	0.000325	0.322290
-269.174504	0.000159	0.317666
-271.122808	0.000331	0.331471
-273.514504	0.000172	0.338808
-275.361053	0.000331	0.354414
-277.042657	0.000138	0.353057
-278.608915	0.000319	0.362421
-280.311743	0.000216	0.371704
-283.394541	0.000541	0.382744
-284.945950	0.000253	0.399215
-287.960047	0.000531	0.412909
-290.442013	0.000519	0.423771
-293.469837	0.000503	0.431376
-296.208802	0.000500	0.431640
-298.805886	0.000459	0.426678
-300.744219	0.000644	0.419678
-302.516471	0.000372	0.413314
-303.811850	0.000500	0.405453
-305.808159	0.000294	0.400399
-308.507450	0.000653	0.402083
-311.049704	0.000400	0.375965
-312.957476	0.000447	0.382955
-316.087129	0.000547	0.364075
-317.858605	0.000297	0.351419
-320.764695	0.000550	0.345620
-323.085210	0.000481	0.352886
-324.840315	0.000503	0.349844
-327.081430	0.000606	0.336256
-327.766434	0.000647	0.331986
-330.516342	0.000350	0.343812
-331.252294	0.000356	0.353626
-334.788072	0.000425	0.355915
-336.345190	0.000422	0.357180
-339.967657	0.000422	0.371888
-342.205069	0.000525	0.382583
-344.850061	0.000556	0.382083
-347.846505	0.000372	0.393584
-349.152799	0.000325	0.397951
-352.091568	0.000406	0.411573
-353.010061	0.000478	0.408614
-355.494184	0.000331	0.411994
-356.980077	0.000566	0.406412
-360.076166	0.000525	0.418566
-362.069815	0.000381	0.412692
-365.096519	0.000413	0.406229
-367.200167	0.000206	0.389777
-369.775177	0.000394	0.384142
-372.193321	0.000538	0.366905
-374.212426	0.000550	0.364668
-375.979777	0.000453	0.360743
-377.737856	0.000488	0.360750
-379.447446	0.000422	0.361030
-381.184659	0.000738	0.357218
-383.566713	0.000547	0.356000
-385.889422	0.000403	0.345464
-388.752782	0.000331	0.357000
-391.607719	0.000391	0.353812
-394.923613	0.000434	0.369865
-397.408567	0.000341	0.370018
-399.864015	0.000534	0.372482
-401.434865	0.000388	0.384324
-403.513472	0.000444	0.382955
-404.849819	0.000481	0.380511
-407.243795	0.000769	0.394638
-409.460671	0.000388	0.400974
-412.140694	0.000322	0.398829
-414.322017	0.000359	0.398053
-417.073554	0.000359	0.403845
-419.548327	0.000503	0.401542
-421.997855	0.000419	0.403038
-424.373742	0.000431	0.401479
-425.736470	0.000438	0.397611
-427.847652	0.000431	0.399304
-429.143420	0.000397	0.391237
-430.770389	0.000247	0.385824
-433.629653	0.000341	0.379180
-435.460685	0.000325	0.362393
-438.263304	0.000272	0.369275
-440.604396	0.000438	0.364490
-443.747799	0.000463	0.367801
-446.018408	0.000566	0.356659
-448.769876	0.000366	0.359518
-450.731774	0.000303	0.366966
-452.293241	0.000597	0.370755
-454.277292	0.000506	0.376488
-455.835843	0.000322	0.375691
-458.758561	0.000569	0.375893
-460.854531	0.000369	0.373645
-463.455641	0.000363	0.378655
-465.920527	0.000547	0.381633
-468.217387	0.000350	0.384260
-470.498960	0.000309	0.393495
-473.025207	0.000563	0.392231
-475.074223	0.000291	0.389088
-476.745958	0.000572	0.395342
-478.137598	0.000709	0.394267
-480.060084	0.000466	0.396757
-481.822395	0.000425	0.389038
-484.750649	0.000369	0.402027
-487.135405	0.000516	0.393171
-490.249385	0.000447	0.386967
-492.694477	0.000247	0.382233
-495.404218	0.000456	0.374434
-498.239576	0.000275	0.384912
-500.534192	0.000306	0.382318
-502.308055	0.000356	0.365897
-504.245499	0.000553	0.371381
-505.874976	0.000259	0.356908
-507.891923	0.000253	0.369515
-510.753372	0.000338	0.359635
-512.946061	0.000141	0.358067
-515.716713	0.000322	0.376756
-518.330460	0.000534	0.374652
-520.557097	0.000422	0.376615
-523.541551	0.000569	0.369627
-524.962885	0.000297	0.376040
-526.819249	0.000391	0.386454
-528.110898	0.000388	0.382172
-529.855052	0.000431	0.377988
-531.723517	0.000428	0.388310
-534.108955	0.000403	0.397136
-537.158713	0.000238	0.387543
-538.639955	0.000459	0.383281
-541.970857	0.000516	0.391495
-543.995070	0.000472	0.400370
-547.422017	0.000353	0.400276
-549.518810	0.000334	0.388774
-551.627867	0.000266	0.385991
-553.615471	0.000200	0.393384
-554.619808	0.000381	0.379649
-557.274797	0.000319	0.385775
-559.129328	0.000463	0.376988
-562.188631	0.000391	0.379504
-564.229269	0.000300	0.372493
-567.418171	0.000413	0.361983
-569.608196	0.000375	0.363415
-572.303451	0.000450	0.369137
-574.088663	0.000381	0.367775
-575.724300	0.000378	0.365733
-577.113931	0.000366	0.371925
-579.016232	0.000453	0.370872
-580.887586	0.000263	0.363457
-583.340188	0.000328	0.368821
-585.902084	0.000325	0.375133
-587.880670	0.000391	0.388167
-591.024819	0.000644	0.389915
-593.596076	0.000372	0.382334
-596.554739	0.000513	0.383712
-599.211280	0.000506	0.384837
-601.589934	0.000306	0.392934
-602.899293	0.000634	0.387124
-604.880858	0.000331	0.391045
-606.584199	0.000369	0.393267
-609.403186	0.000375	0.383287
-611.789530	0.000391	0.387797
-614.145615	0.000406	0.385681
-617.168442	0.000291	0.388350
-619.094004	0.000459	0.385539
-622.100503	0.000453	0.371569
-623.761252	0.000422	0.373939
-626.144469	0.000428	0.379968
-627.032757	0.000266	0.371910
-629.422005	0.000375	0.370190
-630.610557	0.000294	0.368416
-633.192006	0.000300	0.374860
-635.020741	0.000384	0.380234
-637.433351	0.000516	0.369234
-640.071554	0.000434	0.360481
-642.865498	0.000322	0.372948
-645.906038	0.000428	0.377843
-648.243473	0.000469	0.368898
-650.853662	0.000225	0.378038
-652.223915	0.000341	0.380554
-654.573511	0.000494	0.384825
-655.978517	0.000322	0.375288
-658.443439	0.000519	0.382327
-660.641637	0.000356	0.385530
-663.192568	0.000413	0.387811
-665.754553	0.000556	0.394350
-668.050973	0.000616	0.392506
-670.418395	0.000534	0.388845
-673.219595	0.000503	0.391167
-674.817438	0.000491	0.380861
-676.887364	0.000594	0.397272
-677.867286	0.000366	0.402434
-680.264321	0.000578	0.395402
-681.502510	0.000322	0.390799
-684.224463	0.000409	0.378826
-686.852396	0.000447	0.377298
-689.184117	0.000422	0.377866
-692.704333	0.000016	0.373636
-694.670583	0.000400	0.361463
-698.394012	0.000388	0.362575
-699.806370	0.000359	0.366599
-702.322009	0.000584	0.361557
-704.017171	0.000347	0.355238
-705.815982	0.000275	0.362336
-708.485955	0.000391	0.374390
-709.995827	0.000441	0.375222
-713.133390	0.000338	0.369672
-715.042021	0.000247	0.386397
-718.411090	0.000384	0.385754
-720.930539	0.000419	0.388506
-723.797651	0.000413	0.383609
-725.332284	0.000400	0.399349
-726.662985	0.000288	0.400648
-728.208955	0.000281	0.394554
-729.768059	0.000606	0.396192
-731.966506	0.000216	0.394310
-734.405006	0.000541	0.394662
-737.233117	0.000378	0.393504
-739.063602	0.000328	0.381624
-741.654483	0.000588	0.392145
-744.715394	0.000303	0.384288
-746.867887	0.000459	0.376012
-750.216571	0.000434	0.367096
-752.006057	0.000672	0.372409
-753.985510	0.000409	0.374846
-755.545762	0.000369	0.371843
-757.581704	0.000388	0.374292
-760.003507	0.000403	0.364213
-762.332759	0.000572	0.370184
-764.454256	0.000113	0.363148
-767.209620	0.000291	0.364570
-769.842429	0.000369	0.377633
-772.408211	0.000563	0.378411
-774.568187	0.000381	0.382300
-776.461513	0.000428	0.379255
-777.435107	0.000409	0.380870
-779.025694	0.000431	0.383624
-781.154086	0.000497	0.386290
-783.384206	0.000284	0.391746
-785.892954	0.000547	0.399696
-788.262967	0.000503	0.391041
-791.156233	0.000234	0.387947
-793.984702	0.000344	0.377525
-796.311862	0.000394	0.390113
-799.298792	0.000603	0.394154
-801.440580	0.000328	0.397700
-802.985922	0.000622	0.388179
-805.223892	0.000347	0.391472
-807.330558	0.000209	0.386449
-809.417910	0.000419	0.383694
-812.222828	0.000506	0.382597
-814.096087	0.000163	0.382733
-817.359892	0.000375	0.374265
-819.425974	0.000244	0.369577
-822.085200	0.000538	0.360424
-824.604054	0.000347	0.377372
-826.493571	0.000069	0.366253
-827.815052	0.000356	0.364799
-828.962734	0.000528	0.373926
-831.403491	0.000338	0.366227
-832.837171	0.000184	0.368977
-835.891661	0.000406	0.370855
-837.786202	0.000434	0.373391
-840.467916	0.000497	0.367562
-843.009196	0.000366	0.382732
-845.771899	0.000200	0.392965
-849.105863	0.000297	0.392552
-851.187324	0.000359	0.395996
-853.282180	0.000350	0.388317
-855.203142	0.000222	0.393593
-856.393729	0.000344	0.397709
-858.551415	0.000225	0.392609
-860.792415	0.000447	0.389627
-864.014142	0.000263	0.388401
-865.962480	0.000294	0.380981
-869.061360	0.000394	0.387983
-871.061396	0.000178	0.385949
-873.535819	0.000547	0.372016
-875.394363	0.000278	0.378069
-876.856619	0.000394	0.381246
-878.852171	0.000463	0.374970
-880.101379	0.000666	0.366719
-882.524896	0.000556	0.364478
-884.528874	0.000347	0.360996
-887.239630	0.000478	0.362741
-889.158743	0.000375	0.360225
-891.951036	0.000356	0.375699
-895.229713	0.000422	0.375095
-897.865685	0.000372	0.361343
-900.947498	0.000478	0.378293
-902.472976	0.000513	0.385547
-904.154778	0.000519	0.392913
-906.086416	0.000313	0.381681
-908.050464	0.000447	0.380338
-911.059016	0.000300	0.386064
-913.241583	0.000328	0.382893
-915.471815	0.000341	0.382270
-918.167574	0.000253	0.387021
-921.134408	0.000359	0.391138
-923.015476	0.000450	0.395781
-925.743202	0.000369	0.381779
-927.296012	0.000450	0.377307
-928.853410	0.000325	0.370205
-930.541644	0.000556	0.384487
-932.266432	0.000453	0.385911
-934.835657	0.000469	0.380036
-936.926201	0.000316	0.380734
-939.814510	0.000456	0.379252
-941.925742	0.000372	0.374837
-945.253148	0.000219	0.376175
-947.304329	0.000166	0.374430
-950.728489	0.000600	0.378664
-952.633339	0.000331	0.370234
-954.556297	0.000244	0.366608
-956.368016	0.000369	0.378906
-957.886041	0.000263	0.370108
-960.715003	0.000184	0.364465
-962.655723	0.000353	0.374204
-964.985906	0.000413	0.389231
-967.895110	0.000369	0.383781
-970.111255	0.000556	0.379027
-973.019610	0.000556	0.381487
-974.902970	0.000447	0.380377
-977.022475	0.000288	0.387185
-977.781785	0.000359	0.385088
-979.651146	0.000509	0.384048
-981.537994	0.000250	0.386765
-983.518930	0.000275	0.393083
-986.391848	0.000444	0.389138
-988.521358	0.000347	0.388277
-991.650829	0.000534	0.385981
-994.157977	0.000394	0.385578
-997.375363	0.000406	0.386824
-999.805128	0.000544	0.370634
-1002.003219	0.000322	0.374018
-1003.889867	0.000278	0.374033
-1005.415562	0.000113	0.364259
