-70460.506128	0.000363	0.439911
-70471.765705	0.000269	0.433811
-70480.036684	0.000263	0.437783
-70485.945429	0.000309	0.429406
-70489.477730	0.000478	0.427834
-70493.598050	0.000234	0.418461
-70497.725745	0.000197	0.411476
-70503.486840	0.000422	0.414009
-70510.619397	0.000216	0.429307
-70520.436567	0.000281	0.430186
-70528.904610	0.000241	0.426309
-70535.561900	0.000441	0.418179
-70539.425039	0.000547	0.421408
-70543.825977	0.000444	0.412354
-70547.557836	0.000347	0.422131
-70553.605390	0.000453	0.415971
-70561.026296	0.000241	0.425856
-70571.425592	0.000500	0.420058
-70579.718030	0.000394	0.432600
-70586.046252	0.000053	0.440934
-70590.477431	0.000588	0.434869
-70594.594196	0.000344	0.440174
-70598.716689	0.000259	0.434833
-70604.113556	0.000341	0.434651
-70611.458324	0.000303	0.426414
-70621.127251	0.000366	0.410799
-70629.705015	0.000134	0.400907
-70635.805860	0.000275	0.422266
-70640.654430	0.000438	0.423054
-70644.311752	0.000397	0.421235
-70649.386363	0.000400	0.423222
-70654.076494	0.000509	0.426774
-70662.712483	0.000419	0.418663
-70671.871924	0.000547	0.427245
-70680.548544	0.000278	0.417752
-70687.027801	0.000259	0.408998
-70691.717980	0.000578	0.415910
-70696.365408	0.000300	0.419412
-70699.564128	0.000313	0.412324
-70705.023725	0.000363	0.426963
-70712.746437	0.000256	0.433540
-70722.863841	0.000197	0.435378
-70731.731421	0.000219	0.432095
-70737.264818	0.000128	0.432924
-70742.061302	0.000263	0.432528
-70745.360358	0.000375	0.417542
-70749.552115	0.000206	0.407337
-70755.314450	0.000278	0.410743
-70763.598876	0.000478	0.421428
-70774.059606	0.000238	0.422963
-70782.375886	0.000553	0.418199
-70788.912559	0.000197	0.415007
-70792.721891	0.000156	0.418807
-70796.855761	0.000359	0.419202
-70800.660496	0.000288	0.425382
-70806.750835	0.000178	0.419738
-70815.139102	0.000491	0.424733
-70824.902068	0.000438	0.418223
-70832.965805	0.000272	0.415494
-70838.252479	0.000494	0.411816
-70842.301541	0.000284	0.429926
-70846.713543	0.000128	0.432449
-70850.987849	0.000022	0.431941
-70857.402569	0.000372	0.438562
-70865.689929	0.000494	0.431180
-70875.793062	0.000103	0.420196
-70883.715392	0.000278	0.410543
-70889.677269	0.000238	0.412601
-70893.881452	0.000278	0.419624
-70898.389506	0.000372	0.420397
-70903.033143	0.000466	0.406737
-70908.636005	0.000397	0.400374
-70917.522549	0.000469	0.413509
-70926.972370	0.000438	0.417994
-70934.164792	0.000484	0.414795
-70939.480604	0.000381	0.422824
-70943.585354	0.000334	0.416170
-70947.611765	0.000241	0.401682
-70952.311130	0.000022	0.407313
-70958.753255	0.000119	0.403329
-70968.125764	0.000444	0.424715
-70977.445415	0.000606	0.417323
-70985.389377	0.000350	0.425169
-70989.886606	0.000222	0.425348
-70994.547272	0.000094	0.422481
-70999.163277	0.000288	0.415229
-71004.085552	0.000503	0.421915
-71010.714227	0.000638	0.419295
-71019.186160	0.000022	0.410982
-71028.374651	0.000388	0.422045
-71035.644774	0.000353	0.407214
-71040.256492	0.000338	0.398708
-71044.382793	0.000378	0.408642
-71048.748413	0.000603	0.410374
-71053.823445	0.000522	0.416049
-71060.591915	0.000778	0.413697
-71069.599117	0.000081	0.418947
-71079.443696	0.000522	0.417540
-71086.058821	0.000172	0.413051
-71090.873703	0.000275	0.411679
-71095.074830	0.000331	0.416562
-71100.252947	0.000472	0.413350
-71106.192868	0.000431	0.420407
-71112.915493	0.000109	0.427230
-71121.640051	0.000478	0.418493
-71130.208203	0.000394	0.417256
-71136.506580	0.000428	0.405850
-71140.983710	0.000344	0.417217
-71145.177084	0.000294	0.415913
-71150.252392	0.000353	0.412209
-71156.118669	0.000475	0.403216
-71163.023817	0.000250	0.398012
-71172.048333	0.000284	0.409615
-71180.254485	0.000466	0.406011
-71187.145786	0.000366	0.415872
-71191.162025	0.000419	0.414745
-71196.524773	0.000347	0.428783
-71201.739180	0.000084	0.412238
-71207.833216	0.000316	0.414057
-71214.611517	0.000253	0.412475
-71223.238164	0.000541	0.423081
-71231.753936	0.000381	0.420695
-71237.641380	0.000313	0.409136
-71241.843901	0.000350	0.413469
-71246.445624	0.000375	0.413663
-71251.673797	0.000200	0.402538
-71257.520570	0.000297	0.409389
-71264.764725	0.000269	0.418357
-71273.373126	0.000147	0.420539
-71281.779595	0.000444	0.411686
-71287.384847	0.000466	0.400351
-71292.216170	0.000528	0.399576
-71297.150037	0.000263	0.406125
-71302.923989	0.000159	0.403499
-71308.770322	0.000166	0.413772
-71315.645522	0.000431	0.415029
-71323.886889	0.000609	0.417839
-71332.454591	0.000284	0.418807
-71337.864819	0.000631	0.415772
-71342.815769	0.000309	0.405465
-71346.942079	0.000350	0.417807
-71352.616586	0.000231	0.411199
-71358.596924	0.000366	0.415058
-71365.624681	0.000297	0.415823
-71374.337802	0.000406	0.413613
-71381.914327	0.000266	0.415265
-71387.889374	0.000297	0.411849
-71392.296719	0.000359	0.419194
-71398.037091	0.000194	0.414180
-71403.259948	0.000203	0.411409
-71409.144400	0.000306	0.402130
-71416.273858	0.000275	0.392512
-71425.092656	0.000656	0.405092
-71432.787445	0.000650	0.401469
-71439.248379	0.000434	0.421101
-71443.043230	0.000384	0.418411
-71448.477053	0.000384	0.416812
-71453.033320	0.000184	0.416503
-71459.066851	0.000209	0.408868
-71465.811173	0.000278	0.413047
-71474.470280	0.000231	0.424713
-71482.311512	0.000300	0.415426
-71488.443855	0.000369	0.418478
-71493.278170	0.000466	0.417412
-71498.805944	0.000509	0.417509
-71504.381146	0.000275	0.412824
-71509.702282	0.000184	0.404375
-71516.781211	0.000153	0.407054
-71525.234284	0.000656	0.414961
-71533.564729	0.000428	0.414697
-71539.672753	0.000366	0.396826
-71544.027809	0.000300	0.403569
-71549.036595	0.000400	0.400259
-71553.717517	0.000341	0.396080
-71559.226258	0.000459	0.401123
-71566.392625	0.000325	0.404847
-71574.901471	0.000528	0.421472
-71583.072378	0.000488	0.422156
-71588.892577	0.000472	0.417808
-71593.886020	0.000519	0.410044
-71599.224308	0.000281	0.419215
-71603.990671	0.000044	0.426545
-71609.846986	0.000063	0.424983
-71616.578238	0.000241	0.414144
-71625.774869	0.000341	0.413564
-71633.670255	0.000338	0.411207
-71639.841449	0.000275	0.402700
-71644.433581	0.000503	0.399995
-71649.235728	0.000309	0.417791
-71653.979324	0.000281	0.411500
-71659.492618	0.000294	0.397749
-71666.092245	0.000216	0.395940
-71674.653653	0.000331	0.392925
-71682.846237	0.000481	0.405748
-71689.175781	0.000231	0.410422
-71694.749627	0.000250	0.409046
-71699.313095	0.000253	0.413687
-71704.474707	-0.000000	0.419786
-71709.033592	0.000278	0.408091
-71716.389717	0.000106	0.406812
-71725.042283	0.000144	0.421355
-71734.151410	0.000481	0.417943
-71740.336870	0.000281	0.409604
-71745.241340	0.000434	0.414709
-71749.664976	0.000106	0.408520
-71753.821729	0.000372	0.401757
-71758.531908	0.000506	0.393194
-71766.105226	0.000309	0.411031
-71774.754576	0.000400	0.415238
-71783.486527	0.000409	0.411796
-71789.388364	0.000044	0.405562
-71794.521452	0.000322	0.390696
-71799.145201	0.000275	0.394696
-71803.770732	0.000313	0.399057
-71809.462350	0.000250	0.410060
-71816.714603	0.000366	0.407668
-71825.707870	0.000403	0.404855
-71833.864443	0.000516	0.399738
-71839.834581	0.000338	0.410434
-71844.707311	0.000238	0.412459
-71849.475818	0.000225	0.417005
-71853.632153	0.000331	0.420082
-71858.818151	0.000363	0.409970
-71865.737319	0.000644	0.412362
-71874.911147	0.000391	0.420401
-71883.088384	0.000372	0.411679
-71889.693638	0.000403	0.401369
-71894.512847	0.000322	0.406764
-71898.932960	0.000363	0.411854
-71903.124407	0.000281	0.415758
-71908.137879	0.000516	0.400203
-71915.909267	0.000484	0.389946
-71925.383753	0.000419	0.399119
-71933.688331	0.000375	0.401778
-71940.154259	0.000366	0.415825
-71944.642172	0.000459	0.412987
-71948.649579	0.000294	0.410855
-71953.017247	0.000469	0.410246
-71957.505687	0.000469	0.417908
-71966.130255	0.000303	0.421937
-71974.832617	0.000106	0.407805
-71983.437556	0.000325	0.414386
-71989.214357	0.000275	0.420503
-71994.010667	0.000375	0.420710
-71998.135299	0.000284	0.407706
-72002.506528	0.000466	0.412062
-72007.723198	0.000263	0.395854
-72016.021745	0.000675	0.409577
-72025.152937	0.000256	0.403323
-72033.846944	0.000397	0.405895
-72039.348207	0.000309	0.391539
-72043.958909	0.000259	0.398788
-72047.835974	0.000422	0.404906
-72051.911441	0.000263	0.403946
-72057.768984	0.000500	0.401778
-72066.131365	0.000541	0.413775
-72075.273391	0.000366	0.413865
-72083.023312	0.000272	0.411142
-72088.571763	0.000150	0.404665
-72092.811816	0.000509	0.412641
-72097.280987	0.000425	0.414254
-72101.157644	0.000547	0.414381
-72107.451987	0.000119	0.416520
-72115.725234	0.000544	0.417590
-72125.342617	0.000053	0.413075
-72133.029903	0.000419	0.399372
-72138.258483	0.000228	0.402177
-72142.756927	0.000241	0.412110
-72146.723761	0.000206	0.414021
-72151.346623	-0.000003	0.400824
-72157.330446	0.000256	0.402030
-72165.861220	0.000622	0.406893
-72174.802504	0.000363	0.398916
-72182.189278	0.000306	0.396341
-72187.039720	0.000172	0.414026
-72191.301623	0.000428	0.411341
-72195.856115	0.000528	0.410165
-72200.772790	0.000209	0.406691
-72207.252280	0.000247	0.413134
-72215.631572	0.000381	0.403323
-72224.632353	0.000397	0.422228
-72231.610299	0.000188	0.430766
-72237.042541	0.000525	0.410894
-72241.585149	0.000513	0.409179
-72245.995425	0.000216	0.417628
-72250.863157	0.000222	0.406904
-72257.002652	0.000497	0.394742
-72265.226334	0.000291	0.405728
-72274.127642	0.000194	0.411613
-72280.945975	0.000322	0.405181
-72286.226127	0.000419	0.399587
-72290.410612	0.000425	0.388640
-72294.883142	0.000250	0.390938
-72299.830377	0.000463	0.399043
-72306.317040	0.000272	0.408950
-72315.099749	0.000400	0.414252
-72324.082126	0.000338	0.416862
-72331.379634	0.000309	0.417345
-72335.539401	0.000294	0.412932
-72339.994833	0.000372	0.411024
-72344.240659	0.000388	0.410417
-72349.638677	0.000425	0.409092
-72356.343670	0.000106	0.411989
-72365.170350	0.000131	0.415939
-72373.502962	0.000472	0.414904
-72379.886741	0.000300	0.406983
-72384.094447	0.000203	0.408030
-72388.638219	0.000259	0.409229
-72393.317023	0.000253	0.400686
-72398.868949	0.000425	0.411022
-72406.035199	0.000294	0.393095
-72414.442498	0.000147	0.397012
-72423.020996	0.000259	0.395137
-72429.213101	0.000141	0.402661
-72433.580152	0.000063	0.418018
-72438.442793	0.000256	0.408250
-72443.097240	0.000409	0.414739
-72448.500939	0.000447	0.409415
-72455.629679	0.000303	0.400652
-72463.951540	0.000194	0.402968
-72472.472759	0.000344	0.406678
-72478.139554	0.000591	0.404153
-72482.910951	0.000291	0.412051
-72487.504439	0.000453	0.410531
-72492.429074	0.000416	0.404456
-72498.224358	0.000344	0.399166
-72505.138622	0.000253	0.403723
-72513.608962	0.000516	0.416852
-72521.622918	0.000194	0.407905
-72527.763767	0.000247	0.406667
-72532.376285	0.000347	0.396470
-72536.761529	0.000538	0.396778
-72541.967372	0.000313	0.397317
-72547.180279	0.000163	0.402518
-72554.563476	0.000216	0.408608
-72563.247617	0.000547	0.419228
-72570.893710	0.000272	0.418491
-72576.848351	0.000369	0.412527
-72581.390379	0.000403	0.408587
-72585.876229	0.000256	0.405349
-72590.952605	0.000297	0.411445
-72596.480266	0.000094	0.404470
-72603.611407	0.000228	0.415663
-72611.965766	0.000500	0.417684
-72620.347703	0.000300	0.416885
-72625.611093	0.000484	0.408304
-72630.083615	0.000481	0.402581
-72635.200573	0.000313	0.410048
-72639.889272	0.000163	0.409919
-72646.281876	0.000381	0.408285
-72653.173420	0.000219	0.396901
-72661.367460	0.000694	0.401450
-72669.478004	0.000413	0.398853
-72675.152304	0.000472	0.396707
-72679.856778	0.000313	0.411180
-72684.641055	0.000259	0.418581
-72689.775501	0.000350	0.422700
-72695.016603	0.000303	0.418168
-72701.976484	0.000350	0.401899
-72710.058598	0.000113	0.413456
-72717.943046	0.000488	0.415571
-72723.641938	0.000197	0.411998
-72728.604186	0.000344	0.413300
-72733.705922	0.000538	0.413228
-72738.594701	0.000434	0.407416
-72744.257484	0.000384	0.402732
-72751.165055	0.000372	0.399132
-72759.629886	0.000194	0.390645
-72767.576701	0.000313	0.404797
-72773.505588	0.000228	0.405048
-72778.310854	0.000275	0.392577
-72783.202308	0.000231	0.393233
-72787.831877	0.000563	0.400718
-72792.927787	0.000384	0.392074
-72800.001234	0.000284	0.408799
-72808.831425	0.000231	0.420771
-72816.316823	0.000250	0.414567
-72822.497138	0.000359	0.402388
-72827.157508	0.000500	0.409767
-72831.868069	0.000544	0.420549
-72836.712466	0.000472	0.408867
-72842.277167	0.000138	0.406628
-72849.508876	0.000294	0.418265
-72857.962000	0.000588	0.414069
-72866.023504	0.000328	0.414635
-72871.883703	0.000225	0.404906
-72876.756281	0.000434	0.408424
-72881.279284	0.000347	0.409292
-72885.977284	0.000322	0.412121
-72891.177307	0.000431	0.410535
-72897.961058	0.000591	0.385509
-72906.586200	0.000328	0.399432
-72914.698606	0.000484	0.394589
-72920.867752	0.000400	0.391771
-72925.880719	0.000350	0.409552
-72930.540864	0.000269	0.406010
-72935.191425	0.000219	0.409293
-72939.743905	0.000528	0.411400
-72946.907489	0.000234	0.407427
-72956.205353	0.000359	0.408094
-72963.987999	0.000169	0.412402
-72970.557322	0.000409	0.414442
-72975.710067	0.000344	0.414326
-72979.517364	0.000300	0.416313
-72984.549219	0.000481	0.410395
-72988.268261	0.000431	0.404798
-72995.951078	0.000588	0.397454
-73004.353968	0.000247	0.403132
-73013.331844	0.000319	0.401676
-73019.551822	0.000316	0.407168
-73024.356247	0.000166	0.393747
-73028.742686	0.000281	0.395714
-73032.543852	0.000578	0.405236
-73037.500678	0.000369	0.392988
-73044.955485	0.000506	0.413868
-73054.114716	0.000272	0.421795
-73063.011489	0.000366	0.420695
-73069.037862	0.000491	0.410852
-73073.961156	0.000416	0.411511
-73078.307912	0.000272	0.415513
-73081.904808	0.000294	0.413683
-73087.318113	0.000491	0.413267
-73093.922152	0.000222	0.420357
-73104.206197	0.000247	0.414744
-73111.762736	0.000141	0.408938
-73118.592241	0.000216	0.407570
-73122.687561	0.000191	0.402038
-73127.181879	0.000244	0.410521
-73130.747206	0.000372	0.409767
-73136.296317	0.000231	0.412447
-73143.301679	0.000041	0.403387
-73153.255734	0.000500	0.405100
-73161.296859	0.000128	0.405408
-73167.935943	0.000378	0.403552
-73172.438863	0.000388	0.411420
-73176.372771	0.000566	0.416551
-73180.558376	0.000116	0.413871
-73185.377508	0.000328	0.406738
-73192.962189	0.000253	0.409043
-73201.854602	0.000222	0.419058
-73210.932549	0.000491	0.417909
-73216.727285	0.000509	0.422113
-73221.276481	0.000356	0.421498
-73224.923878	0.000450	0.423252
-73229.020926	0.000438	0.408817
-73233.687191	0.000447	0.406550
-73241.772834	0.000475	0.409135
-73250.972927	0.000366	0.414487
-73260.266527	0.000525	0.418160
-73265.691174	0.000406	0.419507
-73271.005651	0.000506	0.405694
-73274.267006	0.000247	0.401780
-73278.640289	0.000531	0.399683
-73283.502570	0.000313	0.406866
-73291.865103	0.000575	0.416895
-73301.166673	0.000338	0.418462
-73309.429660	0.000500	0.419586
-73314.898403	0.000534	0.409845
-73318.493677	0.000256	0.415237
-73322.685533	0.000522	0.411899
-73326.797964	0.000503	0.418004
-73332.796921	0.000478	0.414982
-73340.685429	0.000463	0.423441
-73350.362200	0.000097	0.425106
-73358.077828	0.000244	0.417707
-73364.036935	0.000381	0.406800
-73368.145826	0.000359	0.406799
-73372.837824	0.000381	0.416003
-73376.895162	0.000281	0.415045
-73383.177897	0.000366	0.411556
-73390.622897	0.000509	0.396368
-73400.119969	0.000241	0.398705
-73407.256062	0.000156	0.401091
-73412.838870	0.000213	0.404771
-73416.740391	0.000291	0.406122
-73420.998451	0.000438	0.410260
-73425.376283	0.000369	0.421113
-73431.231741	0.000388	0.417964
-73439.222512	0.000225	0.417280
-73448.732728	0.000569	0.413995
-73457.107995	0.000113	0.426514
-73462.363811	0.000513	0.417724
-73466.978073	0.000494	0.426875
-73470.208176	0.000319	0.423475
-73475.753891	0.000200	0.407390
-73481.368501	0.000100	0.403335
-73490.059817	0.000441	0.401528
-73498.948209	0.000369	0.407254
-73506.649531	0.000341	0.411004
-73511.175778	0.000388	0.418256
-73514.933777	0.000475	0.406374
-73519.107315	0.000184	0.403406
-73523.952339	0.000228	0.397280
-73530.154483	0.000625	0.398403
-73538.801722	0.000413	0.419105
-73547.997213	0.000656	0.418002
-73555.455412	0.000309	0.415668
-73560.324181	0.000328	0.412769
-73564.179092	0.000291	0.410668
-73569.294051	0.000463	0.410610
-73573.840519	0.000425	0.413654
-73581.234017	0.000319	0.424296
-73588.489509	0.000156	0.421862
-73598.587394	0.000378	0.421928
-73604.014006	0.000328	0.423329
-73609.182351	0.000388	0.408255
-73613.028259	0.000131	0.406568
-73618.063075	0.000275	0.409517
-73623.301191	0.000241	0.401791
-73629.451571	0.000450	0.412087
-73638.096051	0.000331	0.398244
-73645.976290	0.000194	0.396276
-73653.515245	0.000169	0.402535
-73658.293130	0.000197	0.401575
-73663.148026	0.000281	0.414433
-73667.870676	0.000356	0.418553
-73673.541911	0.000231	0.410005
-73679.566739	0.000409	0.415798
-73688.172691	0.000356	0.420754
-73695.915987	0.000334	0.413167
-73703.315482	0.000303	0.415100
-73707.769159	0.000284	0.425282
-73712.033929	0.000494	0.427931
-73716.880286	0.000216	0.416923
-73721.795456	0.000203	0.415583
-73728.287576	0.000341	0.412241
-73736.422779	0.000459	0.408368
-73745.767936	0.000172	0.413192
-73752.111765	0.000284	0.411085
-73757.329568	0.000306	0.411471
-73760.931555	0.000475	0.399556
-73766.259641	0.000303	0.388965
-73771.746467	0.000378	0.394230
-73779.164422	0.000384	0.397909
-73786.778624	0.000472	0.412107
-73795.733286	0.000200	0.415820
-73801.784213	0.000531	0.418085
-73806.121545	0.000506	0.411588
-73810.398052	0.000278	0.409956
-73815.554479	0.000363	0.409866
-73821.223528	0.000153	0.406209
-73827.782491	0.000278	0.410544
-73835.974882	0.000553	0.417103
-73844.265907	0.000322	0.415520
-73850.209552	0.000294	0.411669
-73855.102203	0.000459	0.399055
-73859.750350	0.000438	0.401171
-73865.523316	0.000316	0.409366
-73871.404110	0.000216	0.405907
-73878.077511	0.000209	0.407118
-73886.114258	0.000488	0.398702
-73894.016976	0.000600	0.402869
-73900.392975	0.000516	0.405040
-73905.117662	0.000334	0.397838
-73910.049729	0.000319	0.403907
-73915.170980	0.000144	0.411937
-73920.621217	0.000416	0.412230
-73926.472065	0.000313	0.409382
-73934.552636	0.000072	0.402402
-73942.592747	0.000197	0.419283
-73949.405699	0.000263	0.411980
-73954.364895	0.000353	0.405828
-73959.561264	0.000394	0.413137
-73964.790850	0.000456	0.416518
-73970.107247	0.000206	0.407794
-73976.431529	0.000456	0.406034
-73984.693733	0.000247	0.407321
-73993.206962	0.000275	0.414834
-73999.998838	0.000306	0.410295
-74004.535958	0.000122	0.409902
-74009.532092	0.000119	0.391650
-74013.813774	0.000288	0.385661
-74018.666345	0.000441	0.396291
-74025.114431	0.000453	0.393641
-74033.672272	0.000409	0.414391
-74042.169429	0.000313	0.413791
-74048.271305	0.000363	0.418270
-74053.819553	0.000366	0.416162
-74058.035341	0.000322	0.405827
-74063.599098	0.000247	0.402684
-74068.533545	0.000409	0.413308
-74075.746232	0.000581	0.404616
-74084.039863	0.000441	0.407580
-74092.536022	0.000147	0.418297
-74098.496698	0.000428	0.420031
-74104.021575	0.000381	0.410061
-74108.818327	0.000513	0.406102
-74113.482029	0.000400	0.412099
-74118.013948	0.000488	0.404903
-74123.927712	0.000181	0.404690
-74132.330199	0.000503	0.391681
-74141.239504	0.000197	0.390236
-74148.148940	0.000113	0.396445
-74153.413995	0.000322	0.403029
-74158.380506	0.000234	0.407180
-74162.641278	0.000200	0.415237
-74167.721290	0.000450	0.412979
-74173.694783	0.000328	0.417410
-74182.726926	0.000531	0.411062
-74191.759351	0.000325	0.408184
-74198.949484	0.000247	0.415260
-74203.992488	0.000272	0.411834
-74208.364358	0.000375	0.407018
-74212.151564	0.000231	0.406932
-74216.818684	0.000406	0.415019
-74223.188301	0.000450	0.415835
-74232.193085	0.000722	0.404537
-74241.078071	0.000444	0.407127
-74247.982488	0.000300	0.406203
-74253.196394	0.000519	0.411779
-74257.557381	0.000363	0.396553
-74262.078261	0.000416	0.399022
-74266.879327	0.000216	0.398345
-74273.672167	0.000144	0.410195
-74282.426289	0.000144	0.415267
-74291.805352	0.000178	0.416386
-74298.595095	0.000413	0.419922
-74303.696482	0.000488	0.406255
-74308.314780	0.000425	0.410781
-74311.556016	0.000384	0.410725
-74316.764928	0.000578	0.415675
-74323.057311	0.000175	0.414985
-74332.190656	0.000541	0.418699
-74341.345506	0.000656	0.412434
-74347.117556	0.000278	0.406585
-74348.579245	0.000284	0.413569
-74343.436087	0.000416	0.394204
-74337.056451	0.000247	0.406629
-74333.623310	0.000347	0.409825
-74334.070004	0.000256	0.404577
-74339.124578	0.000391	0.401305
-74342.789511	0.000291	0.396666
-74344.819051	0.000306	0.400411
-74342.691653	0.000288	0.398260
-74338.969933	0.000281	0.404656
-74336.560590	0.000272	0.409858
-74336.208848	0.000319	0.408743
-74338.923259	0.000297	0.411599
-74341.268735	0.000231	0.415337
-74342.624024	0.000088	0.408370
-74341.425624	0.000128	0.412906
-74339.181837	0.000494	0.422036
-74337.896259	0.000213	0.413912
-74337.950864	0.000303	0.411940
-74339.082712	0.000269	0.407054
-74340.589974	0.000444	0.405329
-74340.884624	0.000403	0.398263
-74340.476445	0.000416	0.408215
-74339.259489	0.000081	0.407037
-74338.633172	0.000428	0.407800
