-66022.337275	0.000363	0.403750
-66025.824746	0.000469	0.400099
-66029.432893	0.000322	0.406280
-66030.842048	0.000353	0.400440
-66032.559648	0.000097	0.405796
-66033.369285	0.000303	0.394919
-66035.876896	0.000325	0.387240
-66037.453692	0.000300	0.395589
-66040.166114	0.000175	0.396380
-66042.372520	0.000425	0.397561
-66044.149344	0.000406	0.390115
-66046.417773	0.000066	0.383622
-66047.556663	0.000488	0.392762
-66049.773348	0.000319	0.387656
-66051.481211	0.000222	0.399609
-66055.895426	0.000484	0.405348
-66058.648938	0.000597	0.399820
-66061.788930	0.000144	0.404984
-66063.218367	0.000434	0.397816
-66064.627189	0.000325	0.391613
-66065.516475	0.000172	0.404010
-66067.728551	0.000213	0.404977
-66069.682849	0.000194	0.400530
-66072.842710	0.000506	0.403464
-66074.518051	0.000178	0.400302
-66077.723591	0.000475	0.392800
-66079.443826	0.000309	0.384105
-66081.720474	0.000231	0.390594
-66083.205385	0.000453	0.399379
-66085.936894	0.000222	0.391378
-66086.808546	0.000247	0.388209
-66088.776333	0.000250	0.393858
-66090.541546	0.000278	0.392046
-66092.823244	0.000238	0.385507
-66095.001080	0.000328	0.397614
-66097.334670	0.000241	0.399884
-66100.159404	0.000194	0.412968
-66102.408811	0.000341	0.396770
-66105.389903	-0.000075	0.394701
-66107.415775	0.000275	0.392745
-66110.494507	0.000422	0.401299
-66111.744601	0.000363	0.401667
-66113.483839	0.000272	0.402403
-66115.137881	0.000416	0.402458
-66117.562894	0.000247	0.407064
-66119.512901	0.000303	0.396671
-66122.550040	0.000397	0.394139
-66124.643394	0.000472	0.389312
-66127.525646	0.000222	0.398930
-66129.700620	0.000178	0.394993
-66132.309963	0.000369	0.386074
-66134.073240	0.000359	0.384274
-66135.784239	0.000369	0.383947
-66137.016670	0.000441	0.390241
-66138.923776	0.000366	0.394560
-66140.963553	0.000394	0.407133
-66143.528361	0.000353	0.403895
-66145.727421	0.000288	0.403770
-66148.422559	0.000356	0.403890
-66150.594448	0.000319	0.395036
-66153.425261	0.000481	0.410306
-66156.599091	0.000503	0.408789
-66158.671851	0.000363	0.409767
-66160.863616	0.000175	0.409053
-66162.132419	0.000341	0.405274
-66163.799144	0.000225	0.396184
-66165.502319	0.000200	0.388827
-66167.931486	0.000281	0.389775
-66170.294208	0.000422	0.396501
-66172.342747	0.000141	0.399944
-66175.041655	0.000391	0.386849
-66177.234621	0.000203	0.378140
-66179.897689	0.000284	0.381881
-66181.769104	0.000466	0.391071
-66183.260889	0.000225	0.385590
-66185.037979	0.000228	0.394291
-66186.023831	0.000381	0.400650
-66188.511752	0.000381	0.400452
-66190.390334	0.000431	0.397035
-66193.454336	0.000531	0.397541
-66195.506191	0.000466	0.401406
-66198.861546	0.000147	0.401007
-66201.111654	0.000384	0.400986
-66203.723138	0.000275	0.400771
-66206.010280	0.000444	0.407036
-66207.901288	0.000363	0.397717
-66210.464320	0.000513	0.391957
-66211.082119	0.000522	0.402805
-66213.697023	0.000384	0.404826
-66215.192357	0.000434	0.402770
-66218.230886	0.000525	0.388218
-66220.395916	0.000291	0.386415
-66223.398849	0.000659	0.388011
-66226.180292	0.000250	0.393104
-66228.089044	0.000069	0.391324
-66230.419953	0.000425	0.402429
-66231.874793	0.000441	0.406211
-66233.422949	0.000378	0.400581
-66235.481631	0.000341	0.407158
-66237.281762	0.000284	0.405044
-66240.289964	0.000441	0.408269
-66241.814582	0.000156	0.405710
-66244.486044	0.000406	0.400875
-66247.144671	0.000263	0.404347
-66249.695858	0.000391	0.398750
-66252.917960	0.000091	0.392879
-66254.954323	0.000369	0.394210
-66257.624891	0.000263	0.392785
-66258.518279	0.000453	0.399983
-66260.349364	0.000519	0.402577
-66262.228711	0.000500	0.385795
-66264.583211	0.000456	0.381378
-66266.997544	0.000306	0.377384
-66268.956450	0.000534	0.382541
-66271.173480	0.000178	0.388819
-66273.759116	0.000428	0.399796
-66276.038284	0.000413	0.405988
-66278.647439	0.000250	0.407988
-66280.783053	0.000119	0.407937
-66281.926733	0.000116	0.403095
-66283.499249	0.000391	0.403526
-66285.143583	0.000225	0.402571
-66287.556595	0.000269	0.412650
-66289.793763	0.000294	0.409672
-66292.200256	0.000372	0.413526
-66295.003797	0.000350	0.404844
-66297.403460	0.000269	0.387986
-66300.223231	0.000359	0.387661
-66302.704663	0.000491	0.396082
-66304.919206	0.000331	0.394958
-66306.873120	0.000509	0.385161
-66308.160444	0.000325	0.384683
-66310.510325	0.000419	0.388559
-66312.468874	0.000422	0.389002
-66314.894721	0.000338	0.398410
-66317.338518	0.000356	0.408274
-66319.670475	0.000116	0.411036
-66322.263738	0.000366	0.403079
-66324.724651	0.000372	0.409096
-66327.727511	0.000256	0.401266
-66329.112032	0.000563	0.403818
-66331.374805	0.000422	0.404271
-66332.143751	0.000503	0.403309
-66334.081389	0.000344	0.400558
-66336.081804	0.000153	0.404410
-66338.585007	0.000347	0.404577
-66341.193051	0.000316	0.385440
-66343.622725	0.000438	0.394685
-66346.307470	0.000241	0.403654
-66349.227085	0.000503	0.406545
-66351.752378	0.000372	0.394914
-66354.210891	0.000500	0.389446
-66356.189741	0.000216	0.394366
-66357.421032	0.000334	0.390763
-66359.519200	0.000156	0.402021
-66361.050446	0.000322	0.400598
-66363.454386	0.000453	0.409002
-66365.762362	0.000588	0.413169
-66368.237579	0.000309	0.412088
-66370.961896	0.000281	0.397164
-66373.246287	0.000313	0.407424
-66375.697359	0.000306	0.402518
-66377.361846	0.000316	0.403683
-66379.309985	0.000484	0.409500
-66381.054734	0.000338	0.404856
-66382.248204	0.000009	0.395933
-66384.708399	0.000469	0.399397
-66386.830537	0.000175	0.402465
-66389.251298	-0.000066	0.403546
-66391.557348	0.000494	0.401485
-66394.147549	0.000416	0.397962
-66397.097811	0.000353	0.395741
-66399.510892	0.000347	0.391869
-66402.276404	0.000447	0.399157
-66404.119828	0.000219	0.400249
-66405.744533	0.000228	0.414487
-66407.218946	0.000300	0.406396
-66408.873215	0.000222	0.411250
-66412.102110	0.000319	0.413002
-66414.116882	0.000544	0.408078
-66416.782422	0.000519	0.408312
-66419.190694	0.000203	0.415373
-66421.569795	0.000159	0.407681
-66424.179909	0.000600	0.409928
-66426.315700	0.000334	0.415153
-66428.640221	0.000481	0.405858
-66429.941121	0.000466	0.398588
-66431.992314	0.000050	0.395377
-66433.076648	0.000328	0.408673
-66435.587280	0.000431	0.405058
-66438.104900	0.000338	0.400144
-66440.526952	0.000497	0.397323
-66444.109298	0.000353	0.396547
-66446.101388	0.000253	0.387986
-66448.894303	0.000456	0.402055
-66451.020233	0.000466	0.409513
-66453.607454	0.000213	0.412398
-66455.789494	0.000181	0.403232
-66457.294741	0.000491	0.409612
-66459.384718	0.000391	0.397801
-66460.786416	0.000316	0.401491
-66463.389815	0.000109	0.409407
-66465.212923	0.000425	0.403206
-66468.430201	0.000234	0.408798
-66470.895851	0.000188	0.409215
-66473.381549	0.000284	0.407421
-66476.004037	0.000300	0.395493
-66477.115711	0.000147	0.399459
-66478.971930	0.000406	0.410140
-66480.179505	0.000306	0.412764
-66482.475337	0.000225	0.402338
-66484.430363	0.000263	0.392708
-66486.972274	0.000531	0.383886
-66489.356628	0.000497	0.403975
-66491.644739	0.000344	0.389528
-66494.449756	0.000144	0.394559
-66496.819764	0.000316	0.402678
-66499.980504	0.000250	0.396003
-66501.967826	0.000294	0.402013
-66504.173162	0.000388	0.398082
-66505.434396	0.000319	0.403659
-66507.271323	0.000334	0.399298
-66509.295242	0.000088	0.406026
-66511.953560	0.000431	0.408584
-66514.561377	0.000306	0.409046
-66516.713032	0.000481	0.408520
-66519.205640	0.000347	0.402927
-66521.769295	0.000197	0.393325
-66523.740326	0.000184	0.395049
-66527.078890	0.000269	0.393251
-66527.799104	0.000266	0.393676
-66530.198798	0.000341	0.390233
-66530.945159	0.000394	0.378673
-66533.281302	0.000163	0.385940
-66535.675869	0.000334	0.392242
-66538.273595	0.000325	0.406097
-66540.718322	0.000306	0.403687
-66543.173579	0.000278	0.406355
-66546.609164	0.000375	0.407084
-66548.559748	0.000306	0.403879
-66552.163821	0.000488	0.412545
-66552.894161	0.000538	0.416844
-66555.817812	0.000097	0.413785
-66556.399767	0.000191	0.395302
-66559.479125	0.000069	0.401195
-66560.941381	0.000384	0.399028
-66563.964560	0.000472	0.395495
-66565.587450	0.000344	0.390721
-66568.293964	0.000325	0.393901
-66570.690938	0.000372	0.389939
-66573.018832	0.000356	0.386634
-66575.434048	0.000434	0.393754
-66577.508061	0.000334	0.388171
-66578.547729	0.000306	0.388629
-66580.203679	0.000366	0.398206
-66582.120648	0.000447	0.410069
-66584.122453	0.000394	0.405651
-66586.612407	0.000284	0.396383
-66588.992970	0.000281	0.414815
-66591.805395	0.000259	0.403565
-66594.142085	0.000341	0.406931
-66597.317566	0.000334	0.403658
-66598.964472	0.000256	0.396508
-66602.324452	0.000497	0.404617
-66602.910884	0.000250	0.399429
-66605.624186	0.000378	0.396114
-66606.495894	0.000406	0.390192
-66609.678260	0.000403	0.396493
-66611.268633	0.000409	0.395996
-66614.368987	0.000447	0.404433
-66616.755177	0.000188	0.396851
-66619.524313	0.000325	0.391831
-66622.013301	0.000359	0.392202
-66624.155089	0.000753	0.402879
-66626.395963	0.000247	0.387301
-66627.598000	0.000481	0.411004
-66629.353157	0.000491	0.409544
-66631.032649	0.000100	0.407186
-66633.400718	0.000213	0.395322
-66635.072169	0.000175	0.396039
-66638.200315	0.000400	0.397290
-66640.448296	0.000203	0.395973
-66643.807840	0.000388	0.403059
-66646.126599	0.000406	0.398936
-66649.480691	0.000425	0.404705
-66651.008484	0.000488	0.395755
-66653.502316	0.000444	0.397393
-66654.297380	0.000394	0.396710
-66657.202951	0.000297	0.402497
-66658.649455	0.000428	0.405768
-66661.321355	0.000256	0.398110
-66664.188925	0.000181	0.384705
-66665.633957	0.000291	0.388815
-66668.928507	0.000453	0.384849
-66670.830167	0.000397	0.395105
-66673.690071	0.000481	0.409505
-66675.639769	0.000184	0.402235
-66677.549338	0.000422	0.408280
-66678.824448	0.000566	0.399546
-66679.647377	0.000363	0.398833
-66681.815326	0.000306	0.400712
-66683.998420	0.000178	0.412251
-66686.950664	0.000453	0.420111
-66689.771284	0.000347	0.408367
-66692.113853	0.000159	0.412657
-66695.113993	0.000284	0.403913
-66696.639009	0.000219	0.393558
-66699.491752	0.000441	0.389500
-66701.110304	0.000347	0.401457
-66703.473864	0.000088	0.402007
-66704.778641	0.000403	0.395664
-66707.772515	0.000434	0.389038
-66709.518714	0.000278	0.387195
-66712.322784	0.000216	0.397072
-66714.194384	0.000219	0.403449
-66717.131819	0.000156	0.406969
-66719.837958	0.000253	0.400756
-66722.225208	0.000400	0.409778
-66724.378214	0.000391	0.409266
-66725.904361	0.000300	0.394706
-66727.358205	0.000441	0.408458
-66728.408599	0.000363	0.408555
-66730.829391	0.000328	0.406275
-66733.431910	0.000100	0.399320
-66735.917715	0.000263	0.412609
-66738.237784	0.000363	0.404852
-66741.021800	0.000356	0.398016
-66743.554643	0.000481	0.390194
-66746.501580	0.000191	0.402146
-66748.943742	0.000347	0.401263
-66751.558398	0.000447	0.391714
-66753.362212	0.000300	0.390098
-66754.421736	0.000256	0.392627
-66756.526031	0.000613	0.396822
-66759.116019	0.000488	0.393248
-66761.121952	0.000384	0.403470
-66764.231089	0.000303	0.407688
-66766.585579	0.000341	0.398987
-66768.904721	0.000475	0.402647
-66771.138533	0.000363	0.395975
-66772.939157	0.000300	0.388606
-66775.380277	0.000384	0.402891
-66776.827738	0.000331	0.412419
-66778.812832	0.000481	0.409670
-66779.982855	0.000459	0.405482
-66782.600402	0.000347	0.401788
-66784.348603	0.000213	0.396884
-66786.831383	0.000241	0.393227
-66789.909907	0.000369	0.407624
-66791.888929	0.000194	0.404690
-66795.562067	0.000400	0.400275
-66797.124809	0.000319	0.391034
-66799.866770	0.000434	0.386165
-66801.280879	0.000356	0.391941
-66803.304605	0.000100	0.404128
-66805.159859	0.000447	0.405646
-66807.845349	0.000606	0.404949
-66809.899751	0.000294	0.405621
-66812.280878	0.000203	0.398552
-66814.944140	0.000250	0.404658
-66817.344711	0.000131	0.411097
-66819.842234	0.000416	0.406788
-66822.456145	0.000328	0.410134
-66824.342544	0.000234	0.408380
-66825.835119	0.000303	0.408681
-66827.502316	0.000059	0.401303
-66828.458509	0.000325	0.393148
-66830.812950	0.000381	0.396914
-66833.111475	0.000463	0.400558
-66836.181151	0.000356	0.397316
-66838.362225	0.000297	0.389613
-66841.713701	0.000484	0.393185
-66843.609579	0.000284	0.385701
-66847.045398	0.000372	0.391773
-66848.627205	0.000231	0.391540
-66851.600513	0.000338	0.398551
-66852.859948	0.000553	0.409652
-66854.892388	0.000363	0.402224
-66856.814000	0.000250	0.398525
-66858.981749	0.000381	0.398117
-66861.727045	0.000322	0.401468
-66863.892522	0.000269	0.399065
-66866.878312	0.000347	0.409609
-66869.207631	0.000584	0.406393
-66871.714411	0.000322	0.402876
-66873.240595	0.000503	0.393785
-66875.125183	0.000306	0.391496
-66876.307449	0.000322	0.393985
-66878.043369	0.000275	0.403730
-66880.004196	0.000250	0.401573
-66882.282939	0.000706	0.390727
-66884.664251	0.000131	0.390802
-66886.678141	0.000422	0.383233
-66889.941104	0.000231	0.391071
-66892.515102	0.000600	0.386964
-66895.823336	0.000359	0.400064
-66897.481492	0.000331	0.397227
-66899.449774	0.000222	0.397159
-66901.259144	0.000347	0.402249
-66903.007518	0.000497	0.401053
-66905.387561	0.000566	0.406553
-66907.359302	0.000022	0.408255
-66910.475016	0.000500	0.402194
-66911.763183	0.000378	0.405394
-66915.304271	0.000263	0.402891
-66917.090586	0.000288	0.399108
-66920.366351	0.000359	0.391646
-66922.005954	0.000347	0.399564
-66923.965584	0.000144	0.392583
-66924.882473	0.000453	0.400052
-66926.632737	0.000178	0.391646
-66928.361658	0.000206	0.393722
-66931.535366	0.000572	0.384322
-66933.381451	0.000578	0.388659
-66936.447281	0.000406	0.389042
-66938.144457	0.000363	0.401446
-66941.461331	0.000331	0.394180
-66943.874980	0.000369	0.402881
-66946.993829	0.000178	0.401421
-66949.300097	0.000172	0.397309
-66950.619947	0.000356	0.396572
-66952.971802	0.000472	0.406501
-66953.696014	0.000263	0.403849
-66957.318539	0.000338	0.401143
-66958.788785	0.000300	0.399366
-66962.129592	0.000266	0.394911
-66964.037290	0.000150	0.390702
-66966.956665	0.000259	0.388865
-66968.576249	0.000463	0.394431
-66971.341757	0.000256	0.397065
-66972.958140	0.000397	0.388502
-66974.679764	0.000381	0.387659
-66976.031939	0.000144	0.384372
-66978.009177	0.000166	0.382368
-66980.114229	0.000288	0.390946
-66982.063215	0.000413	0.384907
-66984.786534	0.000394	0.394117
-66986.840567	0.000366	0.403709
-66990.192184	0.000550	0.389837
-66992.248495	0.000350	0.391210
-66995.349735	0.000381	0.402221
-66997.512720	0.000444	0.403001
-66999.483645	0.000338	0.398337
-67000.653119	0.000459	0.405913
-67003.277812	0.000216	0.402921
-67004.723851	0.000291	0.394731
-67007.799576	0.000281	0.396354
-67009.504894	0.000238	0.385765
-67012.788901	0.000463	0.401383
-67014.420532	0.000469	0.395615
-67017.712449	0.000400	0.392615
-67019.300718	0.000544	0.384644
-67021.681622	0.000428	0.385120
-67023.133214	0.000413	0.381318
-67024.225647	0.000469	0.391019
-67026.737972	0.000603	0.396860
-67028.202182	0.000366	0.395460
-67030.794351	0.000253	0.405360
-67032.616148	0.000725	0.391505
-67035.606321	0.000316	0.391133
-67038.329784	0.000347	0.391017
-67041.471440	0.000359	0.397504
-67044.350125	0.000428	0.402524
-67046.738252	0.000431	0.403698
-67048.673344	0.000494	0.402951
-67050.003211	0.000444	0.392131
-67051.495989	0.000444	0.385901
-67054.252511	0.000150	0.386049
-67056.267011	0.000275	0.401762
-67059.458537	0.000184	0.398623
-67061.101390	0.000122	0.387801
-67063.805705	0.000331	0.383503
-67066.274413	0.000644	0.378404
-67068.726143	0.000122	0.382964
-67071.198605	0.000484	0.386870
-67072.763243	0.000350	0.392069
-67074.019972	0.000341	0.405890
-67075.191455	0.000356	0.393659
-67077.223834	0.000369	0.398796
-67079.589342	0.000103	0.397558
-67081.981209	0.000397	0.408004
-67085.161442	0.000519	0.393934
-67087.180545	0.000428	0.394824
-67090.595541	0.000397	0.397502
-67092.186670	0.000078	0.398848
-67095.088354	0.000522	0.392527
-67096.790183	0.000413	0.389011
-67098.930361	0.000128	0.387736
-67100.370868	0.000384	0.397552
-67102.746275	0.000309	0.399265
-67104.947535	0.000378	0.384999
-67106.848826	0.000159	0.383162
-67109.592365	0.000422	0.391714
-67111.819751	0.000513	0.389249
-67114.928779	0.000272	0.393898
-67116.823599	0.000447	0.393017
-67119.190711	0.000481	0.402220
-67120.748125	0.000259	0.399711
-67122.133501	0.000303	0.394043
-67123.513503	0.000372	0.400684
-67125.749109	0.000159	0.399196
-67127.654598	0.000500	0.404616
-67130.747313	0.000569	0.393024
-67132.556806	0.000291	0.403984
-67135.659311	0.000241	0.401591
-67137.824639	0.000444	0.397921
-67141.402758	0.000347	0.386661
-67143.514015	0.000256	0.386437
-67146.298149	0.000106	0.398709
-67147.583462	0.000372	0.393562
-67149.045115	0.000338	0.394731
-67151.128052	0.000222	0.382158
-67153.543199	0.000322	0.384040
-67156.223441	0.000438	0.385584
-67158.474283	0.000347	0.386776
-67161.269822	0.000266	0.400354
-67163.184724	0.000313	0.396575
-67165.761059	0.000397	0.397559
-67168.017921	0.000431	0.388865
-67169.989854	0.000344	0.395543
-67172.140462	0.000447	0.394810
-67173.381353	0.000275	0.397842
-67175.058558	0.000428	0.402945
-67176.558969	0.000625	0.396971
-67179.120385	0.000347	0.393173
-67181.716164	0.000369	0.401703
-67184.184109	0.000347	0.395721
-67187.185016	-0.000031	0.388927
-67189.262633	0.000328	0.392915
-67192.325016	0.000225	0.393300
-67193.917267	0.000519	0.392438
-67196.386714	0.000172	0.387653
-67198.124625	0.000403	0.389115
-67199.882746	0.000513	0.391101
-67202.170505	0.000266	0.401017
-67204.330890	0.000403	0.397182
-67206.812663	0.000406	0.401388
-67208.772256	0.000250	0.395601
-67211.405836	0.000303	0.407625
-67214.352422	0.000400	0.390610
-67216.675372	0.000391	0.399626
-67218.416961	0.000172	0.404616
-67220.039002	0.000191	0.402051
-67221.052186	0.000391	0.396574
-67222.857732	0.000481	0.400122
-67224.440241	0.000169	0.398604
-67228.087581	0.000272	0.385770
-67229.588703	0.000263	0.384428
-67232.752836	0.000166	0.399498
-67234.543552	0.000284	0.394607
-67237.865839	0.000300	0.393891
-67240.110974	0.000309	0.390182
-67243.174213	0.000331	0.388401
-67245.155246	0.000384	0.382514
-67246.922267	0.000309	0.387406
-67248.650750	0.000434	0.396198
-67250.236036	0.000059	0.400760
-67253.135075	0.000213	0.394386
-67254.901004	0.000334	0.398290
-67257.705147	0.000319	0.399714
-67259.981144	0.000322	0.401983
-67263.006048	0.000038	0.401206
-67264.846685	0.000397	0.403911
-67267.560206	0.000363	0.392833
-67269.021671	0.000288	0.396758
-67270.561884	0.000259	0.395247
-67272.057374	0.000278	0.389283
-67274.071747	0.000197	0.379796
-67276.208096	0.000334	0.401362
-67278.749048	0.000363	0.395516
-67281.139727	0.000275	0.390628
-67283.773645	0.000413	0.384140
-67286.463591	0.000494	0.379485
-67288.946499	0.000209	0.394787
-67291.690478	0.000369	0.389809
-67294.249879	0.000338	0.395904
-67295.378667	0.000413	0.404632
-67297.366246	0.000516	0.403461
-67298.962209	0.000259	0.399793
-67300.859521	0.000519	0.397413
-67303.930309	0.000094	0.392871
-67305.570909	0.000316	0.404092
-67308.936333	0.000463	0.394289
-67310.316899	0.000334	0.407596
-67313.291990	0.000247	0.403665
-67315.162470	0.000406	0.405972
-67317.545662	0.000597	0.399813
-67319.031056	0.000303	0.389948
-67320.107611	0.000384	0.393366
-67322.475767	0.000163	0.391524
-67324.142723	0.000394	0.395948
-67326.811114	0.000375	0.383953
-67329.358622	0.000331	0.388107
-67331.575734	0.000284	0.386676
-67334.887074	0.000419	0.391455
-67337.127633	0.000441	0.397944
-67340.508627	0.000106	0.390387
-67342.373521	0.000466	0.397600
-67344.150282	0.000134	0.391541
-67345.797019	0.000434	0.394948
-67347.347591	0.000288	0.394649
-67349.900004	0.000134	0.397241
-67351.562587	0.000063	0.402207
-67354.916389	0.000300	0.394413
-67356.506411	0.000219	0.407839
-67359.499383	0.000531	0.404187
-67361.815542	0.000206	0.392964
-67364.238240	0.000341	0.384347
-67366.092809	0.000594	0.401318
-67368.296410	0.000200	0.403041
-67369.271375	0.000222	0.399018
-67371.335909	0.000213	0.376073
-67373.079233	0.000359	0.385751
-67375.425271	0.000328	0.386853
-67378.093152	0.000391	0.392023
-67380.432005	0.000297	0.400247
-67383.321739	0.000503	0.399860
-67385.637467	0.000444	0.400900
-67388.382723	0.000269	0.399687
-67390.335348	0.000569	0.389218
-67392.992269	0.000281	0.391262
-67394.254651	0.000163	0.392889
-67396.354042	0.000100	0.403597
-67397.927707	0.000341	0.398182
-67400.732475	0.000138	0.397469
-67402.163034	0.000294	0.397727
-67405.377462	0.000681	0.402994
-67407.052958	0.000106	0.383509
-67410.290342	0.000297	0.397958
-67412.001139	0.000334	0.401665
-67414.473395	0.000372	0.392034
-67416.549722	0.000359	0.385197
-67417.855615	0.000331	0.386035
-67419.669320	0.000300	0.381414
-67421.026519	0.000138	0.387386
-67423.945404	0.000272	0.397068
-67425.858696	0.000253	0.401164
-67428.269743	0.000450	0.400354
-67431.095277	0.000122	0.396154
-67433.636188	0.000313	0.395707
-67436.737335	0.000303	0.398002
-67438.977574	0.000138	0.408244
-67441.582848	0.000291	0.398261
-67443.512372	0.000281	0.401182
-67444.289165	0.000122	0.401705
-67446.348081	0.000172	0.397605
-67448.383139	0.000503	0.394239
-67451.050803	0.000341	0.391379
-67453.423294	0.000216	0.394751
-67455.546391	0.000431	0.395915
-67457.796334	0.000316	0.396627
-67459.996006	0.000272	0.382162
-67463.055637	0.000350	0.383999
-67464.736646	0.000359	0.393934
-67467.352106	0.000244	0.393126
-67467.901468	0.000363	0.392177
-67470.004604	0.000219	0.400742
-67471.149584	0.000444	0.402839
-67474.459218	0.000231	0.398127
-67476.354804	0.000203	0.394768
-67479.817634	0.000416	0.397241
-67482.071459	0.000225	0.392876
-67484.992752	0.000481	0.395436
-67487.606888	0.000178	0.392357
-67489.534789	0.000400	0.397807
-67491.435227	0.000322	0.391476
-67493.172511	0.000331	0.390017
-67494.690100	0.000147	0.388365
-67497.051969	0.000241	0.395306
-67499.263318	0.000469	0.404756
-67501.664354	0.000234	0.393988
-67503.561849	0.000438	0.387223
-67506.412793	0.000338	0.382824
-67508.807312	0.000500	0.385130
-67511.251581	0.000450	0.390057
-67513.414974	0.000488	0.397374
-67514.764490	0.000650	0.396525
-67516.605358	0.000466	0.400669
-67517.744256	0.000403	0.399417
-67519.983880	0.000303	0.384346
-67522.785254	0.000181	0.389556
-67524.703740	0.000422	0.408584
-67527.586157	0.000341	0.398694
-67529.683175	0.000497	0.402492
-67533.041015	0.000322	0.399276
-67534.892702	0.000481	0.400714
-67538.289617	0.000250	0.394426
-67539.562834	0.000356	0.390304
-67541.556188	0.000413	0.403787
-67543.009879	0.000291	0.401061
-67544.700374	0.000319	0.393375
-67547.447375	0.000263	0.383476
-67549.488846	0.000241	0.381662
-67551.978043	0.000416	0.388788
-67554.468491	0.000453	0.386751
-67557.071583	0.000319	0.394164
-67559.379329	0.000409	0.404908
-67561.453965	0.000331	0.400160
-67563.638917	0.000259	0.396501
-67564.742837	0.000331	0.399374
-67566.456762	0.000213	0.397827
-67568.591356	0.000450	0.400788
-67570.530509	0.000194	0.392799
-67573.254272	0.000197	0.395554
-67575.461052	0.000178	0.403403
-67578.448032	0.000306	0.386156
-67580.901631	0.000303	0.390440
-67583.466011	0.000309	0.385707
-67586.022933	0.000300	0.389919
-67588.146586	0.000303	0.402720
-67589.984741	0.000063	0.397102
-67591.314191	0.000256	0.388575
-67593.750662	0.000325	0.391346
-67595.720239	0.000384	0.392178
-67597.814989	0.000328	0.388856
-67600.489777	0.000672	0.400621
-67602.714224	0.000225	0.396388
-67604.943643	0.000456	0.404012
-67607.473930	0.000147	0.402758
-67610.330973	0.000516	0.400865
-67612.187060	0.000519	0.402833
-67613.744923	0.000197	0.414885
-67614.511670	0.000241	0.407591
-67616.654872	0.000228	0.401555
-67618.598029	0.000316	0.403339
-67621.579646	0.000259	0.406379
-67623.824219	0.000263	0.394035
-67626.456017	0.000363	0.397487
-67628.616840	0.000225	0.399078
-67631.640057	0.000422	0.398407
-67634.091051	0.000150	0.394329
-67636.597681	0.000478	0.388331
-67638.599426	0.000194	0.383119
-67640.193376	0.000175	0.390793
-67641.923017	0.000347	0.391302
-67643.958295	0.000234	0.400450
-67645.741991	0.000019	0.392192
-67648.226198	0.000416	0.406551
-67650.751878	0.000134	0.408359
-67653.436029	0.000281	0.395300
-67656.400326	0.000394	0.396250
-67658.434881	0.000038	0.405364
-67660.398294	0.000338	0.407884
-67661.894009	0.000500	0.406135
-67663.761759	0.000297	0.407478
-67664.897881	0.000538	0.396555
-67667.593045	0.000316	0.395315
-67669.808624	0.000325	0.388571
-67672.113159	0.000591	0.394918
-67674.092863	0.000313	0.401395
-67677.122257	0.000259	0.396075
-67680.286547	0.000313	0.386374
-67682.744200	0.000303	0.384285
-67685.877499	0.000478	0.378686
-67686.579552	0.000406	0.390777
-67688.900287	0.000156	0.391902
-67689.790278	0.000425	0.402382
-67692.355628	0.000366	0.402349
-67695.145629	0.000159	0.399131
-67697.294090	0.000359	0.390474
-67699.553704	0.000756	0.393573
-67701.467915	-0.000013	0.395698
-67703.992742	0.000281	0.400335
-67706.441622	0.000181	0.400575
-67709.075680	0.000334	0.400515
-67711.290365	0.000163	0.396001
-67712.290685	0.000166	0.403494
-67713.656447	0.000213	0.383418
-67715.115804	0.000113	0.395030
-67717.721445	0.000400	0.395909
-67720.356730	0.000294	0.393828
-67722.714935	0.000172	0.384906
-67725.782809	0.000375	0.386322
-67727.823623	0.000091	0.391860
-67730.804366	0.000497	0.385516
-67732.726526	0.000303	0.397386
-67735.308962	0.000147	0.403789
-67736.801502	0.000525	0.393951
-67738.748972	0.000444	0.398603
-67740.232943	0.000438	0.398077
-67742.516701	0.000347	0.395369
-67744.943824	-0.000009	0.399594
-67746.995787	0.000394	0.406704
-67750.102098	0.000253	0.401137
-67752.719461	0.000294	0.401124
-67754.836631	0.000431	0.397588
-67757.425968	0.000216	0.392677
-67758.874347	0.000384	0.381439
-67760.449577	0.000291	0.395555
-67762.227717	0.000438	0.386689
-67764.301140	0.000178	0.399099
-67766.010205	0.000366	0.387738
-67768.760996	0.000391	0.393542
-67770.626246	0.000344	0.388971
-67773.214332	0.000322	0.392181
-67776.401502	0.000166	0.401106
-67778.697796	0.000531	0.396652
-67782.078969	0.000341	0.403149
-67783.450230	0.000028	0.394126
-67785.994797	0.000203	0.389906
-67786.783439	0.000381	0.393108
-67789.340014	0.000291	0.398134
-67790.958055	0.000359	0.397206
-67793.603370	0.000653	0.402105
-67796.144757	0.000188	0.405121
-67798.391784	0.000316	0.396742
-67801.056772	0.000463	0.389001
-67803.003449	0.000484	0.384882
-67805.581170	0.000334	0.390189
-67807.562065	0.000238	0.396554
-67809.338489	0.000225	0.396651
-67810.584165	0.000413	0.381503
-67812.426106	0.000281	0.386796
-67814.170773	0.000528	0.385697
-67816.486872	0.000200	0.384344
-67819.238063	0.000188	0.399756
-67821.521673	0.000209	0.396069
-67824.173657	0.000172	0.395786
-67826.946732	0.000116	0.391529
-67829.311954	0.000081	0.398402
-67831.807672	0.000338	0.393322
-67833.681445	0.000256	0.405524
-67835.631597	0.000506	0.402483
-67836.970776	0.000359	0.402174
-67839.328817	0.000250	0.400679
-67840.979137	0.000288	0.394326
-67844.091193	0.000431	0.387596
-67846.190175	0.000238	0.390131
-67849.118829	0.000294	0.398193
-67851.534131	0.000409	0.398659
-67853.653585	0.000150	0.396866
-67855.872384	0.000356	0.381712
-67857.536954	0.000128	0.385045
-67859.332287	0.000156	0.392971
-67860.339343	0.000141	0.395162
-67862.917998	0.000166	0.399902
-67864.982874	0.000334	0.404279
-67866.944582	0.000306	0.399669
-67869.744826	0.000284	0.400513
-67871.920191	0.000191	0.391914
-67875.687407	0.000213	0.399189
-67877.722611	0.000259	0.398479
-67880.684783	0.000481	0.400381
-67882.657287	0.000303	0.395450
-67883.912497	0.000297	0.398395
-67885.660362	0.000422	0.391182
-67887.313788	0.000369	0.390396
-67890.270373	0.000366	0.383005
-67891.962109	0.000472	0.391553
-67895.084238	0.000291	0.392822
-67896.868400	0.000213	0.394792
-67899.605438	0.000372	0.382003
-67902.078408	0.000300	0.383222
-67904.320033	0.000203	0.385384
-67906.566978	0.000216	0.384827
-67907.978970	0.000413	0.397294
-67908.782011	0.000384	0.402385
-67910.403001	0.000475	0.395001
-67912.697937	0.000422	0.407893
-67915.213867	0.000350	0.400786
-67918.251676	0.000656	0.393528
-67920.197075	0.000409	0.398202
-67923.099846	0.000272	0.396703
-67925.160435	0.000309	0.396581
-67927.999545	0.000303	0.398876
-67930.300830	0.000284	0.399341
-67932.614455	0.000472	0.391036
-67933.576628	0.000272	0.385799
-67936.040779	0.000291	0.397709
-67936.939066	0.000372	0.397875
-67940.378389	0.000188	0.392585
-67941.813342	0.000247	0.389596
-67945.760346	0.000291	0.389546
-67947.232320	0.000359	0.394110
-67950.369426	0.000488	0.390715
-67952.533596	0.000097	0.399608
-67953.904479	0.000331	0.394886
-67956.024249	0.000344	0.400647
-67956.884535	0.000491	0.400590
-67959.334891	0.000216	0.395117
-67960.429545	0.000100	0.395627
-67963.705608	0.000334	0.398433
-67965.477564	0.000228	0.396369
-67968.225205	0.000513	0.398466
-67970.939735	0.000166	0.402016
-67973.734494	0.000272	0.395775
-67976.620151	0.000463	0.385666
-67978.885686	0.000284	0.397726
-67980.432853	0.000147	0.393237
-67982.805992	0.000184	0.397019
-67983.825739	0.000231	0.396393
-67986.515317	0.000381	0.386622
-67988.441568	0.000247	0.383761
-67991.153257	0.000188	0.394791
-67993.516222	0.000581	0.389709
-67995.819664	0.000319	0.404453
-67998.674539	0.000441	0.402735
-68000.235658	0.000384	0.406628
-68003.477306	0.000378	0.409507
-68003.806204	0.000397	0.391110
-68006.345030	0.000447	0.401680
-68007.073966	0.000481	0.404707
-68009.557048	0.000056	0.403329
-68011.875347	0.000134	0.395666
-68014.202871	0.000247	0.409450
-68016.575276	0.000378	0.398744
-68018.477457	0.000469	0.397884
-68022.037777	0.000291	0.387994
-68023.899935	0.000250	0.392107
-68027.443039	0.000609	0.401316
-68028.979008	0.000247	0.402703
-68031.442329	0.000169	0.394139
-68032.289877	0.000363	0.388447
-68034.619895	0.000450	0.384251
-68036.407113	0.000344	0.385986
-68039.043575	0.000413	0.397116
-68041.360204	0.000134	0.400113
-68044.114309	0.000494	0.400396
-68046.966615	0.000388	0.395178
-68049.002119	0.000272	0.400794
-68051.147738	0.000447	0.392510
-68052.666077	0.000366	0.402073
-68053.893593	0.000428	0.398398
-68055.562998	0.000319	0.401812
-68058.031373	0.000397	0.406080
-68060.074394	0.000366	0.405542
-68062.393578	0.000256	0.391657
-68064.218710	0.000513	0.391873
-68067.299028	0.000425	0.396465
-68070.062423	0.000428	0.391619
-68073.062448	0.000306	0.391645
-68075.685047	0.000463	0.384890
-68077.496139	0.000250	0.381404
-68078.856089	0.000278	0.388272
-68080.401805	0.000434	0.386595
-68083.147192	0.000294	0.399970
-68085.065969	0.000275	0.404077
-68088.352005	0.000328	0.401050
-68089.647676	0.000606	0.391706
-68092.537305	0.000359	0.403414
-68094.203565	0.000469	0.402209
-68097.530038	0.000191	0.401399
-68099.258149	0.000466	0.404262
-68102.144360	0.000403	0.408613
-68102.960699	0.000406	0.397816
-68104.207375	0.000334	0.400722
-68105.867681	0.000353	0.398172
-68108.000900	0.000472	0.388290
-68110.645051	0.000266	0.394221
-68112.837272	0.000338	0.402662
-68115.910961	0.000200	0.401145
-68117.880547	0.000238	0.385309
-68120.935113	0.000519	0.383793
-68123.129214	0.000259	0.388143
-68125.565769	0.000303	0.392357
-68127.867392	0.000153	0.396394
-68129.265527	0.000294	0.398529
-68131.100955	0.000428	0.403287
-68132.953091	0.000281	0.397254
-68135.269218	0.000413	0.402755
-68137.997343	0.000319	0.397889
-68140.406363	0.000394	0.411642
-68142.791267	0.000450	0.392824
-68145.367597	0.000363	0.402992
-68147.616625	0.000391	0.396605
-68149.754287	0.000291	0.397155
-68150.887852	0.000356	0.394354
-68152.968219	0.000231	0.392527
-68153.434260	0.000222	0.396689
-68156.120215	0.000150	0.395502
-68158.301394	0.000384	0.400907
-68161.275768	0.000163	0.384590
-68163.133133	0.000344	0.386822
-68166.145787	0.000250	0.397688
-68168.579629	0.000250	0.382239
-68171.451143	0.000394	0.397270
-68173.645733	0.000206	0.405472
-68175.834208	0.000488	0.407442
-68177.437231	0.000513	0.409572
-68179.140704	0.000163	0.395706
-68181.544250	0.000272	0.399888
-68183.650832	0.000288	0.413099
-68186.106331	0.000309	0.417579
-68188.365182	0.000306	0.409418
-68191.232337	0.000322	0.408857
-68193.559149	0.000381	0.409725
-68195.574455	0.000400	0.391725
-68197.926365	0.000191	0.389821
-68199.374089	0.000200	0.395710
-68201.217799	0.000409	0.401939
-68202.562841	0.000291	0.397734
-68204.533678	0.000372	0.387174
-68206.593443	0.000184	0.382816
-68209.372259	0.000291	0.393184
-68211.413435	0.000094	0.388967
-68214.429715	0.000600	0.394980
-68216.672407	0.000556	0.395988
-68219.717714	0.000456	0.400752
-68221.823032	0.000331	0.403811
-68224.687285	0.000197	0.395559
-68225.516460	0.000281	0.385211
-68228.214428	0.000238	0.407195
-68229.378068	0.000434	0.406474
-68232.028631	0.000466	0.401851
-68233.971158	0.000241	0.391131
-68236.477165	-0.000034	0.403904
-68238.787046	0.000200	0.394733
-68241.426119	0.000297	0.383316
-68243.766380	0.000356	0.399429
-68245.789075	0.000309	0.397379
-68248.109339	0.000238	0.396550
-68248.833533	0.000306	0.389290
-68250.762822	0.000363	0.382097
-68252.017848	0.000459	0.391310
-68254.728585	0.000234	0.387136
-68256.402827	0.000131	0.397375
-68259.402735	0.000659	0.406289
-68261.796205	0.000125	0.403053
-68264.673025	0.000250	0.401152
-68267.327519	0.000256	0.403520
-68270.194340	0.000403	0.389867
-68272.300884	0.000444	0.393209
-68274.071061	0.000391	0.395803
-68275.265726	0.000506	0.404740
-68277.741649	0.000184	0.408908
-68279.770616	0.000109	0.400750
-68282.488140	0.000234	0.391698
-68284.858160	0.000113	0.393708
-68286.929049	0.000347	0.398851
-68289.585927	0.000413	0.401456
-68291.712876	0.000225	0.397022
-68294.563667	0.000466	0.389978
-68296.060929	0.000156	0.388205
-68298.680038	0.000328	0.386795
-68298.678085	0.000338	0.394871
-68301.605566	0.000413	0.398956
-68302.511496	0.000319	0.404795
-68305.481361	0.000091	0.397888
-68307.819607	0.000228	0.395466
-68310.475958	0.000391	0.397401
-68313.489494	0.000375	0.398700
-68315.275706	0.000372	0.402091
-68318.473778	0.000406	0.402735
-68320.294510	0.000384	0.406573
-68323.033934	0.000291	0.395055
-68324.794410	0.000447	0.404760
-68326.109205	0.000447	0.391846
-68328.315662	0.000403	0.387878
-68329.938383	0.000556	0.392943
-68332.505021	0.000397	0.392642
-68335.151079	0.000272	0.393613
-68337.450479	0.000263	0.389579
-68340.294487	0.000519	0.384055
-68342.515102	0.000291	0.387330
-68344.598394	0.000125	0.393430
-68346.159148	0.000306	0.404695
-68347.390995	0.000547	0.395902
-68348.634624	0.000313	0.405211
-68350.759730	0.000250	0.396183
-68353.431652	0.000328	0.394042
-68355.800290	0.000297	0.385677
-68358.165796	0.000591	0.401354
-68360.635016	0.000378	0.408587
-68363.625194	0.000250	0.399182
-68366.194645	0.000238	0.408376
-68369.132175	0.000172	0.407084
-68370.843643	0.000463	0.394492
-68372.957578	0.000556	0.388321
-68374.200887	0.000334	0.396619
-68376.284145	0.000188	0.399509
-68378.805786	0.000231	0.394866
-68380.707767	0.000341	0.390192
-68383.956772	0.000606	0.386728
-68385.897988	0.000347	0.398951
-68389.255654	0.000322	0.393138
-68390.704937	0.000534	0.398249
-68393.376677	0.000409	0.411826
-68394.615573	0.000316	0.410573
-68396.352683	0.000466	0.403429
-68398.271923	0.000456	0.399520
-68399.751030	0.000225	0.398209
-68402.294320	0.000375	0.406707
-68404.347813	0.000497	0.404649
-68407.153336	0.000488	0.402000
-68409.492096	0.000169	0.409779
-68412.583664	0.000091	0.400419
-68414.947218	0.000141	0.395000
-68417.633958	0.000269	0.391334
-68419.853881	0.000291	0.396757
-68421.621755	0.000341	0.397297
-68423.085542	0.000244	0.397248
-68424.791075	0.000213	0.384895
-68426.912121	0.000250	0.389813
-68429.519847	0.000334	0.384785
-68431.719498	0.000594	0.389752
-68434.631186	0.000634	0.397226
-68436.614942	0.000363	0.400889
-68439.055493	0.000184	0.401096
-68441.060803	0.000384	0.397192
-68443.026308	0.000272	0.394298
-68444.500916	0.000444	0.398297
-68445.751290	0.000353	0.401698
-68448.006683	0.000313	0.411037
-68449.522387	0.000181	0.403666
-68452.141311	0.000331	0.408074
-68454.292370	0.000222	0.405935
-68457.747089	0.000203	0.391319
-68459.753230	0.000456	0.390211
-68463.197766	0.000225	0.393423
-68465.199512	0.000241	0.400353
-68467.498968	0.000253	0.398914
-68469.691003	0.000522	0.382801
-68470.747948	0.000500	0.377758
-68473.498120	0.000259	0.384187
-68474.489467	0.000056	0.385805
-68477.857111	0.000328	0.396369
-68479.606595	0.000103	0.399905
-68482.729845	0.000419	0.405157
-68484.914823	0.000259	0.404306
-68487.653977	0.000225	0.402617
-68489.662060	0.000325	0.400863
-68491.997541	0.000300	0.400192
-68493.624386	0.000306	0.400993
-68494.773544	0.000269	0.400525
-68496.682834	0.000450	0.399669
-68499.214016	0.000375	0.406251
-68500.893953	0.000356	0.390932
-68503.861388	0.000131	0.393435
-68505.701320	0.000325	0.391984
-68508.901198	0.000506	0.399025
-68511.917969	0.000484	0.399503
-68514.065280	0.000272	0.380977
-68517.093629	0.000550	0.379635
-68518.014479	0.000278	0.381848
-68520.656628	0.000331	0.386918
-68521.243045	0.000500	0.395003
-68524.384989	0.000113	0.396530
-68525.895309	0.000213	0.396388
-68528.354341	0.000431	0.395070
-68530.739424	0.000341	0.388912
-68532.874089	0.000141	0.392859
-68535.878297	0.000303	0.399224
-68537.650962	0.000400	0.396942
-68540.390888	0.000478	0.400822
-68541.941147	0.000375	0.399193
-68543.425319	0.000319	0.398924
-68544.530975	0.000459	0.396463
-68546.287692	0.000481	0.380037
-68549.133975	0.000344	0.393782
-68551.203219	0.000256	0.400986
-68554.133041	0.000572	0.400096
-68556.650916	0.000256	0.388876
-68559.164966	0.000322	0.389379
-68562.244962	0.000481	0.386470
-68564.153861	0.000472	0.387177
-68566.976877	0.000313	0.398197
-68567.899603	0.000266	0.401265
-68570.120102	0.000438	0.401605
-68571.579387	0.000350	0.404317
-68574.584142	0.000366	0.393811
-68576.183575	0.000269	0.399923
-68579.169047	0.000584	0.399319
-68581.389686	0.000353	0.393945
-68584.256026	0.000447	0.400964
-68586.819353	0.000272	0.392763
-68588.689109	0.000509	0.395539
-68590.873392	0.000278	0.401554
-68592.020354	0.000125	0.380004
-68593.954297	-0.000041	0.388994
-68595.522337	0.000253	0.398116
-68597.989199	0.000484	0.398838
-68600.248107	0.000197	0.390002
-68602.568715	0.000322	0.381528
-68605.579196	0.000322	0.387353
-68608.008588	0.000272	0.400284
-68611.336592	0.000375	0.402827
-68613.447199	0.000213	0.394961
-68615.804415	0.000431	0.395996
-68617.612479	0.000353	0.399180
-68618.648062	0.000428	0.397768
-68621.112722	0.000381	0.399092
-68622.889631	0.000484	0.403836
-68625.403960	0.000256	0.404892
-68627.215251	0.000381	0.400600
-68629.688511	0.000219	0.400011
-68632.259717	0.000353	0.396892
-68634.746197	0.000347	0.395002
-68637.716260	0.000300	0.377298
-68638.989218	0.000306	0.390829
-68640.650151	0.000600	0.400180
-68641.826594	0.000331	0.401506
-68643.606099	0.000297	0.381099
-68645.808408	0.000206	0.383041
-68648.378264	0.000328	0.385949
-68650.756757	0.000375	0.395106
-68653.247337	0.000256	0.399984
-68656.134766	0.000253	0.402590
-68658.634695	0.000250	0.402063
-68661.478683	0.000172	0.393570
-68663.460280	0.000188	0.392530
-68665.361002	0.000316	0.395468
-68667.126587	0.000306	0.407186
-68668.721667	0.000366	0.397539
-68671.094171	0.000425	0.404379
-68672.925372	0.000459	0.402941
-68675.958356	0.000106	0.404812
-68677.632344	0.000356	0.399081
-68680.861374	0.000181	0.392689
-68682.882657	0.000369	0.397004
-68685.737874	0.000269	0.397123
-68687.642418	0.000444	0.397293
-68689.931493	0.000166	0.392464
-68690.926801	0.000303	0.396360
-68692.756660	0.000344	0.387055
-68694.992590	0.000241	0.398198
-68696.882713	0.000456	0.401847
-68699.855106	0.000619	0.402488
-68702.071109	0.000209	0.397167
-68704.593962	0.000447	0.397192
-68707.643917	0.000656	0.393845
-68709.524375	0.000275	0.389503
-68712.928654	0.000641	0.390757
-68714.179985	0.000172	0.398356
-68716.613726	0.000188	0.407948
-68717.794355	0.000138	0.400500
-68719.596224	0.000144	0.399183
-68722.068921	0.000278	0.397116
-68723.801795	0.000272	0.390271
-68726.466462	0.000116	0.389477
-68728.631471	0.000353	0.401028
-68731.878620	0.000400	0.399643
-68733.961176	0.000466	0.384503
-68736.543203	0.000544	0.390289
-68738.054898	0.000491	0.387040
-68739.000808	0.000625	0.392060
-68740.527446	0.000266	0.403127
-68742.923410	0.000419	0.409379
-68744.976877	0.000400	0.404229
-68747.565384	0.000359	0.399591
-68749.813949	0.000225	0.399537
-68752.280898	0.000175	0.405337
-68754.847603	0.000516	0.407591
-68757.716745	0.000531	0.410070
-68760.457032	0.000225	0.403940
-68762.842605	0.000350	0.405900
-68764.347943	0.000456	0.394181
-68765.694468	0.000319	0.395037
-68768.162004	0.000525	0.395231
-68769.766219	0.000553	0.393406
-68772.501278	0.000256	0.399502
-68774.600038	0.000528	0.392493
-68777.414874	0.000197	0.383624
-68779.813206	0.000272	0.382408
-68782.231163	0.000397	0.385149
-68784.817892	0.000316	0.387923
-68786.475137	0.000528	0.408593
-68788.445717	0.000331	0.403740
-68789.574326	0.000294	0.397863
-68791.636121	0.000256	0.395920
-68793.673326	0.000319	0.401701
-68796.344002	0.000363	0.395622
-68798.646128	0.000453	0.403252
-68801.167924	0.000181	0.411021
-68804.026175	0.000350	0.410881
-68806.738238	0.000350	0.409995
-68809.563370	0.000456	0.405047
-68811.572661	0.000297	0.405951
-68813.853016	0.000372	0.403223
-68814.826495	0.000263	0.400173
-68816.762350	-0.000019	0.403394
-68818.817808	0.000209	0.395666
-68821.228184	0.000247	0.392858
-68823.760744	0.000328	0.380756
-68825.954757	0.000213	0.381818
-68828.336039	0.000478	0.382683
-68830.859811	0.000169	0.392644
-68833.140145	0.000556	0.389420
-68835.571703	0.000463	0.398897
-68837.227789	0.000384	0.404840
-68838.878842	0.000216	0.391266
-68839.701706	0.000222	0.398406
-68842.478409	0.000338	0.405432
-68844.174702	0.000269	0.400271
-68847.079426	0.000234	0.403138
-68849.651030	0.000244	0.405088
-68852.097700	0.000306	0.402170
-68855.191238	0.000134	0.397137
-68857.190635	0.000538	0.388490
-68860.073491	0.000156	0.391776
-68861.318441	0.000178	0.400939
-68863.498716	0.000575	0.403152
-68864.529721	0.000259	0.387488
-68867.119784	0.000478	0.392690
-68869.441560	0.000431	0.392116
-68871.744854	0.000441	0.397909
-68874.132508	0.000206	0.399888
-68876.713539	0.000447	0.403922
-68879.058099	0.000481	0.411982
-68881.985664	0.000284	0.403933
-68883.666919	0.000328	0.399564
-68886.197857	0.000213	0.395241
-68887.188011	0.000297	0.405905
-68889.477216	0.000200	0.401633
-68890.489856	0.000266	0.399977
-68893.722630	0.000166	0.404438
-68895.304068	0.000216	0.408197
-68898.076083	0.000184	0.392823
-68901.035001	0.000300	0.385626
-68903.458466	0.000303	0.391246
-68906.727773	0.000219	0.390246
-68908.507517	0.000297	0.399430
-68911.440581	0.000225	0.381627
-68912.425580	0.000519	0.391667
-68914.619370	0.000256	0.381006
-68915.860836	0.000294	0.376544
-68918.734527	0.000325	0.408839
-68920.891577	0.000563	0.397604
-68923.426947	0.000338	0.400083
-68925.933705	0.000175	0.407212
-68928.037862	0.000394	0.400906
-68930.730382	0.000444	0.395811
-68932.910349	0.000456	0.398896
-68934.885061	0.000156	0.406878
-68936.606863	0.000366	0.408161
-68937.799179	0.000247	0.407788
-68939.649850	0.000253	0.415855
-68941.275909	0.000316	0.391869
-68944.420794	0.000675	0.394906
-68946.232586	0.000359	0.395303
-68949.282008	0.000406	0.398579
-68951.775167	0.000125	0.395821
-68954.155843	0.000275	0.380347
-68957.374394	0.000391	0.384965
-68958.782183	0.000522	0.387530
-68961.138361	0.000469	0.382212
-68962.894859	0.000256	0.391162
-68964.538544	0.000322	0.394910
-68966.708182	0.000431	0.390757
-68968.977538	0.000344	0.395621
-68971.087842	0.000222	0.392143
-68973.760438	0.000341	0.398266
-68976.659591	0.000325	0.402624
-68978.764869	0.000200	0.401924
-68981.553222	0.000438	0.404080
-68983.169559	0.000381	0.419979
-68984.976664	0.000313	0.405592
-68986.636546	0.000241	0.404585
-68988.456577	0.000456	0.389029
-68990.415984	0.000334	0.394831
-68992.278012	0.000256	0.396874
-68995.722385	0.000141	0.395267
-68997.408794	0.000316	0.390689
-69000.899969	0.000513	0.395501
-69002.971157	0.000253	0.392784
-69006.403658	0.000497	0.395485
-69008.482258	0.000497	0.405125
-69010.915199	0.000266	0.410577
-69012.231226	0.000175	0.394662
-69013.878485	0.000303	0.407534
-69015.618844	0.000203	0.396406
-69018.301315	0.000313	0.393363
-69020.877103	0.000113	0.400355
-69022.941429	0.000325	0.402580
-69025.822127	0.000428	0.397631
-69028.003829	0.000528	0.403110
-69030.562354	0.000372	0.397390
-69032.759238	0.000550	0.394283
-69034.462714	0.000272	0.385297
-69035.726879	0.000153	0.398269
-69037.103868	0.000475	0.395409
-69038.899030	0.000500	0.407119
-69041.780268	0.000431	0.384390
-69043.316009	0.000413	0.378796
-69046.858729	0.000366	0.385272
-69048.078326	0.000322	0.377035
-69052.057027	0.000309	0.395823
-69053.821236	0.000406	0.400679
-69056.647702	0.000188	0.405536
-69058.702152	0.000513	0.401851
-69059.990447	0.000347	0.404453
-69062.064014	0.000459	0.396046
-69063.866499	0.000213	0.412567
-69066.618071	0.000497	0.412709
-69068.738205	0.000528	0.407175
-69070.974707	0.000381	0.408309
-69073.563277	0.000331	0.411647
-69076.449700	0.000438	0.395546
-69078.677117	0.000263	0.401711
-69081.174039	0.000469	0.401218
-69083.304387	0.000513	0.411278
-69084.473158	0.000103	0.404617
-69085.813038	0.000406	0.376217
-69087.785928	0.000297	0.381941
-69090.105915	0.000122	0.380649
-69092.518544	0.000347	0.379383
-69095.185019	0.000438	0.387225
-69097.943207	0.000200	0.393291
-69100.329951	0.000497	0.396981
-69103.188761	0.000259	0.392783
-69105.376407	0.000428	0.384785
-69108.216933	0.000359	0.395008
-69109.742986	0.000363	0.401332
-69111.610562	0.000328	0.404254
-69113.688522	0.000413	0.408165
-69115.395353	0.000222	0.399135
-69118.096861	0.000331	0.412979
-69120.063086	0.000128	0.396042
-69123.257604	0.000216	0.393310
-69125.337461	0.000316	0.401175
-69127.925472	0.000225	0.408368
-69130.593859	0.000297	0.400925
-69132.154895	0.000403	0.391163
-69134.116635	0.000150	0.397728
-69134.508052	0.000447	0.391892
-69137.015383	0.000522	0.390685
-69138.577633	0.000338	0.397274
-69141.417256	0.000231	0.399643
-69143.583660	0.000350	0.404693
-69146.375532	0.000372	0.405553
-69148.518131	0.000488	0.396298
-69151.450690	0.000297	0.385159
-69153.940091	0.000419	0.393171
-69156.329576	0.000366	0.394017
-69158.533602	0.000369	0.398092
-69159.967051	0.000281	0.402944
-69161.720233	0.000169	0.396292
-69163.991585	0.000303	0.389512
-69165.942654	0.000225	0.393170
-69168.654395	0.000453	0.391932
-69171.075251	0.000278	0.393562
-69173.705358	0.000441	0.404424
-69176.382199	0.000194	0.393323
-69178.713803	0.000113	0.389165
-69180.765009	0.000428	0.386396
-69182.294638	0.000475	0.393837
-69184.247209	0.000213	0.401891
-69185.162338	0.000191	0.408685
-69187.848514	0.000341	0.405214
-69189.981551	0.000322	0.413715
-69192.372084	0.000206	0.406314
-69194.342647	0.000178	0.398867
-69197.536262	0.000184	0.404712
-69200.638541	0.000400	0.403378
-69203.428414	0.000297	0.403273
-69206.375325	0.000441	0.404446
-69207.488112	0.000491	0.398053
-69209.536904	0.000347	0.387428
-69210.436779	0.000378	0.391571
-69213.409033	0.000388	0.390247
-69215.544582	0.000322	0.389549
-69218.533779	0.000169	0.399095
-69220.559340	0.000216	0.387267
-69222.882994	0.000181	0.380677
-69225.420957	0.000178	0.380678
-69227.814806	0.000378	0.382205
-69230.193789	0.000453	0.397591
-69232.116267	0.000272	0.394303
-69233.392942	0.000066	0.401221
-69234.679549	0.000097	0.401983
-69236.180688	0.000319	0.394937
-69239.088304	0.000428	0.402512
-69240.937077	0.000413	0.412284
-69243.608841	0.000541	0.416089
-69246.303476	0.000247	0.409993
-69248.494518	0.000175	0.406201
-69251.755517	0.000391	0.400963
-69253.493761	0.000353	0.399761
-69256.405741	0.000150	0.386409
-69257.826609	0.000359	0.394905
-69259.695513	0.000175	0.395035
-69261.609907	0.000313	0.391565
-69263.587372	0.000556	0.380999
-69266.515680	0.000175	0.383495
-69268.164720	0.000225	0.383525
-69271.986900	0.000356	0.382405
-69273.876872	0.000303	0.389317
-69276.575678	0.000341	0.393833
-69278.525356	0.000509	0.396161
-69280.373550	0.000319	0.401760
-69282.320957	0.000422	0.398067
-69284.188546	0.000113	0.395134
-69285.226996	0.000384	0.408230
-69287.674834	0.000528	0.400830
-69289.495497	0.000384	0.397013
-69292.284995	0.000513	0.405725
-69294.483827	0.000441	0.408192
-69298.127873	0.000313	0.412999
-69300.192650	0.000416	0.399301
-69303.745815	0.000522	0.404793
-69305.051407	0.000253	0.410500
-69307.640889	0.000231	0.402872
-69309.077991	0.000269	0.398459
-69311.169686	0.000163	0.393305
-69313.497864	0.000416	0.392442
-69315.784682	0.000628	0.388986
-69318.604493	0.000272	0.404294
-69320.027094	0.000547	0.396471
-69323.240217	0.000344	0.388927
-69325.089046	0.000391	0.398577
-69328.477615	0.000066	0.388138
-69330.018115	0.000216	0.388705
-69332.294479	0.000466	0.390773
-69333.245652	0.000278	0.395603
-69334.506818	0.000472	0.404920
-69336.335712	0.000528	0.404550
-69338.666436	0.000275	0.392978
-69341.574677	0.000169	0.390871
-69343.759190	0.000450	0.390329
-69346.798411	0.000197	0.390961
-69349.182880	0.000144	0.393822
-69351.771691	0.000384	0.410601
-69354.257792	0.000297	0.393248
-69356.286319	0.000363	0.392395
-69358.092143	0.000350	0.393481
-69360.046801	0.000484	0.399283
-69361.701158	0.000141	0.403644
-69364.283636	0.000291	0.404577
-69366.459257	0.000338	0.410781
-69368.981765	0.000494	0.406492
-69371.591811	0.000416	0.397392
-69374.564185	0.000222	0.396812
-69376.551856	0.000197	0.399707
-69379.108577	0.000328	0.399866
-69380.440084	0.000491	0.404576
-69382.365028	0.000247	0.399014
-69383.816546	0.000425	0.395784
-69385.500125	0.000147	0.381175
-69388.135664	0.000209	0.377871
-69390.132779	0.000525	0.383373
-69392.569451	0.000294	0.388204
-69394.947213	0.000356	0.384631
-69398.282058	0.000303	0.375609
-69400.746067	0.000478	0.380710
-69403.767213	0.000591	0.382541
-69405.899766	0.000581	0.384911
-69407.408778	0.000356	0.402447
-69409.395383	0.000413	0.407273
-69411.025993	0.000622	0.411399
-69413.705159	0.000359	0.417412
-69416.146010	0.000116	0.398111
-69418.378758	0.000313	0.404027
-69421.372137	0.000294	0.419066
-69423.185486	0.000503	0.410839
-69426.103112	0.000213	0.421108
-69428.235732	0.000375	0.412338
-69430.247577	0.000241	0.406210
-69431.681604	0.000331	0.402751
-69432.809218	0.000031	0.395128
-69434.785958	0.000378	0.406195
-69436.843142	0.000400	0.408128
-69438.798956	0.000109	0.395177
-69441.902771	0.000438	0.385257
-69443.874576	0.000216	0.376017
-69447.666652	0.000294	0.376195
-69449.519860	0.000091	0.371991
-69452.994560	0.000213	0.373933
-69454.527211	0.000184	0.382108
-69456.268959	0.000322	0.387566
-69458.203038	0.000081	0.380270
-69460.123973	0.000425	0.382765
-69462.530478	0.000172	0.397415
-69464.702417	0.000344	0.405980
-69467.549761	0.000241	0.405153
-69469.093637	0.000350	0.402750
-69472.305464	0.000297	0.411186
-69474.108562	0.000366	0.423126
-69477.649211	0.000297	0.418588
-69479.021880	0.000359	0.415990
-69481.344127	0.000341	0.411593
-69481.818602	0.000238	0.414200
-69483.897388	0.000234	0.425125
-69485.304425	0.000434	0.407206
-69487.962480	0.000328	0.395656
-69490.755538	0.000519	0.406398
-69493.235405	0.000653	0.404211
-69496.149027	0.000372	0.397439
-69498.528851	0.000231	0.398542
-69501.385874	0.000369	0.394413
-69503.724405	0.000144	0.397086
-69506.167521	0.000259	0.378232
-69507.869890	0.000384	0.378578
-69509.772156	0.000284	0.387022
-69512.045728	0.000422	0.385394
-69514.039341	0.000428	0.383752
-69516.851108	0.000109	0.385577
-69519.055202	0.000206	0.387900
-69521.801913	0.000353	0.377273
-69524.622850	0.000300	0.383916
-69526.441136	0.000403	0.399509
-69529.347493	0.000309	0.399631
-69530.293489	0.000375	0.404443
-69531.979186	0.000384	0.392852
-69533.508409	0.000528	0.398549
-69535.184405	0.000184	0.400238
-69537.896259	0.000388	0.418250
-69539.662296	0.000316	0.422859
-69542.788815	0.000291	0.426762
-69544.851189	0.000472	0.431910
-69548.376023	0.000313	0.432043
-69550.309572	0.000278	0.425252
-69553.325463	0.000394	0.416703
-69555.183658	0.000675	0.416862
-69557.032393	0.000350	0.408317
-69558.758362	0.000272	0.410116
-69560.748396	0.000244	0.407232
-69563.075154	0.000213	0.392057
-69565.433552	0.000350	0.387899
-69567.671117	0.000278	0.379560
-69570.194143	0.000491	0.378717
-69572.687781	0.000509	0.386930
-69575.204971	0.000563	0.380654
-69577.382959	0.000541	0.365881
-69579.770396	0.000191	0.372167
-69580.829930	0.000422	0.365517
-69582.484355	0.000531	0.367858
-69584.389969	0.000278	0.376932
-69586.334127	0.000144	0.386406
-69588.873598	0.000088	0.395529
-69590.975712	0.000375	0.392297
-69593.942305	0.000191	0.395664
-69596.592362	0.000409	0.404810
-69599.395694	0.000288	0.420918
-69602.653805	0.000191	0.424137
-69604.061026	0.000466	0.423491
-69606.532083	0.000244	0.428995
-69607.446118	0.000450	0.435856
-69610.778987	0.000219	0.428532
-69612.019808	0.000484	0.426784
-69615.291149	0.000466	0.422267
-69616.691238	0.000384	0.418952
-69619.256278	0.000119	0.426786
-69621.874425	0.000494	0.398209
-69624.691164	0.000325	0.395207
-69627.679279	0.000194	0.391285
-69629.694350	0.000363	0.382697
-69631.103212	0.000256	0.390714
-69631.934117	0.000356	0.392270
-69633.713298	0.000356	0.378574
-69635.934613	0.000434	0.385801
-69638.562079	0.000253	0.374769
-69641.215700	0.000356	0.372546
-69644.134652	0.000153	0.373940
-69645.849192	0.000253	0.380455
-69649.201318	0.000225	0.379567
-69651.113234	0.000253	0.388689
-69654.415958	0.000475	0.393181
-69656.057372	0.000363	0.388963
-69658.515165	0.000428	0.391598
-69659.304307	-0.000038	0.398187
-69661.543400	0.000163	0.416075
-69663.295803	0.000291	0.418901
-69666.271115	0.000516	0.412262
-69668.624039	0.000247	0.416923
-69671.653662	0.000466	0.422230
-69674.210838	0.000416	0.436727
-69676.102424	0.000297	0.435489
-69678.747241	0.000428	0.448594
-69679.562047	0.000263	0.444693
-69681.995712	0.000338	0.431516
-69682.242842	0.000525	0.430107
-69685.493110	0.000516	0.412400
-69687.132309	0.000538	0.406236
-69689.956102	0.000528	0.410515
-69692.423835	0.000269	0.399150
-69695.143264	0.000172	0.387256
-69698.325753	0.000550	0.366497
-69700.648119	0.000025	0.362409
-69703.433269	0.000516	0.351558
-69705.614813	0.000338	0.355030
-69707.315797	0.000056	0.364392
-69709.140542	0.000459	0.371579
-69711.166808	0.000438	0.360013
-69713.653368	0.000413	0.358793
-69716.184906	0.000222	0.370887
-69718.326389	0.000263	0.384800
-69721.179332	0.000425	0.403915
-69723.348939	0.000434	0.413682
-69726.172566	0.000328	0.427327
-69727.726076	0.000347	0.430754
-69730.854874	0.000341	0.437831
-69731.262788	0.000222	0.431288
-69733.608977	0.000350	0.455704
-69734.925358	0.000528	0.455494
-69737.515395	0.000375	0.457359
-69739.750878	0.000344	0.454137
-69742.306194	0.000297	0.446773
-69745.300519	0.000238	0.437627
-69747.910923	0.000216	0.413378
-69750.993073	0.000150	0.405176
-69753.161729	0.000216	0.392424
-69755.725678	0.000644	0.390429
-69756.994327	0.000259	0.375111
-69759.324661	0.000484	0.357247
-69761.007518	0.000272	0.357945
-69763.320701	0.000350	0.350952
-69764.952111	0.000553	0.353294
-69767.731842	0.000306	0.352447
-69770.217226	0.000081	0.358637
-69773.255629	0.000416	0.359814
-69775.362330	0.000328	0.370951
-69777.703924	0.000216	0.362572
-69779.726146	0.000341	0.384192
-69780.862971	0.000306	0.390405
-69782.408202	0.000369	0.395760
-69784.485589	0.000419	0.400168
-69787.070878	0.000222	0.412543
-69789.196077	0.000169	0.420157
-69791.579756	0.000244	0.420285
-69793.808061	0.000281	0.428629
-69796.630522	0.000616	0.439689
-69799.741812	0.000478	0.450653
-69802.921744	0.000428	0.442136
-69805.207953	0.000453	0.420304
-69806.940964	0.000163	0.423277
-69808.097052	0.000241	0.421627
-69809.887129	0.000500	0.430790
-69812.209175	0.000169	0.414295
-69814.500408	0.000388	0.416876
-69817.727594	0.000488	0.404638
-69819.580195	0.000259	0.384975
-69822.637872	0.000359	0.364516
-69824.626028	0.000378	0.372414
-69827.635047	0.000363	0.365173
-69829.368452	0.000416	0.362524
-69831.454158	0.000381	0.350437
-69832.357712	0.000072	0.351588
-69834.414822	0.000472	0.353397
-69835.982667	0.000363	0.353414
-69839.131856	0.000159	0.357760
-69841.511199	0.000138	0.371971
-69843.950737	0.000391	0.382285
-69846.880634	0.000175	0.393676
-69849.863638	0.000284	0.400428
-69852.851323	0.000344	0.411826
-69855.031342	0.000450	0.411730
-69856.540757	0.000250	0.423241
-69858.082436	0.000388	0.433871
-69859.412429	0.000341	0.452035
-69862.182104	0.000275	0.451317
-69864.268099	0.000538	0.453044
-69867.324246	0.000428	0.442389
-69869.169726	0.000081	0.446341
-69871.668779	0.000203	0.444566
-69874.295028	0.000434	0.421928
-69876.305487	0.000234	0.423888
-69879.078185	0.000325	0.409055
-69880.698057	0.000322	0.395111
-69882.495455	0.000106	0.378091
-69883.312724	0.000431	0.375856
-69885.545645	0.000434	0.378430
-69887.966150	0.000472	0.362418
-69890.419274	0.000213	0.354306
-69893.357382	0.000175	0.352527
-69895.795155	0.000391	0.340254
-69898.790335	0.000266	0.348908
-69900.950749	0.000278	0.353464
-69903.496531	0.000272	0.378679
-69906.141272	0.000197	0.379294
-69907.590111	0.000128	0.391585
-69909.543001	0.000203	0.390281
-69911.404215	0.000381	0.399564
-69913.916661	0.000384	0.409562
-69915.794249	0.000463	0.422987
-69918.502960	0.000397	0.434785
-69921.426042	0.000313	0.432443
-69923.736288	0.000488	0.449879
-69926.086431	0.000234	0.434773
-69928.584988	0.000284	0.435058
-69930.290255	0.000463	0.432416
-69931.805110	0.000419	0.436726
-69932.896325	0.000216	0.438131
-69935.253313	0.000478	0.413886
-69937.666763	0.000556	0.406448
-69940.367252	0.000350	0.395566
-69942.885067	0.000441	0.403819
-69945.564790	0.000253	0.390894
-69948.114123	0.000241	0.387242
-69950.937926	0.000269	0.378974
-69953.228941	0.000275	0.371151
-69955.448541	0.000247	0.364911
-69955.630926	0.000163	0.369738
-69954.197879	0.000338	0.368175
-69951.992912	0.000431	0.371248
-69951.260310	0.000378	0.375976
-69951.685221	0.000428	0.374466
-69953.159104	0.000041	0.372776
-69954.718824	0.000438	0.368241
-69954.616938	0.000069	0.363306
-69953.520480	0.000134	0.366298
-69952.452712	0.000341	0.374173
-69951.996630	0.000238	0.379039
-69952.470956	0.000303	0.368654
-69953.419396	0.000347	0.356709
-69954.363312	0.000431	0.354801
-69953.802983	0.000431	0.357954
-69953.576487	0.000231	0.366951
-69952.582783	0.000350	0.360764
-69952.898726	0.000056	0.365170
-69952.744386	0.000275	0.364816
-69953.708872	0.000106	0.368682
