-71933.441931	0.000238	0.426070
-71930.830462	0.000275	0.427002
-71928.504234	0.000456	0.428177
-71926.563768	0.000113	0.416724
-71924.590500	0.000441	0.421523
-71922.963735	0.000531	0.423585
-71920.384513	0.000409	0.420418
-71918.618054	0.000300	0.429375
-71917.236404	0.000494	0.430902
-71915.091434	0.000238	0.426765
-71912.607299	0.000522	0.421656
-71910.127404	0.000231	0.419210
-71907.382849	0.000384	0.414872
-71904.830520	0.000384	0.427097
-71901.869482	0.000363	0.430792
-71899.613983	0.000350	0.416448
-71897.133380	0.000381	0.407044
-71894.948080	0.000319	0.406777
-71893.692028	0.000284	0.411666
-71892.141898	0.000534	0.412709
-71891.026049	0.000350	0.418831
-71887.952536	0.000256	0.421215
-71886.441309	0.000400	0.427583
-71883.792734	0.000441	0.417238
-71881.210144	0.000313	0.417173
-71878.853062	0.000313	0.425043
-71876.306800	0.000275	0.435291
-71874.647472	0.000384	0.423613
-71872.351579	0.000334	0.433084
-71871.316676	0.000231	0.433634
-71868.862059	0.000438	0.419514
-71867.571000	0.000241	0.430102
-71864.551751	0.000253	0.421097
-71862.541042	0.000353	0.422898
-71860.226621	0.000169	0.417344
-71856.965337	0.000466	0.413073
-71854.560911	0.000400	0.401546
-71852.339635	0.000306	0.403556
-71849.165681	0.000209	0.404373
-71847.796222	0.000388	0.429297
-71845.487367	0.000228	0.427781
-71845.091484	0.000259	0.420157
-71842.665039	0.000488	0.422022
-71841.900707	0.000469	0.426041
-71838.766660	0.000209	0.405355
-71836.700233	0.000688	0.417445
-71834.358531	0.000278	0.424950
-71831.509304	0.000300	0.431426
-71829.801828	0.000153	0.417750
-71826.876088	0.000328	0.423873
-71825.419794	0.000181	0.419136
-71823.510254	0.000259	0.408430
-71822.311594	0.000359	0.417870
-71820.101274	0.000456	0.424509
-71817.885073	0.000291	0.423993
-71815.881575	0.000213	0.403909
-71814.694513	0.000291	0.407474
-71812.891826	0.000438	0.417907
-71811.245134	0.000213	0.412794
-71808.209490	0.000313	0.420385
-71804.457805	0.000475	0.434052
-71801.116316	0.000381	0.427590
-71799.136871	0.000444	0.426131
-71798.147738	0.000300	0.418463
-71797.704631	0.000294	0.417947
-71796.385847	0.000488	0.423578
-71793.998910	0.000094	0.428775
-71791.243972	0.000350	0.422028
-71788.637292	0.000428	0.431164
-71785.075317	0.000350	0.427744
-71782.984784	0.000447	0.426267
-71781.060931	0.000350	0.412642
-71779.025854	0.000359	0.421300
-71778.491486	0.000056	0.428115
-71775.604954	0.000347	0.429803
-71774.427524	0.000519	0.411159
-71771.651870	0.000259	0.398576
-71769.175999	0.000250	0.411345
-71766.802861	0.000425	0.417298
-71764.498054	0.000556	0.428264
-71761.742385	0.000263	0.421169
-71758.573290	0.000247	0.426534
-71756.537590	0.000456	0.427510
-71754.101758	0.000469	0.427340
-71752.403821	0.000259	0.425397
-71750.818257	0.000353	0.418829
-71749.539932	0.000447	0.434501
-71748.099245	0.000475	0.437358
-71745.811514	0.000441	0.424041
-71743.547110	0.000259	0.428177
-71741.162060	0.000388	0.421410
-71738.264450	0.000222	0.421752
-71735.988958	0.000341	0.414654
-71733.390410	0.000575	0.424459
-71731.482657	0.000500	0.426446
-71729.327185	0.000253	0.403977
-71728.555135	0.000253	0.408339
-71726.546307	0.000581	0.409910
-71724.565059	0.000413	0.417458
-71721.834962	0.000416	0.422193
-71719.063312	0.000381	0.419950
-71716.537028	0.000303	0.426113
-71713.679903	0.000413	0.426507
-71711.501796	0.000247	0.425211
-71708.330334	0.000197	0.426026
-71706.059365	0.000256	0.433179
-71703.386473	0.000297	0.437086
-71702.310352	0.000344	0.419215
-71701.170149	0.000191	0.425407
-71699.288466	0.000463	0.429685
-71697.812385	0.000294	0.417561
-71694.215274	0.000513	0.407612
-71692.699563	0.000369	0.424058
-71689.153859	0.000369	0.427066
-71687.677688	0.000606	0.424747
-71684.782594	0.000184	0.412330
-71683.161031	0.000275	0.406108
-71680.587736	0.000253	0.417565
-71678.976766	0.000488	0.420564
-71677.605725	0.000269	0.428470
-71675.262662	0.000416	0.414981
-71673.006309	0.000463	0.428591
-71670.668888	0.000269	0.429810
-71667.934448	0.000381	0.427316
-71665.271436	0.000463	0.422339
-71662.323779	0.000238	0.420640
-71659.925748	0.000500	0.423844
-71657.195092	0.000259	0.433694
-71655.381262	0.000225	0.425805
-71653.786253	0.000347	0.424154
-71652.661280	0.000284	0.428017
-71651.058044	0.000263	0.414848
-71648.681421	0.000413	0.414148
-71646.679020	0.000300	0.416339
-71643.766530	0.000447	0.420246
-71641.831787	0.000666	0.413698
-71639.211209	0.000253	0.402882
-71637.325729	0.000353	0.408543
-71634.412101	0.000563	0.415292
-71632.765443	0.000459	0.424288
-71630.513787	0.000303	0.421703
-71629.034664	0.000309	0.416939
-71627.865207	0.000278	0.413196
-71625.125217	0.000481	0.414730
-71623.260725	0.000384	0.407125
-71619.847828	0.000188	0.423100
-71617.832502	0.000153	0.424106
-71614.301978	0.000272	0.431038
-71611.847844	0.000203	0.428690
-71608.853634	0.000309	0.418482
-71607.059334	0.000275	0.428080
-71604.907974	0.000538	0.412126
-71603.781977	0.000163	0.409887
-71602.457831	0.000263	0.419315
-71600.258967	0.000425	0.413306
-71597.663416	0.000244	0.409745
-71595.344761	0.000566	0.406612
-71592.963005	0.000388	0.409189
-71590.749253	0.000225	0.414695
-71587.814829	0.000313	0.422375
-71585.818366	0.000634	0.422766
-71583.342391	0.000334	0.427120
-71581.408231	0.000188	0.431596
-71579.472851	0.000228	0.419576
-71578.133744	0.000775	0.423256
-71576.047773	0.000238	0.434709
-71573.411647	0.000381	0.426155
-71571.347528	0.000194	0.426604
-71568.097037	0.000291	0.431832
-71565.802290	0.000569	0.422165
-71562.352076	0.000281	0.419163
-71560.437981	0.000572	0.413730
-71557.943381	0.000375	0.414436
-71556.137999	0.000200	0.421820
-71555.075317	0.000175	0.423891
-71552.969691	0.000231	0.403340
-71552.140270	0.000291	0.404286
-71548.427007	0.000500	0.415707
-71547.078638	0.000531	0.410181
-71544.787909	0.000253	0.420342
-71542.014289	0.000275	0.423475
-71540.287021	0.000516	0.419051
-71536.860271	0.000434	0.426083
-71535.251631	0.000350	0.426531
-71532.709271	0.000369	0.410645
-71531.958361	0.000563	0.429090
-71530.188323	0.000397	0.424102
-71528.292321	0.000484	0.428406
-71526.237215	0.000278	0.418686
-71523.149495	0.000181	0.418932
-71521.027502	0.000366	0.411714
-71517.541736	0.000347	0.418329
-71515.163966	0.000300	0.411291
-71512.508966	0.000078	0.417288
-71509.733235	0.000397	0.417689
-71507.808976	0.000469	0.400820
-71506.138126	0.000381	0.406289
-71504.570424	0.000378	0.410660
-71502.977138	0.000441	0.405590
-71500.880295	0.000278	0.410524
-71498.553671	0.000628	0.424141
-71495.896897	0.000422	0.426697
-71493.812816	0.000138	0.419071
-71490.499121	0.000388	0.420369
-71488.755930	0.000200	0.422065
-71485.540547	0.000419	0.432710
-71484.433446	0.000447	0.424669
-71482.080514	0.000244	0.422507
-71480.888020	0.000213	0.425218
-71478.625410	0.000500	0.424819
-71476.370253	0.000150	0.420050
-71474.113753	0.000444	0.409981
-71471.360405	0.000375	0.421174
-71469.352093	0.000322	0.429595
-71466.061334	0.000497	0.414148
-71463.786809	0.000303	0.407855
-71460.490837	0.000553	0.408126
-71459.013160	0.000434	0.406005
-71457.351581	0.000206	0.418349
-71456.015012	0.000344	0.426069
-71453.951591	0.000522	0.435882
-71452.605449	0.000375	0.429889
-71449.060826	0.000316	0.423497
-71447.567568	0.000547	0.429188
-71444.845928	0.000413	0.418862
-71443.355482	-0.000084	0.425654
-71439.974008	0.000288	0.428594
-71438.433495	0.000253	0.416331
-71435.401161	0.000300	0.429805
-71433.841846	0.000431	0.423750
-71432.278258	0.000288	0.418928
-71430.824404	0.000363	0.411553
-71428.761202	0.000394	0.421569
-71426.093848	0.000194	0.422778
-71423.745711	0.000200	0.420924
-71420.656496	0.000253	0.403996
-71418.415768	0.000294	0.412557
-71414.707778	0.000294	0.412155
-71412.851190	0.000116	0.415983
-71409.696123	0.000653	0.422337
-71408.554191	0.000369	0.422967
-71406.924005	0.000381	0.427750
-71405.692018	0.000466	0.425793
-71403.369744	0.000403	0.424590
-71400.861714	0.000284	0.427897
-71398.368206	0.000409	0.430633
-71396.155614	0.000444	0.421080
-71393.563952	0.000428	0.433184
-71390.948708	0.000363	0.436152
-71388.830555	0.000531	0.428060
-71386.944769	0.000166	0.416136
-71383.924134	0.000456	0.423805
-71382.665910	0.000438	0.420000
-71380.531902	0.000259	0.430365
-71378.774949	0.000244	0.429202
-71377.096960	0.000316	0.417960
-71374.020841	0.000216	0.408939
-71372.367403	0.000231	0.407658
-71367.883649	0.000422	0.411955
-71366.359750	0.000491	0.423062
-71362.591665	0.000347	0.429829
-71361.431528	0.000272	0.424739
-71358.578255	0.000519	0.425791
-71358.104980	0.000553	0.432206
-71355.962286	0.000359	0.424245
-71353.704634	0.000406	0.426742
-71351.967247	0.000328	0.435794
-71349.224357	0.000266	0.427092
-71347.342927	0.000525	0.430495
-71344.895043	0.000309	0.418948
-71342.511698	0.000081	0.426133
-71339.804043	0.000416	0.420125
-71337.293459	0.000238	0.415380
-71335.001761	0.000216	0.424953
-71333.690416	0.000291	0.434905
-71332.694453	0.000488	0.410061
-71330.953923	0.000356	0.411830
-71328.393777	0.000228	0.417135
-71326.022864	0.000256	0.418863
-71322.875699	0.000419	0.426359
-71320.835433	0.000347	0.439749
-71317.619886	0.000519	0.434876
-71315.085969	0.000541	0.433928
-71311.969221	0.000431	0.425978
-71310.464007	0.000447	0.427166
-71308.116493	0.000581	0.429313
-71307.042668	0.000397	0.434699
-71304.986997	0.000091	0.430527
-71303.339933	0.000200	0.426929
-71301.231761	0.000388	0.422552
-71298.496227	0.000450	0.422169
-71296.095963	0.000438	0.420710
-71292.926799	0.000475	0.425563
-71290.552750	0.000350	0.420733
-71287.980038	0.000522	0.431318
-71286.387215	0.000447	0.416915
-71284.506332	0.000428	0.401257
-71282.915764	0.000406	0.414484
-71281.466435	0.000597	0.413124
-71278.641345	0.000356	0.424049
-71276.222684	0.000319	0.423722
-71273.605686	0.000463	0.433605
-71271.155836	0.000159	0.424972
-71268.826595	0.000472	0.425268
-71265.352138	0.000306	0.428666
-71263.345961	0.000397	0.425503
-71260.134776	0.000081	0.419308
-71258.888153	0.000144	0.433664
-71256.934679	0.000228	0.429027
-71256.279047	0.000172	0.433019
-71253.721650	0.000166	0.422944
-71251.506519	0.000209	0.416760
-71249.177207	0.000331	0.418273
-71246.415740	0.000522	0.425078
-71244.381510	0.000209	0.426107
-71241.506311	0.000466	0.418853
-71239.608068	0.000453	0.408924
-71237.454856	0.000447	0.422224
-71235.578464	0.000319	0.421200
-71234.065835	0.000419	0.423343
-71232.434308	0.000266	0.422035
-71230.878534	0.000422	0.431718
-71227.719247	0.000491	0.433809
-71225.333552	0.000309	0.428702
-71223.471903	0.000272	0.419977
-71219.615652	0.000319	0.428685
-71217.578004	0.000253	0.436541
-71213.717188	0.000266	0.421111
-71212.307093	0.000191	0.426193
-71209.134422	0.000347	0.424918
-71208.889119	0.000428	0.422746
-71206.789120	0.000184	0.412242
-71205.269039	0.000181	0.420090
-71202.451536	0.000381	0.425060
-71200.201981	0.000203	0.420978
-71197.759406	0.000222	0.411999
-71195.472753	0.000288	0.407636
-71192.849077	0.000247	0.414640
-71190.462573	0.000472	0.419780
-71187.845032	0.000481	0.415099
-71185.536444	0.000381	0.409333
-71183.991218	0.000519	0.427495
-71182.352268	0.000572	0.432300
-71180.784350	0.000322	0.418282
-71177.731385	0.000428	0.411585
-71175.679865	0.000481	0.424320
-71172.474436	0.000266	0.425011
-71170.201711	0.000391	0.427203
-71167.325370	0.000441	0.426762
-71164.977978	0.000191	0.426200
-71161.885632	0.000328	0.426014
-71160.050046	0.000331	0.405443
-71157.726250	0.000459	0.416816
-71157.066394	0.000322	0.429511
-71154.894019	0.000603	0.427959
-71153.152882	0.000213	0.412932
-71150.662397	0.000288	0.406611
-71148.172588	0.000381	0.409836
-71145.816293	0.000581	0.415400
-71142.967383	0.000434	0.415822
-71141.022165	0.000316	0.420612
-71137.977137	0.000234	0.420567
-71137.162209	0.000306	0.418074
-71134.506303	0.000288	0.419189
-71133.780240	0.000359	0.412421
-71131.194140	0.000134	0.421563
-71129.610711	0.000459	0.426255
-71126.713100	0.000303	0.437071
-71124.510293	0.000319	0.431277
-71121.846316	0.000288	0.425508
-71119.032616	0.000369	0.428568
-71116.136027	0.000363	0.418341
-71113.021011	0.000413	0.415167
-71110.808089	0.000294	0.421896
-71109.288739	0.000231	0.418602
-71107.494466	0.000303	0.417067
-71106.374526	0.000300	0.410370
-71104.724026	0.000369	0.416985
-71101.476842	0.000572	0.410551
-71099.314259	0.000403	0.422155
-71095.903097	0.000569	0.429663
-71094.442121	0.000159	0.428560
-71091.021560	0.000191	0.429660
-71089.602526	0.000494	0.417288
-71086.627729	0.000397	0.417783
-71085.110681	0.000478	0.429337
-71082.749113	0.000228	0.422859
-71081.810511	0.000475	0.425541
-71079.249183	0.000384	0.430395
-71076.783124	0.000403	0.430952
-71074.406895	0.000163	0.427922
-71071.625849	0.000203	0.414948
-71068.948740	0.000369	0.414856
-71065.627249	0.000231	0.423834
-71063.117137	0.000428	0.433719
-71060.570276	0.000197	0.409986
-71058.972399	0.000213	0.410455
-71057.342550	0.000497	0.419891
-71056.370992	0.000303	0.418004
-71054.037471	0.000303	0.429675
-71051.493486	0.000403	0.434217
-71048.952605	0.000394	0.432608
-71046.645746	0.000284	0.429279
-71044.166796	0.000469	0.416162
-71041.887458	0.000316	0.418770
-71039.600679	0.000228	0.430333
-71037.671032	0.000175	0.423858
-71035.468779	0.000297	0.429251
-71033.832813	0.000456	0.428823
-71032.224578	0.000438	0.436862
-71030.515254	0.000250	0.420180
-71027.500398	0.000269	0.409893
-71025.492169	0.000291	0.410906
-71022.556167	0.000334	0.418217
-71020.031022	0.000225	0.417872
-71016.723810	0.000278	0.405471
-71014.061105	0.000219	0.406031
-71011.883319	0.000303	0.410320
-71009.310197	0.000353	0.419441
-71008.736884	0.000284	0.425205
-71006.807168	0.000609	0.416736
-71005.411844	0.000191	0.425906
-71001.960763	0.000416	0.426982
-71000.444545	0.000556	0.422174
-70997.644528	0.000491	0.428694
-70995.439560	0.000525	0.425676
-70992.753663	0.000281	0.436036
-70990.693823	0.000250	0.434027
-70987.632789	0.000369	0.430702
-70986.034433	0.000403	0.438064
-70983.506442	0.000416	0.425729
-70982.518222	0.000469	0.424840
-70979.959237	0.000316	0.425011
-70978.370689	0.000253	0.424080
-70975.148007	0.000394	0.418384
-70972.902892	0.000209	0.401213
-70969.584356	0.000394	0.402369
-70966.930718	0.000366	0.407537
-70964.096914	0.000594	0.405473
-70961.387434	0.000497	0.416263
-70959.855810	0.000338	0.421361
-70957.623286	0.000444	0.418266
-70956.623533	0.000331	0.427287
-70954.125274	0.000525	0.417003
-70952.698824	0.000422	0.423273
-70949.701286	0.000584	0.423647
-70948.251872	0.000294	0.414833
-70945.316039	0.000513	0.433247
-70943.012181	0.000472	0.433591
-70940.310251	0.000241	0.423066
-70937.785028	0.000278	0.423708
-70936.176892	0.000328	0.415029
-70934.722789	0.000225	0.416822
-70933.117851	0.000438	0.422704
-70931.491081	0.000244	0.420798
-70928.750009	0.000272	0.420242
-70926.184842	0.000294	0.409926
-70923.313336	0.000225	0.417802
-70921.183067	0.000334	0.425012
-70918.381892	0.000491	0.428802
-70915.507160	0.000353	0.431034
-70912.691520	0.000444	0.423040
-70910.426423	0.000344	0.418558
-70908.489737	0.000131	0.417940
-70906.743732	0.000381	0.418595
-70905.945850	0.000359	0.427704
-70903.547778	0.000300	0.410303
-70901.709344	0.000163	0.419511
-70898.745486	0.000428	0.430349
-70896.607498	0.000288	0.413071
-70893.490761	0.000434	0.409453
-70891.195282	0.000528	0.400138
-70888.511063	0.000344	0.412385
-70886.592430	0.000566	0.408954
-70884.482735	0.000288	0.407527
-70882.773550	0.000444	0.403736
-70880.994043	0.000319	0.401032
-70879.049851	0.000309	0.402325
-70875.942670	0.000094	0.410745
-70874.023779	0.000122	0.424836
-70870.439512	0.000156	0.422995
-70868.640536	0.000406	0.425621
-70864.392816	0.000497	0.420925
-70862.897957	0.000397	0.423564
-70859.824573	0.000481	0.428331
-70858.208128	0.000250	0.440537
-70856.865109	0.000291	0.428427
-70855.099967	0.000434	0.436458
-70853.814155	0.000209	0.435627
-70850.336914	0.000478	0.439818
-70848.853840	0.000413	0.419512
-70845.572738	0.000331	0.423951
-70843.997199	0.000384	0.421874
-70841.184517	0.000441	0.421436
-70839.421811	0.000453	0.422213
-70836.738778	0.000572	0.408896
-70834.901048	0.000359	0.404515
-70832.877806	0.000225	0.406962
-70831.857348	0.000234	0.409487
-70829.360418	0.000506	0.414654
-70827.651396	0.000297	0.414398
-70824.236428	0.000225	0.416239
-70822.310199	0.000300	0.425850
-70818.626194	0.000222	0.406730
-70816.672432	0.000153	0.399576
-70813.252882	0.000316	0.418524
-70811.231680	0.000331	0.420217
-70809.059363	0.000384	0.420646
-70807.114912	0.000175	0.420692
-70806.158898	0.000222	0.421726
-70803.912523	0.000344	0.415408
-70802.544657	0.000434	0.419922
-70799.726758	0.000322	0.418878
-70797.804605	0.000141	0.420832
-70794.541926	0.000484	0.423032
-70792.615105	0.000366	0.427553
-70789.627894	0.000372	0.421260
-70787.565150	0.000272	0.420659
-70784.997862	0.000088	0.413659
-70783.494092	0.000341	0.423826
-70781.090210	0.000225	0.430694
-70779.788128	0.000359	0.426625
-70776.837166	0.000247	0.424704
-70774.955657	0.000375	0.425773
-70771.991369	0.000269	0.417448
-70769.406621	0.000397	0.425893
-70766.240130	0.000288	0.410385
-70763.139985	0.000303	0.419930
-70760.450396	0.000338	0.419140
-70758.418177	0.000269	0.421341
-70756.879462	0.000184	0.394352
-70755.323375	0.000134	0.407387
-70753.940300	0.000350	0.421848
-70750.992751	0.000338	0.404095
-70749.584485	0.000238	0.418077
-70746.634832	0.000313	0.410218
-70745.188965	0.000303	0.406343
-70742.102262	0.000050	0.403509
-70740.254851	0.000294	0.401355
-70736.696662	0.000563	0.407798
-70735.287794	0.000159	0.428525
-70732.722175	0.000025	0.425952
-70731.438736	0.000331	0.427181
-70730.153802	0.000438	0.423728
-70727.987634	0.000369	0.419419
-70725.186684	0.000397	0.431452
-70722.479729	0.000172	0.432719
-70719.639040	0.000519	0.441174
-70716.767602	0.000416	0.428643
-70713.747273	0.000416	0.435210
-70711.162347	0.000388	0.428680
-70709.227447	0.000353	0.420714
-70706.662317	0.000553	0.424998
-70706.220136	0.000447	0.419076
-70704.136430	0.000216	0.416810
-70702.986947	0.000413	0.398669
-70699.482612	0.000216	0.404353
-70697.986190	0.000447	0.398670
-70695.221683	0.000394	0.401800
-70693.047638	0.000453	0.413743
-70690.029588	0.000541	0.414744
-70687.604438	0.000475	0.418280
-70685.177490	0.000494	0.420868
-70683.096286	0.000356	0.414933
-70681.310197	0.000269	0.412129
-70679.942743	0.000469	0.407951
-70677.881485	0.000347	0.421107
-70675.175141	0.000338	0.422248
-70672.650569	0.000422	0.419992
-70669.251989	0.000259	0.429631
-70667.080226	0.000369	0.425260
-70663.192143	0.000391	0.422505
-70661.453656	0.000475	0.427802
-70658.897671	0.000197	0.431099
-70656.501876	0.000250	0.431930
-70655.018451	0.000466	0.421066
-70653.448074	0.000134	0.413951
-70651.803171	0.000391	0.423458
-70649.441222	0.000472	0.416280
-70647.451034	0.000466	0.417694
-70644.906231	0.000409	0.428571
-70642.003882	0.000116	0.426034
-70639.985009	0.000350	0.421668
-70637.028478	0.000375	0.423478
-70635.216747	0.000244	0.412234
-70632.993063	0.000478	0.424831
-70631.584550	0.000384	0.412571
-70630.032914	0.000125	0.410092
-70627.881020	0.000394	0.424502
-70625.051450	0.000416	0.419191
-70622.369625	0.000363	0.406790
-70620.148810	0.000219	0.397701
-70617.057071	0.000350	0.407149
-70614.666037	0.000250	0.419882
-70611.351944	0.000244	0.426296
-70608.925914	0.000234	0.406643
-70606.495929	0.000328	0.403169
-70605.450041	0.000250	0.412636
-70604.307429	0.000369	0.412020
-70602.781875	0.000516	0.421569
-70600.091933	0.000234	0.418555
-70597.778076	0.000381	0.435401
-70595.225975	0.000225	0.432504
-70593.170624	0.000634	0.430866
-70590.452704	0.000569	0.422182
-70588.580398	0.000216	0.435370
-70585.027373	0.000547	0.431390
-70583.404738	0.000141	0.432370
-70580.951156	0.000381	0.432347
-70580.022730	0.000256	0.430755
-70577.839058	0.000388	0.426548
-70575.235797	0.000347	0.410232
-70572.839020	0.000316	0.420215
-70569.456728	0.000172	0.412371
-70567.486290	0.000513	0.413630
-70564.301389	0.000359	0.415396
-70561.901478	0.000359	0.400536
-70558.836099	0.000253	0.400316
-70556.918824	0.000416	0.407183
-70554.219206	0.000191	0.405776
-70553.482375	0.000356	0.415026
-70551.224814	0.000350	0.421728
-70550.207046	0.000450	0.418408
-70547.055309	0.000403	0.417745
-70545.171530	0.000341	0.424373
-70542.244968	0.000475	0.427544
-70540.016394	0.000125	0.419540
-70537.378975	0.000372	0.428343
-70535.151082	0.000428	0.426949
-70533.061185	0.000494	0.426201
-70531.045765	0.000350	0.419189
-70529.220262	0.000222	0.424170
-70527.755844	0.000297	0.421311
-70525.306998	0.000575	0.431696
-70522.824869	0.000556	0.419048
-70520.559905	0.000234	0.418366
-70517.475153	0.000369	0.422385
-70515.159193	0.000391	0.415811
-70511.076322	0.000184	0.415211
-70509.654017	0.000259	0.427503
-70506.373231	0.000359	0.425347
-70505.626144	0.000184	0.427760
-70503.583133	0.000322	0.422860
-70503.028647	0.000159	0.408267
-70500.413508	0.000438	0.408571
-70497.930875	0.000438	0.420158
-70495.836038	0.000388	0.415533
-70493.105763	0.000228	0.418170
-70491.187862	0.000444	0.420303
-70488.244105	0.000206	0.421013
-70486.078663	0.000428	0.421766
-70483.386899	0.000284	0.412930
-70481.178116	0.000509	0.415662
-70479.552315	0.000434	0.428618
-70478.151341	0.000306	0.417943
-70476.104835	0.000575	0.411879
-70473.769328	0.000119	0.407860
-70471.086146	0.000447	0.417576
-70468.133022	0.000191	0.417659
-70465.144082	0.000300	0.427744
-70461.986627	0.000409	0.432227
-70459.257958	0.000619	0.431432
-70457.444769	0.000350	0.438359
-70454.501660	0.000388	0.435313
-70453.691550	0.000363	0.424805
-70451.627078	0.000469	0.428356
-70450.052028	-0.000013	0.428850
-70447.689847	0.000519	0.426650
-70445.587125	0.000278	0.430392
-70443.302016	0.000150	0.427649
-70440.302525	0.000297	0.415855
-70438.326430	0.000366	0.415923
-70435.186553	0.000119	0.406041
-70433.355933	0.000200	0.414073
-70431.055965	0.000259	0.410030
-70429.670804	0.000259	0.401231
-70428.167925	0.000394	0.399299
-70425.866693	0.000063	0.393631
-70423.447264	0.000306	0.407398
-70420.714868	0.000325	0.413156
-70418.202299	0.000428	0.415645
-70415.679695	0.000372	0.418701
-70412.744455	0.000238	0.422160
-70410.041216	0.000306	0.418679
-70407.085876	0.000609	0.423601
-70405.281031	0.000625	0.425566
-70403.789336	0.000425	0.420505
-70402.731917	0.000263	0.432566
-70401.001194	0.000363	0.425208
-70398.448053	0.000431	0.431513
-70396.126095	0.000244	0.424491
-70393.929195	0.000313	0.419543
-70391.475766	0.000325	0.425640
-70389.471829	0.000391	0.431979
-70386.381580	0.000191	0.429353
-70383.958779	0.000181	0.424958
-70382.054955	0.000141	0.428957
-70379.874537	0.000275	0.420431
-70378.407471	0.000372	0.413993
-70376.282541	0.000422	0.428083
-70374.476013	0.000275	0.420990
-70371.451838	0.000281	0.424417
-70369.302667	0.000575	0.426722
-70366.286358	0.000475	0.423693
-70363.978681	0.000319	0.409771
-70360.372409	0.000384	0.415292
-70358.453228	0.000203	0.423709
-70355.067977	0.000331	0.415279
-70353.831680	0.000288	0.417614
-70351.698595	0.000438	0.419555
-70351.074692	0.000169	0.412484
-70348.704455	0.000313	0.420297
-70346.147449	0.000294	0.425454
-70344.065990	0.000166	0.415329
-70340.947229	0.000391	0.420303
-70339.384095	0.000356	0.415915
-70335.918864	0.000347	0.405085
-70334.407535	0.000591	0.407777
-70331.655280	0.000219	0.410939
-70329.299179	0.000400	0.420297
-70327.822891	0.000384	0.420869
-70326.288161	0.000241	0.430375
-70324.229519	0.000397	0.435707
-70321.967887	0.000431	0.429207
-70319.324463	0.000269	0.413049
-70316.821664	0.000366	0.426306
-70313.681851	0.000406	0.442016
-70311.182660	0.000359	0.437057
-70308.403527	0.000338	0.433583
-70306.130184	0.000522	0.435329
-70303.859159	0.000200	0.419737
-70302.308919	0.000378	0.420422
-70301.210115	0.000328	0.412196
-70298.793266	0.000556	0.410652
-70297.403392	0.000663	0.423604
-70294.595494	0.000328	0.409105
-70292.592816	0.000416	0.399488
-70289.469321	0.000191	0.405577
-70287.444712	0.000488	0.409926
-70284.533536	0.000563	0.411098
-70282.339115	0.000431	0.420925
-70280.127041	0.000494	0.414962
-70278.321746	0.000447	0.424038
-70277.101923	0.000241	0.403181
-70274.990057	0.000328	0.411614
-70272.893794	0.000266	0.426283
-70270.434694	0.000488	0.420173
-70267.406841	0.000209	0.420928
-70264.887580	0.000238	0.427051
-70261.778967	0.000413	0.432323
-70259.187642	0.000450	0.425590
-70256.045866	0.000313	0.419875
-70253.959808	0.000375	0.431744
-70252.193111	0.000334	0.438588
-70250.921551	0.000363	0.428093
-70249.278094	0.000491	0.422309
-70246.905613	0.000222	0.426503
-70244.988085	0.000422	0.418654
-70241.600503	0.000328	0.422545
-70240.105174	0.000403	0.432736
-70237.002072	0.000259	0.431093
-70234.942018	0.000256	0.433137
-70232.693015	0.000566	0.431589
-70230.388055	0.000528	0.422657
-70228.393942	0.000291	0.406746
-70226.666748	0.000556	0.412298
-70225.215974	0.000284	0.425498
-70222.802588	0.000416	0.412731
-70220.601513	0.000219	0.422249
-70217.402835	0.000241	0.418707
-70215.291505	0.000372	0.404703
-70211.773854	0.000300	0.396570
-70209.366489	0.000372	0.408573
-70206.921150	0.000100	0.425732
-70204.531078	0.000344	0.421937
-70202.750632	0.000163	0.410351
-70200.773793	0.000313	0.412088
-70199.632151	0.000253	0.412105
-70197.490654	0.000394	0.410750
-70195.355225	0.000256	0.429101
-70193.622904	0.000319	0.440247
-70190.223421	0.000291	0.451473
-70188.421765	0.000306	0.443443
-70184.909725	0.000434	0.448607
-70183.116129	0.000516	0.447493
-70180.755806	0.000256	0.450317
-70178.619455	0.000400	0.450962
-70177.325729	0.000438	0.452948
-70175.391593	0.000541	0.447078
-70173.180174	0.000266	0.439172
-70170.489778	0.000284	0.432196
-70168.419893	0.000338	0.423753
-70165.845165	0.000203	0.415596
-70163.149358	0.000188	0.407537
-70160.029182	0.000538	0.411356
-70157.202786	0.000175	0.393538
-70154.463633	0.000513	0.386415
-70152.436522	0.000316	0.385440
-70151.332281	0.000425	0.391688
-70149.827389	0.000319	0.403612
-70147.583552	0.000066	0.416438
-70145.408118	0.000478	0.410967
-70142.750383	0.000303	0.411348
-70140.534506	0.000247	0.430157
-70137.602153	0.000241	0.418274
-70135.665209	0.000391	0.426284
-70132.635632	0.000234	0.440622
-70130.900522	0.000503	0.438089
-70128.184600	0.000228	0.445126
-70126.717643	0.000244	0.442941
-70125.181830	0.000544	0.441091
-70123.070625	0.000131	0.444142
-70121.198328	0.000372	0.452135
-70118.607530	0.000303	0.439419
-70115.908301	0.000428	0.455350
-70112.859543	0.000363	0.437670
-70110.024229	0.000434	0.430022
-70107.051061	0.000419	0.427718
-70104.905122	0.000469	0.418411
-70102.491327	0.000353	0.419117
-70101.144011	0.000353	0.420366
-70099.512654	0.000331	0.408696
-70097.827642	0.000381	0.411123
-70095.607581	0.000375	0.403134
-70093.309747	0.000222	0.401725
-70090.592316	0.000363	0.403512
-70088.038140	0.000103	0.401497
-70085.508076	0.000344	0.402087
-70083.069040	0.000619	0.399827
-70080.747147	0.000306	0.403267
-70078.779807	0.000388	0.410356
-70077.314623	0.000350	0.402213
-70075.699133	0.000369	0.406424
-70073.724984	0.000247	0.418542
-70071.446239	0.000503	0.415054
-70069.294593	0.000344	0.428251
-70066.355210	0.000397	0.422815
-70064.438418	0.000419	0.435583
-70060.781058	0.000509	0.442905
-70058.098915	0.000459	0.446614
-70054.989781	0.000450	0.453025
-70052.793609	0.000072	0.462105
-70051.077611	0.000122	0.461570
-70049.904305	0.000513	0.451243
-70048.189998	0.000559	0.451250
-70045.833583	0.000469	0.448423
-70043.660407	0.000359	0.446734
-70040.566288	0.000259	0.433343
-70038.974865	0.000400	0.422179
-70036.420987	0.000319	0.415668
-70033.555369	0.000291	0.401748
-70030.938788	0.000084	0.392437
-70028.505962	0.000350	0.388622
-70026.840174	0.000388	0.386249
-70025.693144	0.000494	0.392006
-70024.315179	0.000363	0.382264
-70021.576706	0.000531	0.383085
-70018.853339	0.000144	0.389852
-70016.135845	0.000325	0.393427
-70013.503448	0.000122	0.403221
-70011.203475	0.000222	0.414897
-70007.924264	0.000450	0.425486
-70005.697855	0.000350	0.440396
-70002.667444	0.000466	0.440125
-70000.906321	0.000328	0.452642
-69999.287329	0.000291	0.457774
-69998.185080	0.000400	0.453123
-69996.094434	0.000159	0.451421
-69993.796612	0.000438	0.452496
-69991.261473	0.000500	0.464492
-69988.773390	0.000269	0.470585
-69986.338374	0.000019	0.459073
-69983.441211	0.000341	0.449283
-69981.445589	0.000238	0.457448
-69978.848402	0.000372	0.451113
-69977.045919	0.000328	0.425667
-69975.466146	0.000141	0.414224
-69974.026978	0.000219	0.407193
-69971.903923	0.000416	0.407829
-69969.550494	0.000259	0.407321
-69967.322216	0.000253	0.403192
-69964.372944	0.000366	0.388276
-69961.645353	0.000488	0.386982
-69958.668804	0.000328	0.374318
-69955.994792	0.000194	0.383981
-69953.750438	0.000209	0.386383
-69951.221615	0.000478	0.394052
-69950.050750	0.000259	0.401962
-69948.460783	0.000216	0.411621
-69946.157285	0.000244	0.417949
-69944.625768	0.000306	0.416531
-69941.209830	0.000325	0.423058
-69939.585672	0.000381	0.429590
-69936.531060	0.000306	0.455063
-69934.750552	0.000138	0.451473
-69931.839416	0.000356	0.447343
-69929.824369	0.000475	0.456354
-69927.054177	0.000353	0.455459
-69925.319443	0.000584	0.470040
-69924.044888	0.000381	0.469627
-69921.905755	0.000438	0.482508
-69920.000765	0.000259	0.477281
-69917.627256	0.000316	0.464881
-69914.268651	0.000503	0.451317
-69911.997861	0.000303	0.436477
-69908.305476	0.000291	0.434332
-69906.148943	0.000266	0.415386
-69903.418809	0.000156	0.407083
-69901.384507	0.000522	0.399349
-69900.111305	0.000247	0.389779
-69898.041849	0.000263	0.384444
-69896.460771	0.000197	0.362948
-69893.810786	0.000172	0.369297
-69892.214961	0.000288	0.380317
-69889.275147	0.000444	0.386433
-69887.556633	0.000303	0.370149
-69884.535023	0.000350	0.382097
-69882.058647	0.000388	0.394914
-69879.353045	0.000422	0.407665
-69877.211216	0.000331	0.421724
-69875.633774	0.000316	0.430205
-69874.251431	0.000313	0.446659
-69872.952626	0.000125	0.459030
-69870.319507	0.000213	0.459657
-69868.164314	0.000278	0.466962
-69864.979209	0.000384	0.474928
-69862.875510	0.000575	0.482402
-69859.768189	0.000466	0.481191
-69857.164892	0.000325	0.466512
-69854.241376	0.000109	0.464730
-69851.832966	0.000522	0.456545
-69849.821589	0.000544	0.433194
-69848.322505	0.000328	0.427930
-69846.813891	0.000378	0.429331
-69844.996202	0.000278	0.426108
-69842.691680	0.000331	0.402221
-69840.179802	0.000350	0.389202
-69837.726848	0.000263	0.371737
-69835.120062	0.000119	0.374973
-69832.275542	0.000047	0.369378
-69830.230863	0.000444	0.374439
-69827.481438	0.000400	0.384125
-69826.043369	0.000222	0.383724
-69823.727178	0.000050	0.374102
-69822.609842	0.000541	0.383698
-69820.365501	0.000447	0.401397
-69817.886823	0.000253	0.410990
-69815.798668	0.000247	0.421436
-69812.604504	0.000256	0.449965
-69809.913469	0.000234	0.458368
-69806.509540	0.000325	0.464435
-69804.093592	0.000206	0.468821
-69801.518954	0.000400	0.475804
-69799.520062	0.000231	0.487979
-69798.786826	0.000375	0.470737
-69796.587743	0.000453	0.460825
-69795.041417	0.000269	0.466601
-69792.466181	0.000469	0.452076
-69790.151311	0.000331	0.443450
-69788.192333	0.000356	0.446019
-69785.271171	0.000419	0.445549
-69783.112649	0.000491	0.433567
-69779.927176	0.000291	0.424420
-69778.046495	0.000253	0.409576
-69775.435519	0.000319	0.395413
-69774.822122	0.000259	0.386368
-69773.043846	0.000372	0.391573
-69771.382083	0.000284	0.383287
-69768.651080	0.000241	0.388851
-69766.012374	0.000313	0.379720
-69763.319412	0.000456	0.381051
-69760.508263	0.000469	0.380978
-69757.790697	0.000153	0.384314
-69755.195598	0.000428	0.401128
-69752.419538	0.000697	0.425678
-69750.062913	0.000388	0.420262
-69748.459746	0.000409	0.427490
-69747.019382	0.000353	0.446573
-69745.296043	0.000409	0.447683
-69743.596483	0.000297	0.459728
-69741.365579	0.000263	0.471310
-69738.401595	0.000459	0.489924
-69736.036342	0.000516	0.489721
-69732.999658	0.000463	0.472893
-69731.196143	0.000194	0.464165
-69728.392734	0.000391	0.478576
-69726.717490	0.000538	0.460242
-69724.513248	0.000281	0.451449
-69723.329869	0.000444	0.444942
-69720.892148	0.000306	0.435869
-69718.765953	0.000213	0.424515
-69716.684182	0.000344	0.401868
-69713.117912	0.000366	0.398633
-69711.803744	0.000513	0.395644
-69707.634261	0.000378	0.393644
-69705.408535	0.000519	0.369702
-69702.332848	0.000056	0.368889
-69699.962744	0.000422	0.379903
-69698.635600	0.000241	0.382641
-69696.904520	0.000441	0.390329
-69695.623696	0.000263	0.402665
-69693.144299	0.000297	0.404051
-69691.344767	0.000372	0.418804
-69688.362338	0.000366	0.425062
-69686.567195	0.000516	0.435612
-69683.915221	0.000394	0.448765
-69681.353224	0.000356	0.461836
-69679.256224	0.000313	0.463866
-69676.549187	0.000206	0.478533
-69674.656392	0.000150	0.477866
-69673.247221	0.000288	0.474994
-69671.648925	0.000450	0.463883
-69669.946106	0.000516	0.469689
-69667.460151	0.000369	0.464317
-69665.024452	0.000228	0.460509
-69661.984806	0.000234	0.439799
-69659.203953	0.000384	0.423014
-69656.517038	0.000366	0.411492
-69653.822365	0.000403	0.400350
-69651.565853	0.000384	0.401320
-69648.977661	0.000234	0.407551
-69648.119209	0.000366	0.397573
-69645.804890	0.000481	0.400808
-69644.627716	0.000338	0.398474
-69642.322200	0.000144	0.391974
-69640.121692	0.000263	0.392705
-69637.845885	0.000203	0.402527
-69635.092823	0.000134	0.405357
-69632.777505	0.000325	0.408850
-69629.900448	0.000416	0.416115
-69627.411585	0.000322	0.423499
-69625.438414	0.000478	0.428117
-69623.967555	0.000459	0.434777
-69622.427162	0.000341	0.438926
-69619.989502	0.000347	0.443876
-69617.931862	0.000559	0.434327
-69615.067324	0.000341	0.441922
-69612.565688	0.000344	0.442499
-69610.079278	0.000328	0.450406
-69606.854676	0.000350	0.459138
-69604.083238	0.000366	0.463159
-69601.022642	0.000413	0.456154
-69599.192834	0.000241	0.446112
-69597.399802	0.000291	0.438246
-69596.553236	0.000469	0.444491
-69594.780477	0.000163	0.437148
-69592.629108	0.000263	0.428968
-69590.499358	0.000388	0.436198
-69587.259574	0.000388	0.430925
-69585.738223	0.000328	0.418978
-69582.758849	0.000247	0.416311
-69580.817673	0.000291	0.406562
-69578.285902	0.000400	0.403438
-69575.702600	0.000141	0.406317
-69574.153743	0.000428	0.408472
-69572.072574	0.000269	0.399144
-69571.186976	0.000247	0.392021
-69568.353749	0.000138	0.391222
-69566.747032	0.000347	0.403836
-69563.281131	0.000284	0.402261
-69561.247307	0.000184	0.424946
-69557.873679	0.000309	0.429276
-69555.041071	0.000291	0.439709
-69552.652042	0.000294	0.437326
-69550.482361	0.000509	0.435837
-69548.517453	0.000572	0.456250
-69547.316957	0.000113	0.449381
-69545.622481	0.000406	0.458633
-69543.469336	0.000472	0.468662
-69541.492645	0.000553	0.456085
-69539.387741	0.000178	0.447918
-69536.618281	0.000297	0.439141
-69534.254244	0.000213	0.440768
-69531.283761	0.000188	0.441555
-69529.232619	0.000294	0.428368
-69527.388160	0.000375	0.409693
-69524.896956	0.000359	0.407498
-69523.760719	0.000391	0.396766
-69521.345835	0.000275	0.405462
-69519.897341	0.000516	0.405914
-69516.469080	0.000525	0.407686
-69514.733508	0.000319	0.413816
-69511.583635	0.000506	0.419284
-69509.234471	0.000263	0.407037
-69505.892697	0.000366	0.415170
-69503.297570	0.000156	0.417103
-69500.414373	0.000534	0.422058
-69498.332229	0.000347	0.428365
-69497.417439	0.000344	0.422262
-69496.115916	0.000106	0.429686
-69494.160313	0.000225	0.426176
-69491.969336	0.000256	0.424755
-69489.281590	0.000256	0.429453
-69486.818649	0.000300	0.440942
-69484.618401	0.000447	0.441638
-69482.234316	0.000109	0.437563
-69480.140864	0.000341	0.434008
-69477.168004	0.000253	0.420816
-69475.509971	0.000509	0.438555
-69472.798630	0.000388	0.440779
-69472.813847	0.000494	0.433853
-69469.445732	0.000475	0.447494
-69468.446477	0.000297	0.437596
-69465.255395	0.000209	0.426514
-69462.825664	0.000450	0.425103
-69460.163049	0.000388	0.411158
-69456.932481	0.000294	0.411395
-69454.358300	0.000553	0.413301
-69451.078664	0.000213	0.411246
-69449.770673	0.000328	0.411946
-69448.001856	0.000322	0.411471
-69447.129597	0.000209	0.404325
-69445.030017	0.000309	0.404781
-69442.957879	0.000238	0.416715
-69440.407030	0.000350	0.414708
-69438.292501	0.000316	0.405514
-69436.320967	0.000400	0.403181
-69434.253598	0.000284	0.414725
-69430.946833	0.000278	0.422864
-69429.284986	0.000434	0.429312
-69426.133792	0.000441	0.439646
-69424.872708	0.000284	0.436089
-69422.504989	0.000613	0.438851
-69421.657520	0.000384	0.438860
-69418.713045	0.000394	0.434753
-69416.719770	0.000294	0.444259
-69413.863675	0.000369	0.433026
-69410.851243	0.000522	0.432370
-69408.287482	0.000381	0.437584
-69404.755325	0.000325	0.432770
-69402.852812	0.000259	0.421035
-69399.992290	0.000391	0.412545
-69398.591572	0.000066	0.408901
-69396.886473	0.000156	0.423055
-69395.708794	0.000559	0.413261
-69393.413334	0.000253	0.395639
-69391.428958	0.000350	0.403819
-69389.152801	0.000469	0.399040
-69386.531058	0.000106	0.395101
-69384.411546	0.000291	0.412226
-69381.833744	0.000497	0.418106
-69378.995222	0.000406	0.426779
-69377.044852	0.000513	0.422440
-69374.196350	0.000538	0.423134
-69373.284471	0.000347	0.422638
-69371.687436	0.000419	0.428276
-69370.072066	0.000184	0.429347
-69367.559781	0.000544	0.438430
-69364.565598	0.000359	0.432672
-69362.138101	0.000303	0.433365
-69358.780105	0.000516	0.437829
-69356.517622	0.000309	0.417142
-69353.717380	0.000428	0.428326
-69351.670083	0.000463	0.432219
-69349.260064	0.000428	0.429620
-69347.723382	0.000178	0.424015
-69346.352886	0.000353	0.412793
-69344.643509	0.000466	0.412039
-69342.695618	0.000366	0.414878
-69340.825459	0.000434	0.418676
-69338.167604	0.000450	0.430146
-69335.802899	0.000666	0.424902
-69332.944358	0.000159	0.426555
-69330.651191	0.000522	0.424346
-69328.011123	0.000316	0.418481
-69326.647308	0.000259	0.419237
-69324.102376	0.000338	0.421783
-69322.959159	0.000116	0.412427
-69321.054036	0.000250	0.425816
-69318.751141	0.000609	0.428260
-69315.995100	0.000331	0.425784
-69313.167715	0.000478	0.425366
-69310.674481	0.000622	0.421662
-69307.592054	0.000266	0.429874
-69305.131955	0.000325	0.440873
-69302.228332	0.000300	0.427109
-69300.341769	0.000300	0.426980
-69298.117303	0.000156	0.411270
-69296.979366	0.000359	0.413826
-69295.446435	0.000069	0.427097
-69293.122437	0.000116	0.439745
-69291.322771	0.000378	0.437161
-69288.643584	0.000359	0.440391
-69286.205079	0.000506	0.440261
-69283.653480	0.000453	0.422190
-69280.828496	0.000631	0.426943
-69279.172586	0.000384	0.422529
-69276.370046	0.000119	0.422480
-69274.843329	0.000388	0.430605
-69272.849965	0.000338	0.429912
-69271.628392	0.000269	0.418980
-69269.224616	0.000488	0.417413
-69266.839031	0.000034	0.419404
-69264.194005	0.000406	0.425688
-69261.111992	0.000103	0.417470
-69258.663372	0.000384	0.414073
-69255.327872	0.000200	0.412794
-69253.498770	0.000325	0.412973
-69250.885879	0.000572	0.412049
-69249.132239	0.000175	0.427634
-69247.476115	0.000469	0.433026
-69246.377124	0.000166	0.436832
-69244.269791	0.000569	0.445932
-69242.131278	0.000291	0.438761
-69240.041080	0.000491	0.437632
-69238.099187	0.000250	0.432317
-69235.292193	0.000459	0.440530
-69233.104069	0.000213	0.432871
-69229.758865	0.000419	0.432670
-69228.235803	0.000513	0.436111
-69225.678026	0.000441	0.429519
-69224.541800	0.000406	0.420096
-69222.837151	0.000281	0.422443
-69220.507071	0.000822	0.430617
-69217.953233	0.000466	0.424836
-69214.828144	0.000488	0.408768
-69213.462936	0.000181	0.413970
-69209.763988	0.000531	0.418548
-69207.885463	0.000634	0.414730
-69204.165370	0.000141	0.416011
-69201.549298	0.000344	0.424523
-69199.196029	0.000241	0.432101
-69197.654994	0.000356	0.422827
-69197.154030	0.000334	0.428727
-69195.232946	0.000141	0.423135
-69193.224930	0.000522	0.424556
-69190.438264	0.000625	0.438888
-69188.328883	0.000359	0.437664
-69185.406613	0.000369	0.438812
-69182.985563	0.000281	0.439238
-69180.530569	0.000316	0.430657
-69177.933837	0.000256	0.421545
-69176.152620	0.000281	0.424639
-69173.984190	0.000575	0.433780
-69172.713249	0.000469	0.420786
-69170.805698	0.000481	0.410861
-69168.542616	0.000278	0.413374
-69166.135941	0.000475	0.415692
-69163.398603	0.000422	0.402171
-69160.743241	0.000316	0.422015
-69158.060080	0.000500	0.427299
-69155.150499	0.000434	0.424263
-69152.374298	0.000191	0.424286
-69150.711385	0.000253	0.431719
-69148.812293	0.000406	0.413644
-69147.904268	0.000394	0.426163
-69146.010822	0.000213	0.425393
-69144.196618	0.000353	0.432245
-69141.449650	0.000513	0.436103
-69139.403936	0.000306	0.430774
-69136.948784	0.000381	0.430576
-69134.743189	0.000366	0.411293
-69132.107440	0.000334	0.418712
-69129.588452	0.000381	0.430824
-69127.382112	0.000388	0.429760
-69125.710029	0.000359	0.417862
-69123.851809	0.000316	0.422233
-69122.469635	0.000288	0.420912
-69120.379864	0.000322	0.430401
-69117.698361	0.000316	0.427933
-69115.136869	0.000597	0.435673
-69112.392762	0.000563	0.437233
-69109.306561	0.000438	0.427341
-69106.366770	0.000275	0.437040
-69103.538503	0.000641	0.427643
-69101.560439	0.000409	0.426464
-69099.765903	0.000200	0.424909
-69098.246692	0.000294	0.428490
-69097.114990	0.000669	0.425601
-69094.922164	0.000241	0.423736
-69092.262529	0.000406	0.416417
-69089.733430	0.000303	0.413967
-69087.229194	0.000109	0.421185
-69084.958706	0.000647	0.426661
-69082.242764	0.000313	0.422994
-69080.333779	0.000247	0.408404
-69077.547429	0.000425	0.416698
-69076.014517	0.000341	0.414767
-69073.681349	0.000300	0.408252
-69072.448964	0.000303	0.421420
-69070.514655	0.000428	0.427665
-69067.726823	0.000550	0.429588
-69065.935974	0.000525	0.427606
-69062.667599	0.000225	0.427711
-69060.009251	0.000447	0.433743
-69057.009024	0.000369	0.432903
-69054.536932	0.000559	0.426009
-69052.737843	0.000488	0.430349
-69050.705088	0.000356	0.433424
-69049.413155	0.000394	0.440504
-69047.361770	0.000481	0.430508
-69045.758904	0.000300	0.414975
-69043.225629	0.000197	0.412463
-69041.204993	0.000422	0.430262
-69039.467361	0.000288	0.425688
-69036.517471	0.000400	0.408133
-69034.390190	0.000206	0.419602
-69031.410071	0.000238	0.417502
-69029.207194	0.000263	0.416751
-69027.229104	0.000450	0.424064
-69025.999613	0.000444	0.425406
-69024.557663	0.000325	0.427781
-69022.277911	0.000434	0.422951
-69019.890825	0.000541	0.423572
-69016.925663	0.000256	0.427786
-69014.690076	0.000263	0.436130
-69011.894144	0.000150	0.434973
-69009.090954	0.000259	0.431771
-69006.267349	0.000222	0.434224
-69003.560323	0.000184	0.426672
-69001.535070	0.000256	0.435860
-69000.117086	0.000384	0.422545
-68998.602731	0.000356	0.411888
-68996.561071	0.000269	0.432308
-68994.530916	0.000259	0.431240
-68992.195217	0.000359	0.412332
-68989.803327	0.000253	0.413082
-68987.458930	0.000363	0.413432
-68984.366919	0.000147	0.425811
-68982.298220	0.000384	0.421047
-68979.253265	0.000297	0.433182
-68977.921929	0.000472	0.436001
-68975.959218	0.000269	0.430236
-68974.592429	0.000609	0.435476
-68972.256210	0.000488	0.428912
-68970.326718	0.000366	0.431805
-68968.056688	0.000228	0.430668
-68965.482312	0.000284	0.431757
-68962.894452	0.000228	0.432683
-68959.955257	0.000081	0.428714
-68957.405655	0.000394	0.422692
-68954.532371	0.000309	0.422440
-68952.703628	0.000366	0.427565
-68950.745130	0.000356	0.433648
-68949.834824	0.000219	0.429155
-68947.649735	0.000331	0.418381
-68946.115272	0.000347	0.416517
-68943.687170	0.000528	0.413634
-68941.194929	0.000203	0.417704
-68939.115238	0.000391	0.426700
-68936.763576	0.000247	0.429650
-68934.030595	0.000356	0.433140
-68931.573501	0.000284	0.435842
-68929.200258	0.000263	0.428043
-68927.554482	0.000256	0.433981
-68926.086387	0.000381	0.437079
-68925.067492	0.000147	0.436781
-68922.877387	0.000594	0.439958
-68920.159088	0.000350	0.441963
-68917.314081	0.000166	0.443176
-68914.531416	0.000134	0.427016
-68912.095472	0.000544	0.424022
-68909.142419	0.000525	0.427456
-68907.003437	0.000244	0.427040
-68903.882063	0.000413	0.425683
-68902.133411	0.000319	0.408929
-68900.459078	0.000366	0.412209
-68899.238187	0.000538	0.414361
-68897.464621	0.000341	0.412263
-68895.137505	0.000222	0.422695
-68892.849177	0.000209	0.426981
-68889.937444	0.000375	0.428008
-68887.333860	0.000078	0.429356
-68884.387301	0.000325	0.426651
-68882.619877	0.000413	0.429462
-68880.223285	0.000213	0.436530
-68878.237125	0.000544	0.427808
-68876.734683	0.000406	0.443584
-68875.446664	0.000597	0.441649
-68872.984403	0.000581	0.441539
-68870.800896	0.000356	0.433091
-68868.176602	0.000516	0.424476
-68865.674293	0.000372	0.418675
-68862.952170	0.000478	0.428632
-68860.237747	0.000250	0.436339
-68857.430617	0.000503	0.423105
-68855.219025	0.000259	0.416800
-68852.902555	0.000416	0.420883
-68851.744412	0.000463	0.414786
-68850.555485	0.000331	0.429415
-68848.428740	0.000125	0.422179
-68846.196698	0.000303	0.430585
-68843.886636	0.000366	0.428315
-68841.576242	0.000269	0.428505
-68839.078568	0.000175	0.417114
-68836.780695	0.000234	0.430836
-68834.010066	0.000419	0.435687
-68831.846244	0.000384	0.432050
-68830.139851	0.000016	0.431640
-68828.144835	0.000241	0.434121
-68827.279067	0.000284	0.435068
-68824.656917	0.000353	0.418479
-68822.932873	0.000469	0.418342
-68819.907354	0.000409	0.420373
-68817.973055	0.000278	0.427261
-68814.766876	0.000319	0.412249
-68812.393717	0.000481	0.418871
-68809.332679	0.000275	0.421793
-68806.713362	0.000247	0.416648
-68805.126024	0.000363	0.422776
-68802.804722	0.000450	0.435126
-68801.738644	0.000150	0.433266
-68799.975712	0.000400	0.436531
-68797.882344	0.000281	0.422869
-68795.494396	0.000616	0.431414
-68793.022831	0.000503	0.441310
-68790.280452	0.000431	0.433397
-68788.128954	0.000419	0.437073
-68785.341038	0.000372	0.442360
-68783.310917	0.000322	0.441364
-68780.716802	0.000409	0.422681
-68779.439091	0.000422	0.426559
-68777.175614	0.000263	0.419418
-68776.305555	0.000391	0.429967
-68773.679284	0.000206	0.435811
-68771.593829	0.000431	0.422912
-68768.596141	0.000359	0.416463
-68766.115704	0.000119	0.413218
-68763.379427	0.000316	0.418961
-68760.672332	0.000316	0.421431
-68758.239312	0.000653	0.434558
-68755.613562	0.000228	0.426389
-68754.121775	0.000375	0.432730
-68751.774518	0.000478	0.430242
-68751.480412	0.000500	0.434094
-68748.758624	0.000438	0.434853
-68747.145919	0.000428	0.443554
-68744.034798	0.000116	0.439029
-68742.383743	0.000328	0.444738
-68739.239806	0.000413	0.436499
-68737.182666	0.000388	0.437733
-68734.647757	0.000266	0.428359
-68732.764456	0.000494	0.423055
-68730.974878	0.000284	0.426022
-68729.612782	0.000144	0.437128
-68727.559369	0.000403	0.422818
-68725.891120	0.000472	0.422580
-68723.603360	0.000206	0.422604
-68721.209157	0.000403	0.429946
-68718.808132	0.000519	0.429420
-68715.833141	0.000400	0.431226
-68712.690921	0.000225	0.428740
-68709.904918	0.000534	0.433095
-68707.649341	0.000291	0.429502
-68705.632349	0.000313	0.425042
-68705.023609	0.000244	0.427314
-68702.362041	0.000500	0.430155
-68701.357569	0.000413	0.429010
-68697.791620	0.000450	0.433134
-68696.082222	0.000425	0.436223
-68693.415507	0.000419	0.428815
-68691.637167	0.000313	0.423147
-68688.547949	0.000466	0.426913
-68686.584663	0.000378	0.431147
-68683.709364	0.000406	0.431162
-68681.859614	0.000238	0.425370
-68680.507936	0.000606	0.422206
-68679.113965	0.000225	0.429848
-68676.994676	0.000169	0.425010
-68674.795822	0.000416	0.432628
-68672.040341	0.000422	0.443194
-68669.336184	0.000456	0.439408
-68666.798325	0.000497	0.430236
-68663.976301	0.000294	0.437187
-68661.832245	0.000538	0.432283
-68658.626194	0.000266	0.436794
-68657.055903	0.000363	0.426410
-68654.602485	0.000341	0.431091
-68653.870837	0.000313	0.435882
-68651.610502	0.000366	0.435970
-68650.594259	0.000378	0.432450
-68647.937079	0.000109	0.425322
-68645.340540	0.000325	0.424260
-68642.797857	0.000203	0.433499
-68640.274112	0.000381	0.425144
-68638.374526	0.000584	0.416204
-68635.924205	0.000403	0.417357
-68633.894435	0.000150	0.411736
-68632.118970	0.000588	0.412070
-68630.618016	0.000494	0.418570
-68629.266472	0.000241	0.424479
-68626.468546	0.000456	0.436189
-68624.815742	0.000541	0.435088
-68621.298786	0.000325	0.427804
-68619.561911	0.000453	0.429170
-68616.355175	0.000500	0.441520
-68613.733186	0.000266	0.443959
-68611.301339	0.000525	0.441112
-68608.716247	0.000309	0.433551
-68607.056221	0.000347	0.438932
-68605.311486	0.000394	0.430860
-68604.270481	0.000281	0.421915
-68602.137163	0.000263	0.427472
-68599.615604	0.000509	0.425097
-68597.448602	0.000453	0.431379
-68594.694264	0.000278	0.423641
-68592.490061	0.000256	0.418346
-68589.624144	0.000288	0.413536
-68587.325720	0.000372	0.416246
-68585.279277	0.000356	0.422805
-68582.926666	0.000153	0.420465
-68581.960214	0.000275	0.434948
-68579.988352	0.000216	0.436470
-68578.604703	0.000288	0.428699
-68575.224908	0.000244	0.427310
-68573.436936	0.000419	0.428265
-68570.267490	0.000244	0.436837
-68567.942996	0.000550	0.435505
-68564.720208	0.000325	0.440472
-68562.453792	0.000381	0.438919
-68559.920617	0.000244	0.430964
-68557.690669	0.000253	0.425767
-68556.592309	0.000378	0.423659
-68554.865947	0.000319	0.424621
-68553.346235	0.000628	0.440569
-68550.520956	0.000431	0.424634
-68548.975902	0.000234	0.417060
-68546.003565	0.000459	0.414048
-68544.042090	0.000497	0.425758
-68541.307287	0.000369	0.427105
-68539.160536	0.000219	0.429646
-68536.814886	0.000491	0.433918
-68535.076064	0.000322	0.427081
-68533.021327	0.000425	0.428470
-68531.863067	0.000213	0.423326
-68529.916483	0.000478	0.433563
-68527.724551	0.000325	0.435815
-68525.494749	0.000356	0.437366
-68523.105303	0.000444	0.445288
-68519.627593	0.000269	0.432607
-68517.145572	0.000466	0.432920
-68514.327935	0.000372	0.428187
-68511.825889	0.000116	0.427607
-68510.290069	0.000244	0.425894
-68507.452828	0.000444	0.433673
-68507.051243	0.000372	0.415607
-68504.298101	0.000509	0.415017
-68503.567267	0.000350	0.417481
-68500.252685	0.000463	0.423258
-68498.552526	0.000463	0.419334
-68495.948618	0.000444	0.429486
-68492.961326	0.000422	0.429041
-68491.069846	0.000141	0.433366
-68487.611604	0.000275	0.427746
-68486.519052	0.000556	0.433045
-68484.634871	0.000584	0.440080
-68483.449115	0.000381	0.437973
-68481.476265	0.000197	0.428779
-68479.059328	0.000263	0.439365
-68476.103473	0.000309	0.434657
-68473.599837	0.000438	0.434396
-68471.174933	0.000144	0.421447
-68468.692754	0.000528	0.413286
-68465.522926	0.000353	0.430937
-68462.900092	0.000400	0.431370
-68460.359630	0.000228	0.411167
-68458.847731	0.000266	0.409333
-68457.241746	0.000059	0.420504
-68456.330829	0.000334	0.423383
-68454.271145	0.000491	0.425526
-68451.528828	0.000131	0.432462
-68449.334892	0.000497	0.432084
-68447.187795	0.000297	0.423746
-68444.590109	0.000463	0.424848
-68442.311208	0.000275	0.426960
-68441.007126	0.000503	0.431362
-68437.571934	0.000219	0.427030
-68436.572806	0.000256	0.435221
-68434.254162	0.000394	0.433870
-68432.908132	0.000350	0.433602
-68431.069366	0.000409	0.422969
-68428.834000	0.000350	0.417163
-68426.249156	0.000159	0.422258
-68423.483729	0.000375	0.433148
-68420.711038	0.000372	0.435316
-68417.330161	0.000266	0.421183
-68415.312339	0.000234	0.420547
-68412.974468	0.000578	0.429540
-68411.138837	0.000378	0.418750
-68410.105588	0.000309	0.419804
-68407.890225	0.000563	0.431472
-68406.318531	0.000325	0.418569
-68403.722023	0.000306	0.434981
-68401.635053	0.000166	0.419805
-68399.485961	0.000563	0.426793
-68396.901905	0.000541	0.440830
-68394.603898	0.000409	0.436476
-68391.819320	0.000259	0.431187
-68389.621325	0.000144	0.438490
-68387.142367	0.000169	0.435603
-68385.834094	0.000484	0.431954
-68384.366507	0.000400	0.426740
-68382.209670	0.000419	0.422901
-68380.305699	0.000450	0.432778
-68377.520913	0.000431	0.432014
-68375.137792	0.000359	0.414119
-68371.804699	0.000334	0.423809
-68369.015576	0.000363	0.425172
-68366.568518	0.000359	0.418016
-68363.589101	0.000309	0.426087
-68362.469797	0.000328	0.429947
-68360.196422	0.000600	0.438425
-68359.214182	0.000503	0.441968
-68356.479624	0.000353	0.436649
-68355.275885	0.000344	0.431486
-68352.916765	0.000063	0.436362
-68350.923137	0.000325	0.442422
-68348.700443	0.000394	0.439071
-68345.975998	0.000344	0.440088
-68343.344518	0.000478	0.435928
-68340.583845	0.000406	0.431118
-68338.932502	0.000369	0.416509
-68337.128169	0.000516	0.421916
-68336.281967	0.000294	0.427351
-68334.435889	0.000359	0.432069
-68332.045961	0.000209	0.424683
-68329.630228	0.000406	0.423179
-68326.630659	0.000469	0.421096
-68324.197916	0.000281	0.419071
-68321.515141	0.000438	0.425414
-68318.500816	0.000459	0.435020
-68316.364902	0.000472	0.436152
-68313.851416	0.000325	0.438426
-68312.178692	0.000394	0.425744
-68310.479936	0.000413	0.420211
-68309.470660	0.000275	0.435741
-68307.095278	0.000328	0.438108
-68305.285483	0.000538	0.434379
-68302.636895	0.000209	0.435983
-68300.438093	0.000325	0.437542
-68297.787634	0.000428	0.427126
-68295.153565	0.000475	0.427959
-68293.019601	0.000503	0.431804
-68290.666959	0.000153	0.434270
-68289.635877	0.000194	0.429642
-68287.082553	0.000413	0.422246
-68286.209063	0.000172	0.415465
-68283.297679	0.000159	0.408487
-68280.970523	0.000416	0.418373
-68278.361595	0.000422	0.425143
-68275.993469	0.000356	0.420268
-68273.015658	0.000459	0.433892
-68270.047816	0.000359	0.439370
-68267.046657	0.000128	0.428215
-68264.962981	0.000406	0.416281
-68263.058787	0.000472	0.432451
-68262.262352	0.000341	0.437688
-68260.573241	0.000409	0.437893
-68259.217803	0.000266	0.436733
-68255.953918	0.000344	0.438363
-68254.172199	0.000481	0.430858
-68251.715612	0.000413	0.427784
-68249.418220	0.000234	0.426628
-68247.347815	0.000325	0.427103
-68244.699546	0.000288	0.429029
-68242.762865	0.000406	0.414199
-68240.238163	0.000441	0.414361
-68239.175329	0.000328	0.422749
-68237.051062	0.000263	0.426078
-68235.705324	0.000266	0.424259
-68233.173050	0.000359	0.432545
-68230.730315	0.000588	0.435818
-68228.109333	0.000463	0.441078
-68225.057203	0.000381	0.436966
-68222.617232	0.000319	0.430963
-68219.835421	0.000416	0.433712
-68217.288032	0.000378	0.444962
-68215.822436	0.000188	0.441980
-68213.359141	0.000425	0.438340
-68212.888362	0.000384	0.432512
-68210.777588	0.000228	0.433603
-68208.812499	0.000331	0.429146
-68206.423142	0.000406	0.423168
-68204.311842	0.000159	0.425865
-68201.815078	0.000419	0.432245
-68198.897011	0.000722	0.428540
-68197.044836	0.000222	0.426870
-68193.818914	0.000391	0.418048
-68192.675366	0.000625	0.430265
-68190.490468	0.000413	0.431186
-68189.492629	0.000388	0.444258
-68186.836339	0.000422	0.435789
-68185.233356	0.000434	0.441479
-68182.216377	0.000319	0.428726
-68179.624310	0.000356	0.424458
-68177.489483	0.000109	0.434568
-68173.916730	0.000475	0.440293
-68171.752223	0.000241	0.435325
-68168.501025	0.000500	0.440076
-68166.873256	0.000447	0.444064
-68165.275191	0.000297	0.439102
-68163.714517	0.000128	0.429852
-68162.370708	0.000441	0.424401
-68159.995956	0.000209	0.437497
-68158.246607	0.000250	0.442090
-68155.417310	0.000291	0.424355
-68153.517181	0.000275	0.415686
-68151.321087	0.000500	0.427722
-68148.546584	0.000463	0.426365
-68146.824559	0.000231	0.427426
-68143.750306	0.000469	0.427628
-68142.178534	0.000225	0.436215
-68140.588042	0.000203	0.435671
-68139.350688	0.000438	0.433221
-68136.883841	0.000353	0.432358
-68134.838701	0.000241	0.426606
-68131.870787	0.000213	0.445769
-68129.358000	0.000566	0.439144
-68126.104133	0.000347	0.443409
-68123.536268	0.000403	0.442771
-68121.207192	0.000213	0.429000
-68119.220573	0.000150	0.429154
-68117.111600	0.000366	0.429738
-68115.844345	0.000294	0.439887
-68114.162636	0.000369	0.433260
-68112.370867	0.000306	0.428515
-68110.125057	0.000272	0.417694
-68108.158369	0.000300	0.424197
-68105.816764	0.000297	0.424591
-68103.156368	0.000431	0.435628
-68101.238805	0.000397	0.438488
-68098.320566	0.000531	0.447003
-68096.441694	0.000406	0.442968
-68093.661656	0.000209	0.433974
-68092.723662	0.000400	0.434863
-68090.856791	0.000591	0.431475
-68089.330540	0.000541	0.434971
-68086.597548	0.000303	0.433402
-68084.009298	0.000403	0.439754
-68081.453161	0.000503	0.434101
-68078.465470	0.000272	0.433429
-68075.905096	0.000450	0.422366
-68073.007577	0.000319	0.424022
-68070.615467	0.000472	0.439386
-68068.666982	0.000259	0.431117
-68066.981774	0.000378	0.424440
-68066.116434	0.000456	0.421335
-68063.899715	0.000394	0.429648
-68061.801859	0.000428	0.432342
-68059.881465	0.000284	0.431422
-68057.332751	0.000347	0.438830
-68055.114182	0.000266	0.439200
-68052.313254	0.000159	0.434636
-68050.302232	0.000481	0.438236
-68047.471493	0.000603	0.432340
-68045.923326	0.000494	0.428730
-68044.004626	0.000228	0.441496
-68042.392405	0.000297	0.441699
-68040.616032	0.000306	0.431737
-68038.633010	0.000059	0.438189
-68036.018908	0.000625	0.441589
-68033.420409	0.000294	0.428353
-68030.668482	0.000259	0.429657
-68027.817234	0.000322	0.433033
-68024.906950	0.000334	0.439115
-68022.531575	0.000403	0.426080
-68020.711828	0.000341	0.422045
-68019.276096	0.000259	0.423076
-68017.462469	0.000522	0.411328
-68016.279642	0.000131	0.428997
-68014.127362	0.000272	0.437709
-68011.918803	0.000459	0.433972
-68009.429777	0.000359	0.438056
-68007.227375	0.000316	0.428608
-68004.748639	0.000425	0.437706
-68001.796487	0.000325	0.430040
-68000.125577	0.000322	0.444822
-67997.490347	0.000344	0.443101
-67996.371173	0.000375	0.444826
-67994.178108	0.000350	0.451725
-67993.291917	0.000519	0.448448
-67990.321046	0.000238	0.425118
-67988.027677	0.000431	0.422468
-67985.266772	0.000456	0.429853
-67982.893651	0.000356	0.443548
-67979.997695	0.000313	0.434396
-67976.886656	0.000341	0.422387
-67974.624273	0.000250	0.419119
-67971.847939	0.000328	0.431004
-67970.411628	0.000431	0.437354
-67969.499276	0.000434	0.438175
-67969.999440	0.000409	0.440902
-67971.124180	0.000553	0.439694
-67972.449877	0.000181	0.438644
-67972.231168	0.000363	0.442566
-67972.084714	0.000394	0.446274
-67970.140017	0.000288	0.439197
-67970.404988	0.000422	0.443568
-67969.885233	0.000341	0.448334
-67971.305202	0.000478	0.443824
-67971.596435	0.000456	0.440958
-67971.828517	0.000494	0.432328
-67971.335534	0.000238	0.431764
-67970.534023	0.000213	0.434879
-67970.435176	0.000241	0.429360
-67970.276077	0.000178	0.428332
-67971.103176	0.000481	0.434358
-67971.006336	0.000359	0.421337
-67971.408862	0.000488	0.428699
-67970.864558	0.000228	0.437727
