-74220.090704	0.000153	0.368220
-74209.806487	0.000319	0.370980
-74202.462781	0.000172	0.373498
-74199.092783	0.000400	0.370963
-74198.139328	0.000359	0.383283
-74196.396455	0.000313	0.381017
-74189.845250	0.000197	0.384523
-74180.453933	0.000591	0.376177
-74170.625627	0.000116	0.381726
-74161.843858	0.000488	0.383791
-74155.173634	0.000359	0.381198
-74150.414829	0.000397	0.393481
-74147.712772	0.000319	0.389406
-74143.763035	0.000194	0.385283
-74137.762574	0.000384	0.376397
-74129.928992	0.000372	0.385202
-74121.581322	0.000188	0.380237
-74113.674413	0.000556	0.377011
-74106.936526	0.000344	0.383635
-74101.955011	0.000391	0.383394
-74098.493152	0.000559	0.376473
-74094.748366	0.000238	0.371966
-74088.585368	0.000425	0.366223
-74081.025275	0.000231	0.385120
-74073.379361	0.000472	0.377181
-74065.513622	0.000253	0.385361
-74058.070612	0.000356	0.376356
-74051.659160	0.000328	0.387827
-74048.095780	0.000150	0.388698
-74043.608682	0.000263	0.382401
-74038.473853	0.000441	0.389941
-74031.026211	0.000216	0.390730
-74023.582222	0.000434	0.394703
-74015.950485	0.000191	0.387914
-74008.807482	0.000213	0.380843
-74003.466041	0.000388	0.378111
-73999.414939	0.000069	0.374023
-73995.541043	0.000022	0.373293
-73989.564146	0.000241	0.387947
-73982.566488	0.000294	0.379638
-73975.169100	0.000306	0.371430
-73967.161358	0.000528	0.374998
-73959.928479	0.000441	0.376742
-73953.524560	0.000403	0.369049
-73949.492432	0.000647	0.380091
-73945.232192	0.000303	0.389669
-73939.467487	0.000347	0.384669
-73932.421766	0.000231	0.388280
-73925.245997	0.000469	0.383817
-73917.800843	0.000319	0.374053
-73910.494281	0.000497	0.387955
-73904.916390	0.000363	0.395573
-73900.762097	0.000175	0.392644
-73896.381622	0.000188	0.385479
-73890.868199	0.000259	0.380353
-73883.934610	0.000316	0.377173
-73877.118881	0.000413	0.372199
-73869.014007	-0.000031	0.377453
-73861.032019	0.000297	0.390597
-73854.763129	0.000300	0.385920
-73850.683131	0.000244	0.370624
-73846.510382	0.000506	0.377998
-73840.675299	0.000400	0.374222
-73834.298115	0.000450	0.375807
-73827.008790	0.000297	0.384810
-73819.524946	0.000425	0.381346
-73812.283919	0.000325	0.390295
-73805.733155	0.000234	0.377945
-73802.383633	0.000216	0.377278
-73797.086647	0.000394	0.380791
-73791.565226	0.000478	0.385748
-73785.001005	0.000500	0.387241
-73778.506288	0.000466	0.393781
-73770.605351	0.000041	0.398308
-73762.973988	0.000022	0.393588
-73756.740027	0.000150	0.385945
-73752.283248	0.000256	0.373847
-73747.733917	0.000278	0.384157
-73741.757446	0.000381	0.382348
-73735.388375	0.000463	0.379835
-73728.476535	0.000519	0.375003
-73721.199534	0.000403	0.369277
-73713.255985	0.000338	0.373291
-73707.789997	0.000428	0.379423
-73703.063489	0.000363	0.376874
-73699.161385	0.000509	0.389299
-73693.206576	0.000175	0.386200
-73687.406963	0.000288	0.377688
-73679.920134	0.000234	0.382741
-73672.291477	0.000500	0.380394
-73664.318681	0.000588	0.390483
-73658.691671	0.000559	0.387110
-73653.930987	0.000456	0.387870
-73649.828251	0.000281	0.389136
-73643.834636	0.000344	0.390659
-73637.399408	-0.000150	0.382850
-73630.701852	0.000081	0.381335
-73622.318771	0.000156	0.383949
-73614.963487	0.000463	0.386968
-73608.701114	0.000294	0.386836
-73605.144925	0.000328	0.376417
-73600.876161	0.000350	0.380512
-73595.601477	0.000625	0.374681
-73589.332682	0.000300	0.378171
-73581.807767	0.000134	0.381263
-73573.674683	-0.000050	0.387129
-73565.528381	0.000331	0.393451
-73560.142284	0.000297	0.388529
-73556.012769	0.000363	0.386680
-73551.932241	0.000231	0.382745
-73545.621796	0.000553	0.394893
-73539.084290	0.000522	0.394072
-73531.697715	0.000241	0.400802
-73523.824611	0.000200	0.382925
-73515.859938	0.000288	0.386476
-73510.986348	0.000297	0.381814
-73507.195242	0.000353	0.382764
-73502.932882	0.000363	0.378100
-73497.252942	-0.000013	0.376738
-73490.983126	0.000294	0.386010
-73483.169268	0.000294	0.378810
-73475.274681	0.000353	0.376756
-73467.497454	0.000453	0.371555
-73462.235767	0.000409	0.390377
-73458.539478	0.000356	0.393329
-73453.929614	0.000497	0.389609
-73448.088699	0.000369	0.389449
-73440.558456	0.000391	0.386218
-73433.303332	0.000384	0.383160
-73424.850861	0.000209	0.377946
-73417.657654	0.000197	0.388707
-73412.612239	0.000197	0.382503
-73409.209373	0.000416	0.396385
-73405.238708	0.000178	0.394972
-73399.337204	0.000444	0.388049
-73392.495478	0.000069	0.387112
-73384.192440	0.000372	0.376532
-73376.641652	0.000422	0.385540
-73368.832992	0.000388	0.385732
-73364.089149	0.000206	0.383348
-73360.225935	0.000309	0.368020
-73356.218982	0.000628	0.368218
-73349.735519	0.000375	0.369991
-73342.868388	0.000200	0.371474
-73334.327191	0.000328	0.377851
-73325.932557	0.000384	0.388709
-73318.446770	0.000406	0.387042
-73314.106369	0.000597	0.382243
-73311.211041	0.000238	0.385511
-73307.219697	0.000259	0.376843
-73300.886082	0.000228	0.376741
-73293.697827	0.000281	0.386516
-73285.532713	0.000119	0.383111
-73276.530153	0.000284	0.386357
-73270.199164	0.000297	0.393258
-73265.875646	0.000275	0.384713
-73262.964055	0.000403	0.383845
-73257.685046	-0.000038	0.383124
-73251.082779	0.000338	0.386660
-73243.276865	0.000313	0.380840
-73235.191821	0.000519	0.372967
-73226.503416	0.000347	0.364935
-73220.456410	0.000563	0.369518
-73216.725988	0.000194	0.371847
-73213.679487	0.000269	0.379543
-73208.773785	0.000431	0.385524
-73201.907591	0.000372	0.392070
-73194.430035	0.000403	0.384280
-73186.301059	0.000409	0.386666
-73177.855584	0.000394	0.385442
-73171.639924	0.000194	0.378060
-73168.089742	0.000059	0.385969
-73164.931876	0.000297	0.391834
-73160.645233	0.000203	0.386244
-73152.701499	0.000397	0.381969
-73145.288398	0.000322	0.383505
-73135.847064	0.000384	0.379004
-73128.263867	0.000375	0.381170
-73122.336297	0.000269	0.388921
-73118.872232	0.000331	0.391269
-73116.538380	0.000478	0.371166
-73110.584100	0.000253	0.370002
-73103.892179	0.000188	0.375797
-73094.931888	0.000213	0.374663
-73087.178510	0.000456	0.384139
-73079.332926	0.000481	0.386062
-73074.299088	0.000303	0.382605
-73070.857357	0.000275	0.385144
-73067.400801	0.000444	0.383224
-73061.804296	0.000406	0.383209
-73054.545414	0.000425	0.380370
-73046.346965	0.000175	0.386746
-73038.262718	0.000481	0.394349
-73030.009672	0.000125	0.381265
-73024.725784	0.000419	0.389890
-73021.143956	0.000375	0.386012
-73017.853574	0.000438	0.380077
-73012.237802	0.000081	0.378124
-73005.078890	0.000300	0.388345
-72997.363969	0.000134	0.379280
-72988.531866	0.000288	0.366887
-72981.178046	0.000203	0.369280
-72975.601947	0.000316	0.370195
-72973.116936	0.000325	0.370872
-72969.664326	0.000288	0.378651
-72963.668830	0.000244	0.382796
-72955.894350	0.000406	0.387802
-72947.619208	0.000416	0.384927
-72939.497847	0.000334	0.389435
-72932.331205	0.000194	0.384292
-72926.567302	0.000331	0.387389
-72923.699351	0.000375	0.390576
-72919.373923	0.000538	0.395330
-72913.771063	0.000491	0.387851
-72906.023646	0.000303	0.387797
-72898.480166	0.000316	0.383368
-72890.369129	0.000309	0.376142
-72883.089935	0.000019	0.379925
-72878.303441	0.000147	0.378547
-72874.536673	0.000106	0.384572
-72871.100905	0.000325	0.367755
-72864.624894	0.000259	0.370403
-72857.721450	0.000119	0.372465
-72849.356647	0.000334	0.375446
-72841.877039	0.000469	0.381718
-72833.622243	0.000234	0.388149
-72828.964166	0.000325	0.388315
-72824.714520	0.000456	0.401047
-72821.451882	0.000294	0.387428
-72815.185061	0.000334	0.382434
-72808.108997	0.000409	0.386029
-72800.269929	0.000363	0.383500
-72792.090239	0.000303	0.383054
-72785.257075	0.000469	0.383544
-72780.095344	0.000400	0.378636
-72776.926748	0.000166	0.379293
-72772.552059	0.000434	0.374457
-72766.454962	0.000350	0.379161
-72759.219144	0.000334	0.384153
-72751.797793	0.000334	0.384098
-72743.750924	0.000275	0.373332
-72736.271785	0.000256	0.369144
-72730.369409	0.000472	0.374900
-72727.408038	0.000328	0.374237
-72722.935413	0.000216	0.380251
-72716.716271	0.000428	0.378298
-72710.066488	0.000450	0.379866
-72702.400886	0.000275	0.378127
-72695.180268	0.000434	0.382819
-72688.386742	0.000266	0.375171
-72682.896316	0.000366	0.385393
-72679.359662	0.000303	0.382238
-72673.506626	0.000466	0.386437
-72668.091279	0.000422	0.383335
-72660.683338	0.000169	0.384736
-72654.576111	0.000172	0.386626
-72646.703952	0.000494	0.386178
-72639.537405	0.000366	0.376631
-72633.194633	0.000469	0.391681
-72629.147614	0.000266	0.387388
-72624.360344	0.000413	0.363975
-72619.035162	0.000241	0.369287
-72612.388098	0.000119	0.372594
-72605.445937	0.000309	0.378794
-72597.306148	0.000250	0.378456
-72589.887487	0.000350	0.384312
-72584.343041	0.000356	0.385040
-72579.893158	0.000234	0.389019
-72576.104745	0.000053	0.383290
-72569.990347	0.000213	0.377910
-72564.117768	0.000391	0.382844
-72556.333275	0.000522	0.394940
-72548.595103	0.000228	0.394215
-72540.488757	0.000534	0.395010
-72535.457792	0.000228	0.389033
-72531.774030	0.000328	0.384510
-72527.158962	0.000331	0.369452
-72521.099505	0.000238	0.372587
-72514.599619	0.000244	0.380835
-72507.063008	0.000250	0.387156
-72499.479405	0.000103	0.369041
-72491.774165	0.000428	0.372655
-72486.235578	0.000269	0.370923
-72482.690938	0.000353	0.365380
-72477.596702	0.000272	0.378015
-72472.081829	0.000522	0.378533
-72465.773378	0.000356	0.384740
-72458.761432	0.000550	0.389594
-72450.433153	0.000450	0.387591
-72443.164459	0.000156	0.372481
-72437.430637	0.000219	0.380511
-72433.630780	0.000141	0.387733
-72428.730903	0.000247	0.383219
-72423.299725	0.000331	0.393147
-72416.461450	0.000319	0.386213
-72409.071022	0.000278	0.388060
-72401.221253	0.000431	0.373765
-72393.339082	0.000250	0.378781
-72387.898117	0.000341	0.391151
-72384.014360	0.000356	0.386154
-72380.169560	0.000256	0.373095
-72374.666935	0.000409	0.380066
-72368.497757	0.000266	0.370407
-72360.643868	0.000478	0.368179
-72352.188240	0.000169	0.372970
-72344.469906	0.000278	0.382996
-72339.710380	0.000159	0.383608
-72336.053115	0.000497	0.389925
-72331.861638	0.000316	0.388634
-72325.576640	0.000388	0.383443
-72318.781679	0.000306	0.382734
-72311.177381	0.000322	0.390508
-72302.373316	0.000353	0.384089
-72295.281058	0.000306	0.388282
-72290.435467	0.000519	0.392353
-72287.092065	0.000278	0.377970
-72282.584884	0.000322	0.373786
-72276.886046	0.000384	0.379165
-72269.798546	0.000356	0.381005
-72262.446951	0.000481	0.386359
-72253.361469	0.000244	0.370076
-72246.745868	0.000234	0.376309
-72241.782997	0.000081	0.362719
-72238.770544	0.000603	0.374870
-72233.665985	0.000334	0.381642
-72227.854485	0.000206	0.379388
-72220.645344	0.000563	0.390283
-72212.619249	0.000559	0.396528
-72204.124329	0.000156	0.382202
-72196.447950	0.000222	0.380667
-72192.303589	0.000250	0.398215
-72189.241227	0.000197	0.391026
-72185.240760	0.000381	0.389730
-72179.074306	0.000428	0.394089
-72172.226033	0.000284	0.391785
-72163.361114	0.000291	0.385601
-72155.163393	0.000394	0.374853
-72148.349096	0.000197	0.374061
-72144.774208	0.000159	0.386752
-72141.638816	0.000075	0.384141
-72136.579505	0.000306	0.372819
-72129.973137	0.000078	0.374295
-72121.859875	0.000075	0.379410
-72114.079818	0.000241	0.384630
-72105.033661	0.000459	0.391211
-72099.354216	0.000441	0.393100
-72094.986280	0.000556	0.387652
-72092.160422	0.000100	0.386675
-72087.479456	0.000431	0.387904
-72081.393036	0.000191	0.379610
-72073.092065	0.000488	0.384207
-72064.858914	0.000250	0.390247
-72056.153492	0.000191	0.395539
-72050.402956	0.000553	0.378995
-72046.821893	0.000125	0.386747
-72044.066892	0.000481	0.377782
-72038.590494	0.000338	0.377137
-72031.629386	0.000325	0.375965
-72023.608067	0.000375	0.378799
-72014.758962	0.000275	0.378312
-72006.624617	0.000347	0.374167
-72000.443274	0.000369	0.370722
-71997.591080	0.000441	0.372865
-71993.924465	0.000569	0.375606
-71989.261313	0.000253	0.386875
-71981.735338	0.000306	0.385369
-71974.158101	0.000563	0.383340
-71965.469805	0.000294	0.379194
-71957.421039	0.000209	0.384676
-71951.969321	0.000425	0.384968
-71948.983261	0.000219	0.383167
-71945.715767	0.000397	0.389112
-71939.930675	0.000159	0.394931
-71932.872374	0.000350	0.393645
-71924.461490	0.000394	0.393135
-71916.397483	0.000084	0.378404
-71907.769453	0.000275	0.378461
-71902.855927	0.000209	0.378928
-71899.020744	0.000606	0.379147
-71896.204038	0.000175	0.386691
-71890.523600	0.000300	0.373138
-71883.678929	0.000184	0.372690
-71874.883660	0.000466	0.376536
-71866.570442	0.000416	0.371875
-71858.749367	0.000138	0.387486
-71853.755316	0.000319	0.383765
-71850.610757	0.000316	0.387457
-71848.221521	0.000266	0.391267
-71841.085569	0.000381	0.377032
-71834.192796	0.000166	0.382683
-71824.858689	0.000425	0.387073
-71817.075618	0.000409	0.388554
-71809.486168	0.000153	0.393462
-71804.265420	0.000378	0.392678
-71801.380237	0.000322	0.388148
-71796.828435	0.000350	0.389252
-71791.668139	0.000263	0.377921
-71783.194139	0.000225	0.377777
-71775.840263	0.000141	0.387620
-71766.871005	0.000244	0.381565
-71760.483202	0.000234	0.376932
-71755.154705	0.000378	0.373280
-71752.639458	0.000372	0.376720
-71748.417322	0.000453	0.374330
-71742.025588	0.000613	0.381373
-71734.322818	0.000388	0.390705
-71726.384664	0.000250	0.399102
-71717.937332	0.000097	0.400124
-71710.478808	0.000553	0.382380
-71705.112835	0.000319	0.386694
-71701.785437	0.000309	0.382960
-71697.865243	0.000581	0.393095
-71691.737650	0.000409	0.391674
-71684.332272	0.000159	0.390179
-71676.039015	0.000313	0.390161
-71668.109443	0.000266	0.389474
-71660.502593	0.000584	0.389628
-71656.356136	0.000366	0.393564
-71653.052252	0.000569	0.388341
-71648.739848	0.000281	0.383544
-71642.295115	0.000450	0.372424
-71634.744679	0.000566	0.380443
-71626.929773	0.000331	0.373184
-71618.087676	0.000397	0.381894
-71611.015717	0.000356	0.388902
-71605.728360	0.000513	0.386379
-71602.590397	0.000238	0.384215
-71597.979786	0.000559	0.384076
-71591.720393	0.000528	0.384843
-71583.989700	0.000353	0.388197
-71576.324622	0.000153	0.385021
-71568.429103	0.000394	0.389556
-71561.570726	0.000416	0.396962
-71557.189489	0.000216	0.395202
-71553.692388	0.000272	0.388162
-71549.048031	0.000484	0.384196
-71542.303083	0.000138	0.379993
-71535.052476	0.000253	0.386209
-71527.494010	0.000388	0.390919
-71519.326137	0.000231	0.391817
-71511.888131	0.000297	0.371662
-71506.732074	0.000238	0.369405
-71502.835556	0.000572	0.378428
-71497.943596	0.000225	0.380427
-71491.616771	0.000525	0.374453
-71484.584305	0.000491	0.384089
-71477.139003	0.000334	0.399804
-71469.615117	0.000341	0.388949
-71462.250760	0.000316	0.382661
-71457.460524	0.000350	0.387130
-71453.643668	0.000172	0.398352
-71448.638743	0.000516	0.388015
-71443.048589	0.000122	0.396921
-71435.232454	0.000491	0.401579
-71428.805270	0.000225	0.391902
-71419.465444	0.000253	0.383464
-71412.604876	0.000288	0.386553
-71406.646405	0.000241	0.384079
-71403.250275	0.000359	0.396219
-71398.506335	0.000238	0.396637
-71392.758051	0.000303	0.380731
-71385.295026	0.000519	0.378641
-71377.723147	0.000281	0.383218
-71369.617216	0.000144	0.378655
-71362.362674	0.000328	0.384569
-71357.648872	0.000213	0.389945
-71353.871013	0.000306	0.394809
-71349.300384	0.000175	0.391178
-71342.980671	0.000344	0.397112
-71336.157621	0.000166	0.386264
-71328.325476	0.000469	0.386615
-71321.099818	0.000653	0.385121
-71312.960330	0.000188	0.385536
-71308.133757	0.000359	0.399791
-71303.113320	0.000372	0.385283
-71298.820547	0.000203	0.384746
-71291.865377	0.000419	0.381966
-71285.298987	0.000172	0.392076
-71277.946363	0.000481	0.393470
-71270.472660	0.000459	0.394101
-71262.757562	0.000450	0.374030
-71257.545712	0.000456	0.378783
-71253.440496	0.000203	0.386532
-71248.782703	0.000272	0.381638
-71243.114146	0.000156	0.387558
-71236.009365	0.000231	0.390166
-71229.298255	0.000366	0.384671
-71220.788710	0.000456	0.388462
-71212.791010	0.000353	0.381901
-71206.963489	0.000241	0.388864
-71202.908513	0.000291	0.392130
-71197.751986	0.000466	0.391043
-71192.942476	0.000334	0.389725
-71184.844899	0.000428	0.395153
-71177.943086	0.000388	0.395353
-71168.735452	0.000416	0.387976
-71162.124012	0.000166	0.380418
-71156.718329	0.000406	0.384145
-71153.256548	0.000581	0.388945
-71148.716520	0.000325	0.391363
-71142.777579	0.000300	0.374517
-71135.780607	0.000234	0.380753
-71128.195079	0.000213	0.384520
-71119.964891	0.000528	0.377555
-71112.234727	0.000381	0.392730
-71107.082304	0.000209	0.397593
-71102.649703	0.000500	0.412725
-71098.042042	0.000203	0.388723
-71091.360365	0.000200	0.388559
-71084.367200	0.000053	0.382480
-71076.500803	0.000413	0.392997
-71068.525728	0.000422	0.394892
-71061.182129	0.000006	0.395875
-71056.483336	0.000400	0.387868
-71052.329388	0.000603	0.387962
-71047.974707	0.000434	0.384160
-71041.602313	0.000044	0.384889
-71035.054045	0.000222	0.392478
-71027.018289	0.000553	0.381251
-71018.828327	0.000453	0.382579
-71011.304749	0.000106	0.367018
-71006.245438	0.000416	0.384880
-71002.039340	0.000322	0.376069
-70997.617861	0.000300	0.374909
-70991.273597	0.000281	0.384775
-70983.257015	0.000409	0.384708
-70975.605067	0.000188	0.393380
-70966.744814	0.000144	0.382370
-70960.031371	0.000422	0.386874
-70955.239383	0.000378	0.382886
-70952.122011	0.000119	0.384487
-70947.797430	0.000153	0.382542
-70941.316615	0.000241	0.386020
-70934.552374	0.000331	0.393802
-70925.875574	0.000328	0.382046
-70917.579408	0.000150	0.382453
-70910.033483	0.000313	0.386903
-70906.052838	0.000109	0.385563
-70902.097135	0.000338	0.392673
-70897.684038	0.000163	0.383767
-70890.715698	0.000178	0.378723
-70882.764362	0.000300	0.370418
-70874.569356	0.000422	0.372753
-70866.003644	0.000056	0.375541
-70859.320998	0.000128	0.380400
-70854.904974	0.000288	0.389770
-70851.596930	0.000334	0.397660
-70846.838160	0.000228	0.386889
-70840.473844	0.000003	0.383953
-70832.643312	0.000228	0.383284
-70824.678919	0.000303	0.391472
-70816.124305	0.000463	0.386477
-70809.394566	0.000259	0.388565
-70804.944834	0.000331	0.398155
-70801.736526	0.000325	0.389322
-70796.646530	0.000469	0.390237
-70789.217727	0.000450	0.385951
-70781.460785	0.000484	0.398009
-70772.193938	0.000063	0.386675
-70763.881075	0.000197	0.375978
-70757.325668	0.000413	0.373534
-70754.520245	0.000281	0.368746
-70750.856642	0.000347	0.359541
-70746.363469	0.000109	0.369379
-70738.608696	0.000503	0.378475
-70730.837585	0.000563	0.398407
-70722.283016	0.000416	0.399038
-70713.680980	0.000263	0.391215
-70707.598948	0.000456	0.391340
-70703.812369	0.000216	0.394282
-70700.925510	0.000366	0.387370
-70695.087604	0.000369	0.380781
-70687.938032	0.000206	0.383828
-70679.166554	0.000319	0.384127
-70670.684325	0.000188	0.382620
-70661.959910	0.000494	0.389951
-70656.238985	0.000294	0.382381
-70652.660925	0.000328	0.387945
-70649.643275	0.000409	0.402934
-70643.970397	0.000144	0.388113
-70637.040150	0.000278	0.367594
-70628.259733	0.000156	0.360807
-70620.150376	0.000316	0.365250
-70611.273247	0.000647	0.367930
-70605.757583	0.000444	0.386589
-70602.512525	0.000347	0.393037
-70599.191143	0.000391	0.392058
-70593.408035	0.000234	0.401669
-70585.229228	0.000300	0.389259
-70576.536911	0.000506	0.390088
-70567.458093	0.000494	0.381520
-70560.117579	0.000306	0.376860
-70554.233336	0.000213	0.394923
-70551.434464	0.000284	0.386585
-70547.194884	0.000459	0.381478
-70541.816939	0.000584	0.382615
-70533.761684	0.000241	0.384447
-70525.865951	0.000347	0.396280
-70516.990004	0.000378	0.398590
-70509.127554	0.000313	0.383712
-70503.926054	0.000547	0.374701
-70500.624840	0.000172	0.361794
-70497.176692	0.000378	0.364989
-70490.751833	0.000531	0.371876
-70483.216928	0.000397	0.377810
-70473.800721	0.000672	0.379477
-70465.226002	0.000516	0.393188
-70457.127561	0.000153	0.383423
-70452.173465	0.000169	0.387987
-70448.817801	0.000450	0.387674
-70445.292907	0.000294	0.386626
-70439.216832	0.000156	0.392361
-70431.323468	-0.000019	0.385848
-70422.819926	0.000325	0.388189
-70414.322483	0.000203	0.392325
-70406.630323	0.000250	0.388736
-70402.058892	0.000194	0.383935
-70398.697738	0.000275	0.378977
-70394.770887	0.000328	0.386110
-70388.121522	0.000375	0.383389
-70379.718618	0.000366	0.370593
-70371.572118	0.000366	0.363544
-70362.999612	0.000269	0.375270
-70356.829815	0.000075	0.373771
-70356.063650	0.000316	0.372318
-70361.218959	0.000319	0.380711
-70367.764727	0.000388	0.374742
-70370.779767	0.000428	0.389967
-70369.793135	0.000322	0.377216
-70364.286716	0.000166	0.385998
-70360.405474	0.000156	0.386468
-70358.508747	0.000506	0.388756
-70360.981356	0.000253	0.386899
-70364.732540	0.000238	0.384770
-70367.222409	0.000256	0.375660
-70367.278508	0.000250	0.376718
-70364.846783	0.000419	0.367223
-70362.122392	0.000491	0.387640
-70360.861077	0.000353	0.378578
-70361.277753	0.000328	0.378076
-70363.577138	0.000263	0.362822
-70365.337843	0.000181	0.369728
-70365.549130	0.000347	0.361044
-70364.913099	0.000519	0.371675
-70362.881696	0.000481	0.376234
-70362.260294	0.000403	0.377781
-70361.820748	0.000206	0.385307
-70363.435873	0.000481	0.378602
-70364.108624	0.000347	0.375723
-70364.992608	0.000175	0.377422
