1941.851337	0.000413	0.412093
1940.894009	0.000366	0.411533
1938.457167	0.000469	0.394878
1936.637631	0.000403	0.398581
1934.489377	0.000506	0.403487
1932.962935	0.000325	0.405408
1930.970599	0.000563	0.410602
1929.240526	0.000478	0.401748
1927.179532	0.000441	0.398332
1925.418835	0.000266	0.397335
1922.745539	0.000291	0.397141
1920.042922	0.000600	0.392770
1917.013578	0.000425	0.403597
1914.197835	0.000406	0.405625
1912.370657	0.000228	0.408032
1910.627117	0.000309	0.406438
1909.909196	0.000522	0.409734
1908.696541	0.000122	0.405251
1908.192485	0.000388	0.403896
1906.635219	0.000250	0.412242
1904.893323	0.000472	0.410274
1900.767864	0.000166	0.408347
1897.918703	0.000381	0.411958
1894.641541	0.000231	0.401396
1892.463390	0.000484	0.401319
1892.023152	0.000347	0.406656
1890.408691	0.000197	0.407629
1889.952065	0.000372	0.388184
1887.677129	0.000428	0.387009
1885.102805	0.000422	0.396382
1882.279575	0.000456	0.395106
1879.597215	0.000256	0.394756
1877.854046	0.000316	0.403971
1875.536256	0.000234	0.409484
1873.521691	0.000616	0.404737
1870.193989	0.000341	0.394542
1867.857003	0.000341	0.408005
1865.201479	0.000253	0.405041
1863.698131	0.000297	0.409186
1862.283070	0.000472	0.415984
1860.382208	0.000228	0.421595
1858.309445	0.000113	0.414234
1855.450498	0.000275	0.405247
1853.710940	0.000372	0.397313
1850.473777	0.000169	0.394681
1848.403509	0.000406	0.404574
1845.635962	0.000294	0.408592
1844.158242	0.000409	0.393120
1842.502680	0.000350	0.398207
1841.226903	0.000350	0.383195
1839.665702	0.000563	0.397999
1837.725785	0.000338	0.398204
1834.923955	0.000344	0.413898
1832.663914	0.000225	0.414876
1830.667954	0.000309	0.415499
1828.728782	0.000113	0.418431
1825.523426	0.000363	0.409409
1823.318631	0.000431	0.402081
1820.020195	0.000256	0.405399
1818.399837	0.000266	0.408588
1816.453823	0.000219	0.413979
1814.809203	0.000303	0.415484
1813.516074	0.000194	0.404306
1810.552858	0.000256	0.394527
1809.068578	0.000581	0.396220
1806.185272	0.000094	0.412016
1803.848695	0.000394	0.407905
1800.947092	0.000441	0.393452
1799.184010	0.000456	0.399538
1796.912140	0.000488	0.407087
1795.080139	0.000409	0.396457
1793.978285	0.000372	0.405557
1792.176501	0.000494	0.410997
1790.423917	0.000272	0.413573
1788.237094	0.000228	0.410775
1786.113716	0.000397	0.412493
1783.914873	0.000350	0.406798
1781.055918	0.000353	0.408232
1778.827329	0.000206	0.415741
1775.527915	0.000356	0.407413
1773.331025	0.000341	0.411193
1770.665831	0.000328	0.419540
1769.062225	0.000059	0.412782
1767.972721	0.000363	0.404989
1765.325698	0.000363	0.404898
1763.763624	0.000406	0.415515
1760.725485	0.000419	0.404334
1758.982527	0.000434	0.401275
1755.748484	0.000200	0.397653
1754.244267	0.000372	0.389371
1751.114544	0.000341	0.392550
1749.156011	0.000178	0.393777
1746.946798	0.000428	0.410037
1745.210165	0.000322	0.411153
1744.466953	0.000472	0.416333
1742.363459	0.000416	0.410653
1740.745934	0.000200	0.409117
1738.224592	0.000272	0.418825
1736.184841	0.000138	0.412893
1733.250910	0.000378	0.406845
1731.030229	0.000284	0.411239
1727.908488	0.000397	0.429835
1725.533515	0.000225	0.410162
1723.153478	0.000231	0.406354
1721.565218	-0.000084	0.410424
1719.539953	0.000334	0.410925
1718.330719	0.000391	0.407341
1715.649390	0.000309	0.393427
1713.778024	0.000284	0.401388
1710.901411	0.000344	0.402326
1708.871499	0.000497	0.397918
1706.483870	0.000313	0.409550
1703.640454	0.000472	0.407164
1701.666883	0.000206	0.419097
1699.472025	0.000438	0.416442
1698.121017	0.000441	0.411031
1696.294587	0.000275	0.413024
1695.167696	0.000372	0.401502
1693.027950	0.000294	0.407967
1691.101964	0.000491	0.410462
1688.347463	0.000191	0.414973
1686.021147	0.000266	0.411323
1683.346774	0.000297	0.407798
1680.786381	0.000222	0.404194
1678.440440	0.000494	0.396145
1675.576165	0.000228	0.415277
1673.899233	0.000319	0.414471
1671.616938	0.000431	0.397034
1669.977341	0.000384	0.399463
1668.315384	0.000319	0.398929
1665.529742	0.000391	0.399603
1663.497235	0.000450	0.400051
1660.945500	0.000250	0.410859
1658.487124	0.000281	0.411441
1656.054075	0.000319	0.420305
1654.063883	0.000334	0.407349
1651.495870	0.000438	0.408690
1649.872960	0.000300	0.417858
1648.465240	0.000319	0.422065
1647.129078	0.000297	0.408404
1645.032420	0.000334	0.411277
1642.922333	0.000378	0.419550
1640.622380	0.000263	0.410891
1638.143967	0.000341	0.405063
1635.886117	0.000400	0.410653
1633.086436	0.000416	0.408197
1630.459147	0.000447	0.409060
1627.714008	0.000484	0.406511
1625.171820	0.000400	0.391459
1623.506627	0.000216	0.399909
1622.136261	0.000491	0.402853
1620.050340	0.000400	0.395023
1617.995906	0.000091	0.411358
1615.839282	0.000591	0.423822
1613.592391	0.000384	0.413796
1610.676454	0.000075	0.411983
1609.003357	0.000519	0.418237
1605.855539	0.000397	0.421581
1604.361207	0.000194	0.419121
1601.681802	0.000291	0.423891
1600.747717	0.000278	0.415985
1599.024330	0.000422	0.420505
1597.681544	0.000291	0.409188
1595.557774	0.000359	0.404484
1592.940835	0.000275	0.398644
1591.156790	0.000319	0.403885
1587.915895	0.000538	0.409841
1585.667739	0.000228	0.411037
1582.735437	0.000325	0.395589
1580.038185	0.000269	0.397643
1577.730556	0.000369	0.397020
1575.776459	0.000309	0.407474
1574.209526	0.000238	0.415971
1572.645826	0.000431	0.418967
1570.269401	0.000250	0.417095
1568.150343	0.000175	0.409021
1565.383753	0.000353	0.407340
1563.330257	0.000384	0.410149
1560.623270	0.000372	0.411115
1558.288840	0.000619	0.409900
1555.378028	0.000169	0.414524
1553.957141	0.000278	0.408437
1552.231639	0.000413	0.409442
1550.582589	0.000294	0.408530
1549.438574	0.000159	0.410703
1546.949734	0.000209	0.416526
1545.156258	0.000316	0.401174
1541.872363	0.000403	0.396726
1540.835780	0.000334	0.398869
1536.912960	0.000309	0.398153
1534.902157	0.000269	0.399512
1531.313281	0.000341	0.404710
1529.539893	0.000256	0.409347
1527.127870	0.000350	0.407378
1525.670092	0.000363	0.410462
1524.514709	0.000259	0.396875
1522.638855	0.000153	0.409574
1519.677364	0.000353	0.413273
1517.549615	0.000244	0.418089
1514.839924	0.000263	0.416795
1512.407536	0.000397	0.417494
1510.510607	0.000419	0.415174
1508.253440	0.000447	0.409954
1505.967361	0.000497	0.408397
1504.078131	0.000534	0.397663
1502.930877	0.000506	0.409924
1500.918364	0.000441	0.417629
1499.809288	0.000084	0.401263
1497.081192	0.000394	0.391104
1494.874952	0.000278	0.391390
1492.279115	0.000059	0.406073
1489.455997	0.000547	0.403753
1486.691681	0.000369	0.403721
1484.216044	0.000225	0.409850
1481.881336	0.000375	0.412748
1479.761807	0.000578	0.410476
1478.369293	0.000372	0.406101
1475.973773	0.000159	0.407388
1473.953469	0.000081	0.420261
1471.697786	0.000363	0.413033
1469.321129	0.000222	0.411814
1467.219189	0.000366	0.410764
1464.520280	0.000359	0.401684
1461.794022	0.000156	0.397026
1459.598419	0.000200	0.394110
1456.795691	0.000338	0.400706
1455.518308	0.000109	0.401748
1453.968711	0.000134	0.401921
1452.715702	0.000450	0.397426
1450.440702	0.000581	0.399888
1448.277272	0.000322	0.396328
1445.776427	0.000400	0.397383
1443.367206	0.000469	0.408449
1440.972083	0.000419	0.412835
1438.348078	0.000384	0.415623
1435.843718	0.000069	0.414139
1433.162981	0.000534	0.405266
1430.417445	0.000209	0.404384
1429.071360	0.000350	0.406587
1427.027189	0.000247	0.414223
1425.583437	0.000347	0.410336
1423.462891	0.000284	0.417940
1421.341640	0.000472	0.404511
1418.800119	0.000519	0.392319
1416.158361	0.000200	0.402296
1414.063415	0.000588	0.406119
1411.365805	0.000303	0.410629
1409.353677	0.000363	0.386480
1407.229679	0.000403	0.393114
1405.538210	0.000338	0.397168
1404.767536	0.000359	0.388273
1402.684343	0.000472	0.401334
1400.524238	0.000306	0.409995
1398.368745	0.000181	0.401747
1395.506571	0.000363	0.409871
1393.355764	0.000241	0.405580
1390.127747	0.000403	0.399766
1388.164027	0.000497	0.403512
1384.750682	0.000403	0.402452
1382.913523	0.000328	0.408550
1380.605826	0.000419	0.407086
1379.130322	0.000363	0.410094
1377.379434	0.000331	0.409227
1375.109310	0.000244	0.405610
1373.054784	0.000128	0.409824
1370.283678	0.000166	0.401199
1368.047522	0.000444	0.401401
1365.339332	0.000356	0.401450
1362.860481	0.000269	0.386205
1360.389370	0.000163	0.390881
1358.736260	0.000350	0.392644
1356.386491	0.000191	0.399649
1355.331605	0.000328	0.408527
1353.480265	0.000313	0.407326
1351.625301	0.000241	0.412060
1348.896601	0.000347	0.406319
1346.944646	0.000316	0.404364
1344.133155	0.000322	0.401520
1341.601260	0.000288	0.417974
1338.449056	0.000313	0.410912
1335.826759	0.000338	0.409350
1333.514287	0.000125	0.408058
1331.724516	0.000331	0.405151
1329.965681	0.000300	0.395223
1328.457225	0.000438	0.392456
1326.503186	0.000338	0.403587
1323.868380	0.000306	0.419083
1322.282342	0.000141	0.396863
1319.369088	0.000325	0.396426
1317.407150	0.000384	0.399463
1313.897977	0.000216	0.403154
1312.525301	0.000191	0.409150
1309.970500	0.000378	0.410858
1308.508329	0.000256	0.412390
1306.718709	0.000250	0.415139
1305.064112	0.000319	0.414326
1303.818097	0.000284	0.409222
1301.055222	0.000353	0.410954
1299.244110	0.000463	0.413853
1296.218687	0.000159	0.419215
1293.867446	0.000391	0.417582
1290.547195	0.000384	0.412513
1288.698268	0.000322	0.409345
1285.543168	0.000344	0.409473
1284.166771	0.000319	0.400359
1281.914598	0.000269	0.408287
1280.566310	0.000163	0.407828
1278.182698	0.000259	0.403713
1275.980515	0.000500	0.402688
1273.641847	0.000363	0.399426
1271.413090	0.000363	0.399113
1268.769047	0.000363	0.412022
1266.406554	0.000222	0.415165
1263.554818	0.000609	0.406886
1261.170227	0.000263	0.418705
1259.405773	0.000531	0.407115
1257.799517	0.000291	0.406365
1256.814156	0.000434	0.412692
1254.202882	0.000328	0.413323
1252.787890	0.000294	0.413814
1249.395417	0.000384	0.411940
1247.778584	0.000050	0.421476
1244.709620	0.000350	0.413851
1242.360260	0.000497	0.402438
1239.471631	0.000350	0.401757
1236.248487	0.000203	0.415808
1234.623082	0.000225	0.407682
1232.549828	0.000266	0.404142
1231.470271	0.000384	0.397370
1229.400505	0.000175	0.385691
1227.437507	0.000413	0.397379
1224.565225	0.000338	0.409781
1222.451776	0.000334	0.405309
1220.648224	0.000269	0.416343
1218.257152	0.000609	0.417797
1215.837557	0.000256	0.414335
1213.017503	0.000019	0.403695
1210.658052	0.000344	0.407013
1209.132124	0.000072	0.409641
1207.942467	0.000500	0.414614
1206.783534	0.000441	0.409052
1204.576653	0.000350	0.412137
1202.289582	0.000184	0.406162
1199.112094	0.000328	0.411920
1197.104822	0.000178	0.407145
1193.978865	0.000291	0.412919
1191.650451	0.000381	0.405971
1188.957555	0.000481	0.405003
1186.860972	0.000247	0.399455
1184.601956	0.000234	0.395810
1182.901911	0.000266	0.401740
1180.862599	0.000150	0.409323
1179.275172	0.000138	0.407481
1176.941372	0.000328	0.405817
1175.143873	0.000278	0.415076
1172.042398	0.000306	0.413620
1169.935700	0.000259	0.409385
1166.237918	0.000350	0.412300
1164.920401	0.000275	0.415341
1162.034868	0.000441	0.413316
1160.799358	0.000447	0.408034
1158.942933	0.000234	0.412040
1157.709957	0.000381	0.409898
1155.730910	0.000441	0.401088
1152.566836	0.000144	0.398331
1151.071625	0.000388	0.414452
1147.599455	0.000247	0.407586
1145.905483	0.000244	0.393098
1142.510591	0.000438	0.392591
1140.303680	0.000156	0.389825
1137.050924	0.000503	0.387732
1135.360260	0.000500	0.402583
1132.922748	0.000425	0.402996
1132.768710	0.000356	0.411571
1129.528722	0.000228	0.401108
1128.702417	0.000109	0.399818
1125.345152	0.000300	0.405944
1124.165474	0.000359	0.410471
1120.140865	0.000344	0.412727
1118.436189	0.000428	0.413260
1115.651241	0.000372	0.416299
1114.008058	0.000428	0.425777
1111.503860	0.000331	0.405297
1110.520584	0.000319	0.410731
1108.795068	0.000366	0.397978
1106.962699	0.000359	0.409285
1104.763007	0.000359	0.405514
1102.447304	0.000353	0.396673
1100.278195	0.000378	0.392720
1097.116832	0.000075	0.385634
1095.093422	0.000378	0.386871
1091.292521	0.000584	0.404193
1089.830642	0.000247	0.401523
1086.585717	0.000400	0.404543
1085.772487	0.000356	0.413817
1083.752776	0.000297	0.409230
1082.369493	0.000047	0.398450
1079.475828	0.000363	0.410123
1077.353239	0.000366	0.415149
1074.268970	0.000347	0.397709
1072.728366	0.000378	0.404043
1069.769215	0.000191	0.401756
1067.859902	0.000409	0.397989
1065.156084	0.000269	0.401499
1063.330367	0.000441	0.402506
1060.621410	0.000288	0.416380
1059.944959	0.000278	0.405163
1058.106191	0.000344	0.405325
1056.492272	0.000247	0.407613
1053.829516	0.000466	0.403442
1050.801043	0.000213	0.401168
1048.347419	0.000303	0.409111
1045.085829	0.000369	0.416250
1043.658935	0.000369	0.424554
1039.778403	0.000134	0.422648
1038.980206	0.000388	0.413459
1035.666857	0.000294	0.410970
1034.828461	0.000409	0.411014
1032.312713	0.000300	0.418503
1031.053800	0.000563	0.405268
1028.130846	0.000216	0.409109
1026.169715	0.000325	0.408600
1023.485015	0.000313	0.402462
1021.394976	0.000375	0.406102
1018.492333	0.000128	0.400515
1016.201361	0.000375	0.403887
1013.992756	0.000609	0.416737
1012.499614	0.000428	0.400650
1011.254949	0.000447	0.399645
1009.315627	0.000247	0.401900
1007.328796	0.000294	0.394122
1004.630252	0.000222	0.407149
1002.869861	0.000228	0.408418
1000.242529	0.000181	0.405968
997.898334	0.000091	0.415951
994.138689	0.000363	0.412405
992.384223	0.000413	0.413218
989.282906	0.000106	0.418044
988.191301	0.000238	0.423871
985.623641	0.000113	0.410324
984.716871	0.000344	0.415668
982.107824	0.000175	0.416874
980.321632	0.000431	0.415041
977.512361	0.000259	0.405567
975.668494	0.000569	0.394433
972.450048	0.000366	0.406136
970.048222	0.000109	0.408404
967.461871	0.000325	0.392302
965.266313	0.000256	0.394446
963.609120	0.000444	0.395200
961.950523	0.000216	0.396508
960.589508	0.000031	0.396562
958.556808	0.000094	0.410003
955.980943	0.000247	0.406370
953.265594	0.000319	0.409469
951.132460	0.000181	0.408549
948.443188	0.000534	0.398228
945.847578	0.000444	0.406171
943.214843	0.000341	0.402252
940.417687	0.000400	0.408805
937.575296	0.000413	0.415142
936.565557	0.000438	0.408779
934.509126	0.000275	0.404648
933.500088	0.000331	0.399499
930.728893	0.000400	0.401456
928.841472	0.000388	0.408929
926.189209	0.000438	0.415932
923.425772	0.000294	0.410331
920.955115	0.000175	0.396853
918.316818	0.000481	0.401042
916.207645	0.000528	0.404800
914.521576	0.000497	0.405413
913.358777	0.000313	0.408020
911.696887	0.000438	0.415177
909.525853	0.000344	0.406893
907.437615	0.000153	0.402037
905.088253	0.000366	0.405606
902.846739	0.000413	0.402138
900.245409	0.000569	0.406624
897.525381	0.000269	0.412038
895.007289	0.000419	0.406911
891.762133	0.000347	0.400904
890.156062	0.000106	0.410736
888.259170	0.000484	0.406075
887.427165	0.000259	0.395282
884.381211	0.000344	0.404412
883.055048	0.000303	0.410194
879.755788	0.000309	0.393414
877.937850	0.000225	0.386330
875.359446	0.000291	0.405864
872.836715	0.000084	0.396950
870.541233	0.000350	0.391727
867.267172	0.000231	0.408982
865.943177	0.000419	0.415684
864.066134	0.000391	0.408930
863.267794	0.000275	0.408097
860.740764	0.000450	0.403676
858.904799	0.000491	0.411579
856.229267	0.000209	0.408961
853.726792	0.000338	0.411947
851.607874	0.000278	0.418907
848.694788	0.000353	0.406129
846.049529	0.000359	0.402892
842.736399	0.000288	0.403706
840.692673	0.000241	0.390236
838.485879	0.000044	0.412624
837.205759	0.000313	0.409858
835.481807	0.000319	0.397378
833.276735	0.000397	0.395025
831.114533	0.000234	0.397881
828.166544	0.000494	0.393036
826.241105	0.000059	0.403772
823.792326	0.000022	0.407888
821.102676	0.000303	0.401252
818.902787	0.000531	0.409517
816.629204	0.000353	0.411790
814.990328	0.000175	0.403384
813.581235	0.000206	0.411696
812.260831	0.000503	0.410611
810.230973	0.000259	0.407921
807.930149	0.000238	0.405600
805.612005	0.000375	0.405221
802.933682	0.000238	0.410899
800.096603	0.000144	0.404102
797.718550	0.000413	0.397770
794.909920	0.000234	0.416583
793.028516	0.000278	0.414001
790.898361	0.000322	0.406458
788.936977	0.000488	0.397220
787.737591	0.000319	0.403333
785.124841	0.000478	0.405405
783.017779	0.000313	0.404014
780.782983	0.000259	0.417136
778.326038	0.000263	0.411196
775.929429	0.000256	0.411718
772.811053	0.000500	0.402723
770.732058	0.000238	0.403090
768.460861	0.000150	0.411342
766.652590	0.000447	0.410363
765.144281	0.000478	0.410149
763.795153	0.000319	0.409807
761.945400	0.000234	0.406765
758.851524	0.000175	0.409280
757.266231	0.000406	0.399243
754.036147	0.000231	0.401599
752.201511	0.000247	0.410256
748.778173	0.000484	0.406720
746.288216	0.000350	0.397387
743.499456	0.000378	0.399980
740.960282	0.000219	0.404500
739.713691	0.000300	0.396243
737.841910	0.000316	0.404772
736.905724	0.000519	0.417425
733.265341	0.000206	0.421530
732.074673	0.000363	0.418030
728.572932	0.000275	0.422132
726.486573	0.000297	0.413837
723.649066	0.000213	0.412476
721.493276	0.000288	0.411415
719.006489	0.000259	0.418487
717.471318	0.000369	0.414746
715.700014	0.000459	0.421155
714.450656	0.000388	0.416076
712.824450	0.000406	0.406796
710.385432	0.000341	0.398837
708.248635	0.000303	0.412666
706.130977	0.000222	0.412753
702.647448	0.000241	0.397395
700.791782	0.000316	0.390219
697.855274	0.000425	0.388027
695.572899	0.000381	0.394272
693.232624	0.000272	0.394877
691.184547	0.000391	0.408517
689.767381	0.000369	0.418129
687.502180	0.000284	0.417366
685.995712	0.000378	0.419859
683.004000	0.000325	0.411971
680.774328	0.000206	0.411885
677.885202	0.000113	0.415561
675.697201	0.000056	0.407872
673.197061	0.000463	0.423201
670.641056	0.000256	0.418549
668.702577	0.000441	0.416203
667.519385	0.000384	0.414486
665.548834	0.000228	0.407149
664.315823	0.000213	0.411740
662.096071	0.000325	0.419122
659.645009	0.000566	0.407602
656.880898	0.000506	0.397297
654.544743	0.000391	0.399626
651.466002	0.000319	0.392795
649.144965	0.000516	0.401533
645.924098	0.000381	0.409340
644.115768	0.000428	0.418759
641.242345	0.000322	0.410536
640.099509	0.000375	0.399518
638.071963	0.000444	0.403234
636.288625	0.000284	0.407759
633.528077	0.000169	0.408240
631.033815	0.000125	0.407793
628.795449	0.000147	0.410511
625.930374	0.000319	0.423759
623.856712	0.000166	0.410417
621.152697	0.000156	0.405331
619.572605	0.000113	0.403908
617.737282	0.000394	0.414878
616.036464	0.000494	0.411300
614.435571	0.000116	0.406027
612.687058	0.000428	0.398257
610.168116	0.000328	0.399751
608.067929	0.000338	0.396112
605.725240	0.000406	0.401097
603.174280	0.000222	0.412347
600.070262	0.000281	0.412986
597.746402	0.000359	0.416106
594.830318	0.000406	0.403146
593.122431	0.000303	0.401740
590.835249	0.000231	0.408097
589.510022	0.000453	0.406072
587.475719	0.000338	0.410962
585.039215	0.000491	0.408840
582.740108	0.000184	0.408555
579.908094	0.000194	0.398466
577.716402	0.000328	0.402140
574.379768	0.000369	0.392404
573.161669	0.000119	0.397639
569.951533	0.000203	0.407373
568.716684	0.000325	0.403740
566.961951	0.000247	0.397995
565.308989	0.000316	0.393889
562.995129	0.000088	0.404850
561.280097	0.000247	0.404109
558.709924	0.000466	0.420719
556.674488	-0.000050	0.415885
553.663629	0.000375	0.425975
550.703737	0.000028	0.414744
547.870784	0.000419	0.403354
545.130374	0.000294	0.417410
542.915339	0.000303	0.413898
541.401496	0.000469	0.404656
539.509185	0.000291	0.406051
537.597382	0.000006	0.406120
535.090240	0.000538	0.407456
532.612390	0.000303	0.384386
530.574544	0.000231	0.384852
527.547224	0.000469	0.406397
525.449730	0.000253	0.402442
522.403256	0.000347	0.394622
519.949763	-0.000050	0.388594
518.226532	0.000531	0.389755
516.963865	0.000400	0.394945
515.875486	0.000259	0.396936
513.414370	0.000347	0.404595
511.892831	0.000281	0.406232
509.381901	0.000331	0.427100
506.619880	0.000334	0.420877
504.679247	0.000509	0.412938
501.344094	0.000241	0.418440
499.440554	0.000175	0.422459
495.618379	0.000366	0.426302
494.161344	0.000281	0.420902
491.687700	0.000372	0.423899
490.592393	0.000434	0.417088
488.363694	0.000316	0.420928
486.635582	0.000053	0.413419
483.626039	0.000619	0.405337
481.467270	0.000378	0.417894
478.714798	0.000413	0.402713
476.311018	0.000481	0.393354
473.532633	0.000184	0.389036
471.317662	0.000372	0.386372
469.381437	0.000484	0.395258
467.667187	0.000559	0.400396
466.465525	0.000263	0.399481
464.105517	0.000372	0.397890
462.633589	0.000156	0.401560
459.998410	0.000409	0.393842
457.927182	0.000272	0.406468
455.183155	0.000475	0.414357
452.558613	0.000400	0.414501
449.418331	0.000497	0.416704
446.768069	0.000431	0.423179
444.159474	0.000381	0.424554
442.387263	-0.000072	0.413917
440.059326	0.000200	0.407327
438.861300	0.000222	0.418503
436.394688	0.000381	0.431846
434.432022	0.000484	0.411570
431.195456	0.000231	0.416459
429.306946	0.000359	0.409439
427.052423	0.000322	0.409262
423.655160	0.000463	0.412648
422.224633	0.000453	0.418996
418.980674	0.000378	0.415837
418.306469	0.000197	0.416894
416.194441	0.000294	0.405736
415.794432	0.000219	0.405622
412.673522	0.000397	0.407114
410.877519	0.000569	0.409569
407.734148	0.000469	0.397835
406.017476	0.000328	0.402703
402.985963	0.000441	0.397605
400.340639	0.000316	0.390637
397.979000	0.000347	0.383920
394.992566	0.000325	0.389846
392.864728	0.000253	0.402535
391.180639	0.000150	0.408010
389.526336	0.000128	0.394694
387.373228	0.000400	0.400028
385.231094	0.000106	0.413248
382.533183	0.000513	0.411899
380.601900	0.000425	0.415053
377.741268	0.000356	0.426406
375.283540	0.000238	0.433312
372.688469	0.000341	0.439798
370.937340	0.000700	0.426877
368.446456	0.000159	0.431217
367.484668	0.000344	0.426649
365.655146	0.000538	0.436157
364.015694	0.000350	0.431734
361.424874	0.000500	0.425885
359.492645	0.000459	0.420531
356.590708	0.000281	0.412197
354.113358	0.000591	0.405650
351.191995	0.000334	0.390235
348.353207	0.000169	0.392323
345.769546	0.000391	0.388924
343.197976	0.000300	0.379260
341.938629	0.000325	0.377146
339.616555	0.000228	0.376925
337.977455	0.000425	0.379729
335.267733	0.000175	0.381025
333.113325	-0.000063	0.393324
330.508152	0.000044	0.403578
328.097617	0.000516	0.412878
325.325606	0.000403	0.415479
323.027367	0.000303	0.410725
320.635815	0.000519	0.422772
318.528019	0.000369	0.434342
317.029228	0.000316	0.443374
315.795675	0.000266	0.442216
313.418067	0.000325	0.436948
312.113218	0.000116	0.436041
309.083126	0.000291	0.431837
307.009454	0.000384	0.418606
304.226856	0.000416	0.424447
301.665341	-0.000006	0.425176
298.852543	0.000388	0.410643
296.135682	0.000413	0.393626
293.574652	0.000547	0.392664
292.087143	0.000391	0.393370
290.321030	0.000353	0.403661
288.498848	0.000619	0.404374
286.094976	0.000475	0.392699
284.062781	0.000350	0.393682
280.991508	0.000553	0.390921
279.385196	0.000106	0.380276
276.774454	0.000238	0.389161
273.891001	0.000263	0.391974
271.655879	0.000153	0.400496
268.774280	0.000484	0.389980
268.023184	0.000466	0.404610
266.281881	0.000159	0.401252
265.549905	0.000409	0.401155
262.541783	0.000341	0.397807
260.671977	0.000222	0.420815
257.106225	0.000403	0.433168
255.640007	0.000250	0.423112
252.151024	0.000206	0.414048
250.367045	0.000528	0.420439
247.028942	0.000384	0.432523
244.718094	0.000244	0.436500
242.062840	0.000516	0.433470
240.227347	0.000422	0.440527
238.783699	0.000531	0.437727
236.624247	0.000109	0.428772
234.855337	0.000241	0.415909
231.897575	0.000366	0.413257
229.705638	0.000203	0.417761
226.478524	0.000469	0.413121
223.967663	0.000094	0.412440
221.470464	0.000334	0.401419
219.812618	0.000375	0.390503
217.568141	0.000469	0.384624
216.833412	0.000272	0.370186
214.490537	0.000469	0.375680
213.178555	0.000338	0.370796
209.917017	0.000344	0.368987
208.380244	0.000416	0.363187
204.957729	0.000147	0.373319
203.143259	0.000138	0.381127
199.848271	0.000456	0.397321
197.370209	0.000128	0.412237
194.818797	0.000534	0.422861
192.246519	0.000253	0.436421
191.181787	0.000463	0.433046
189.374728	0.000291	0.442696
187.892475	0.000341	0.455595
184.697174	0.000234	0.453354
182.720287	0.000219	0.452835
179.681455	0.000256	0.467583
177.888093	0.000566	0.463748
174.727684	0.000300	0.442991
173.269283	0.000291	0.433731
170.337361	0.000400	0.417142
168.627633	0.000419	0.423908
166.572728	0.000600	0.421738
165.952186	0.000122	0.399432
163.018228	0.000259	0.386709
161.689883	0.000522	0.379315
158.820287	0.000197	0.373634
156.813013	0.000366	0.371257
153.547340	0.000269	0.367094
151.098413	0.000341	0.365849
148.145420	0.000538	0.374074
145.500238	0.000425	0.365690
143.131397	0.000391	0.366987
141.289329	0.000450	0.386217
140.029576	0.000053	0.390986
137.203474	0.000331	0.389245
135.640272	0.000431	0.398998
132.685038	0.000250	0.411572
130.801964	0.000397	0.431984
128.051778	0.000106	0.432464
125.688399	0.000472	0.434876
122.841507	0.000456	0.455646
120.429845	0.000241	0.465027
118.266541	0.000497	0.451924
116.944182	0.000384	0.441700
115.413508	0.000434	0.446435
113.488271	0.000375	0.457754
111.362916	0.000381	0.436548
109.243033	0.000291	0.444441
106.369340	0.000413	0.426754
104.331978	0.000184	0.431051
100.911224	0.000109	0.401682
98.678350	0.000159	0.391123
95.255703	0.000169	0.382070
93.462314	0.000447	0.376994
91.295694	0.000334	0.374099
89.683739	0.000384	0.371809
88.041768	0.000231	0.367714
85.660041	0.000438	0.361291
83.791087	0.000300	0.359194
80.563806	0.000284	0.357313
79.277051	0.000328	0.375705
76.290161	0.000269	0.387499
73.866938	0.000394	0.386969
71.178196	0.000434	0.396514
68.784443	0.000378	0.411000
67.176651	0.000316	0.418288
65.684801	0.000403	0.426915
64.666970	0.000197	0.442387
62.458958	0.000434	0.460820
60.033194	0.000519	0.467934
57.633476	0.000478	0.454784
54.756099	0.000225	0.458771
52.532900	0.000153	0.470669
49.118610	0.000444	0.463597
47.198946	0.000206	0.449252
44.044847	0.000266	0.445604
42.004182	0.000419	0.441049
40.207555	0.000359	0.425300
38.696523	0.000159	0.408697
36.890075	0.000450	0.394083
34.373548	0.000253	0.390385
32.119293	0.000388	0.381770
29.413401	0.000238	0.362327
26.301182	0.000075	0.355664
24.125317	0.000209	0.353445
21.998238	0.000200	0.358838
19.317367	0.000338	0.359026
17.343189	0.000391	0.371231
15.714379	0.000300	0.376728
14.765724	0.000316	0.379870
12.686106	0.000566	0.378293
10.577349	0.000428	0.393105
7.817854	0.000228	0.417702
5.041088	0.000491	0.421717
2.297444	0.000375	0.435738
-0.287099	0.000556	0.453787
-3.530188	0.000284	0.462846
-5.276075	0.000406	0.455654
-8.470376	0.000491	0.460831
-9.020329	0.000494	0.451157
-11.315846	0.000475	0.463757
-13.045967	0.000459	0.463502
-15.255949	0.000291	0.440817
-17.648712	0.000309	0.436137
-19.823753	0.000350	0.426359
-22.573011	0.000263	0.410180
-24.510022	0.000169	0.405980
-27.576377	0.000372	0.401384
-29.522192	0.000344	0.393734
-31.769388	0.000197	0.394240
-33.240857	0.000256	0.372413
-34.699261	0.000366	0.365594
-36.558668	0.000222	0.365034
-38.854131	0.000456	0.369917
-41.216623	0.000269	0.365960
-43.854864	0.000400	0.373640
-46.002666	0.000366	0.377331
-48.728393	0.000409	0.383474
-51.620324	0.000394	0.387451
-54.656475	0.000519	0.402002
-57.246186	0.000394	0.411360
-58.752641	0.000184	0.412945
-60.343033	0.000228	0.414365
-61.684330	0.000556	0.423743
-64.338496	0.000500	0.433423
-66.441865	0.000378	0.433166
-69.977395	0.000416	0.443345
-71.448508	0.000588	0.453582
-74.529274	0.000341	0.456595
-76.175462	0.000328	0.445780
-78.921428	0.000341	0.444935
-80.751692	0.000281	0.431471
-83.454013	0.000413	0.429507
-84.750846	0.000491	0.425578
-86.180013	0.000406	0.419247
-88.349515	0.000425	0.413679
-90.367752	-0.000034	0.400439
-93.094547	0.000272	0.392342
-95.774891	0.000069	0.370611
-98.598119	0.000138	0.368320
-101.701886	0.000391	0.367628
-103.883291	0.000175	0.369238
-106.382172	0.000244	0.358394
-108.492815	0.000503	0.356320
-110.198704	0.000322	0.366631
-111.697812	0.000194	0.375829
-113.760999	0.000444	0.376564
-116.256859	0.000456	0.387915
-118.144083	0.000313	0.400164
-120.839267	0.000103	0.412850
-123.177836	0.000266	0.420449
-126.140436	0.000469	0.420507
-128.614519	0.000188	0.434554
-130.756226	0.000256	0.442887
-132.736021	0.000491	0.445307
-133.913986	0.000281	0.448082
-135.949611	0.000422	0.451903
-136.855088	0.000494	0.446607
-140.836666	0.000178	0.445537
-141.496805	0.000603	0.426461
-144.707222	0.000469	0.439347
-146.811588	0.000378	0.440864
-150.122599	0.000309	0.410893
-153.044753	0.000284	0.394960
-155.623191	0.000369	0.390355
-158.295159	0.000369	0.385265
-158.953878	0.000419	0.384197
-161.040976	0.000359	0.388404
-162.645784	0.000269	0.379269
-165.162846	0.000466	0.383719
-167.715030	0.000369	0.387724
-170.124731	0.000316	0.371434
-172.817987	0.000181	0.378765
-175.239177	0.000478	0.386498
-177.454495	0.000422	0.389303
-180.060292	0.000078	0.401847
-181.658233	0.000163	0.402245
-184.303948	0.000325	0.399282
-184.978510	0.000334	0.402468
-187.280887	0.000228	0.402221
-188.958934	0.000266	0.413375
-191.329360	0.000244	0.435125
-193.998868	0.000266	0.420004
-196.884063	0.000238	0.424053
-199.983262	0.000247	0.434733
-202.529327	0.000369	0.436397
-205.741419	0.000363	0.440171
-206.867390	0.000469	0.438660
-209.394257	0.000522	0.446531
-210.433651	0.000222	0.445268
-212.758723	0.000431	0.436403
-215.266492	0.000381	0.425356
-216.973051	0.000356	0.418318
-219.687044	0.000247	0.411191
-221.536067	0.000319	0.401784
-224.394990	0.000406	0.404859
-226.928955	0.000200	0.387834
-230.252467	0.000388	0.383408
-231.504637	0.000269	0.377192
-233.971251	0.000306	0.375388
-234.504936	0.000281	0.387196
-236.272093	0.000166	0.377829
-238.031118	0.000572	0.384183
-241.025993	0.000059	0.379322
-243.440468	0.000338	0.381733
-246.046626	0.000272	0.388563
-248.388569	0.000288	0.406682
-251.125622	0.000569	0.418201
-253.504072	0.000166	0.427627
-255.848570	0.000309	0.432515
-258.698558	0.000575	0.428125
-260.426765	0.000128	0.436457
-262.222991	0.000256	0.438391
-263.391062	0.000331	0.435559
-266.351987	0.000153	0.441888
-267.584047	0.000356	0.445771
-271.270195	0.000309	0.447695
-273.097131	0.000322	0.432717
-277.003947	0.000250	0.426184
-278.397190	0.000184	0.423391
-281.268072	0.000397	0.423302
-282.567879	0.000331	0.412758
-284.311400	0.000322	0.408016
-285.763230	0.000144	0.405575
-287.562486	0.000156	0.396152
-290.827568	0.000434	0.390153
-292.850551	0.000447	0.383194
-295.261402	0.000384	0.390826
-297.965285	0.000581	0.393659
-300.509242	0.000272	0.402510
-303.105011	0.000491	0.393992
-305.866466	0.000225	0.391984
-308.550638	0.000281	0.407423
-310.053489	0.000378	0.400751
-311.504740	0.000341	0.409068
-313.239398	0.000241	0.422476
-315.618997	0.000209	0.424963
-318.199695	0.000175	0.425512
-320.703401	0.000369	0.428230
-323.299758	0.000541	0.431546
-325.276929	0.000088	0.430026
-328.381533	0.000372	0.432381
-330.351250	0.000322	0.424410
-332.607790	0.000191	0.426505
-334.403088	0.000425	0.417110
-335.295432	0.000494	0.426691
-337.329160	0.000225	0.428418
-338.998967	0.000313	0.433259
-341.752058	0.000431	0.429404
-343.977492	0.000525	0.427619
-347.013709	0.000388	0.417654
-349.525303	0.000453	0.409353
-352.290864	0.000300	0.412949
-355.020554	0.000128	0.408553
-356.771578	0.000359	0.398105
-359.328530	0.000519	0.403653
-360.492980	0.000206	0.400739
-362.618178	0.000319	0.395228
-364.513911	0.000378	0.391821
-367.098097	0.000409	0.394535
-369.256363	0.000172	0.398885
-372.009166	0.000247	0.414248
-374.182143	0.000103	0.396524
-377.034848	0.000409	0.400019
-379.271158	0.000338	0.405325
-381.141089	0.000325	0.406414
-383.361742	0.000494	0.409075
-384.749747	0.000334	0.418982
-386.483653	0.000328	0.429951
-388.429327	0.000416	0.434533
-390.997602	0.000213	0.427160
-393.153523	0.000247	0.416858
-395.996842	0.000763	0.428240
-398.746437	0.000484	0.430183
-401.867771	0.000375	0.416021
-404.441049	0.000263	0.419374
-406.997888	0.000381	0.427981
-408.709631	0.000272	0.423239
-410.926124	0.000191	0.409952
-411.973756	0.000006	0.408051
-414.660000	0.000425	0.419419
-416.602250	0.000297	0.417595
-419.224306	0.000313	0.404194
-421.170494	0.000447	0.391652
-423.913464	0.000213	0.386953
-426.838268	0.000453	0.388105
-429.084702	0.000588	0.398872
-431.816391	0.000247	0.413295
-433.018651	0.000356	0.413897
-435.020052	0.000316	0.404506
-435.731267	0.000256	0.407011
-438.331678	0.000203	0.412143
-440.345920	0.000788	0.416813
-442.910389	0.000391	0.418421
-444.985409	0.000384	0.419276
-447.890203	0.000288	0.419196
-451.027774	0.000263	0.426983
-452.880137	0.000378	0.416865
-456.308186	0.000203	0.407246
-457.410258	0.000500	0.409426
-459.631258	0.000463	0.411495
-461.119862	0.000397	0.413287
-463.276549	0.000519	0.401175
-465.980155	0.000372	0.402248
-467.940987	0.000391	0.405181
-470.110520	0.000300	0.407687
-472.829510	0.000472	0.409548
-475.511410	0.000269	0.419573
-478.458760	0.000447	0.430236
-480.345180	0.000397	0.421075
-482.572088	0.000331	0.417835
-483.616030	0.000503	0.412807
-485.169979	0.000691	0.414797
-486.991688	0.000272	0.413081
-489.334630	0.000250	0.408384
-492.126253	0.000328	0.424576
-494.407974	0.000109	0.415959
-497.778874	0.000616	0.413840
-499.574242	0.000178	0.405646
-503.041003	0.000306	0.403875
-505.280412	0.000225	0.416590
-507.941028	0.000309	0.409153
-509.587360	0.000413	0.400401
-511.156097	0.000356	0.392162
-513.038765	0.000341	0.401309
-515.304954	0.000281	0.406996
-518.205526	0.000038	0.397901
-520.451108	0.000500	0.417129
-523.680389	0.000269	0.422070
-525.462722	0.000253	0.421001
-528.214950	0.000472	0.415838
-530.612551	0.000381	0.415879
-532.363802	0.000328	0.422058
-534.257551	0.000538	0.427254
-535.646091	0.000294	0.424147
-536.994033	0.000241	0.427567
-539.380879	0.000319	0.426546
-541.578128	0.000553	0.415226
-544.522687	0.000278	0.413657
-546.657340	0.000288	0.415675
-549.460478	0.000363	0.415414
-551.698192	0.000188	0.418690
-554.992910	0.000316	0.408870
-556.579505	0.000272	0.404629
-559.262383	0.000372	0.401361
-560.249000	0.000441	0.398109
-562.529300	0.000284	0.397293
-564.472220	0.000469	0.408381
-567.265038	0.000344	0.407149
-569.864936	0.000453	0.404903
-571.980238	0.000381	0.411268
-574.529091	0.000409	0.402131
-576.503248	0.000281	0.401249
-579.752638	0.000369	0.410057
-581.142477	0.000541	0.413286
-583.437599	0.000194	0.414944
-584.859207	0.000156	0.413261
-586.658110	0.000197	0.410159
-588.303813	0.000206	0.410389
-591.119362	0.000259	0.411883
-593.118828	0.000356	0.417111
-595.777434	0.000547	0.420579
-598.762286	0.000116	0.411001
-601.801248	0.000431	0.409366
-604.446113	0.000628	0.413057
-606.674892	0.000384	0.408197
-608.757156	0.000409	0.419866
-610.484341	0.000241	0.425584
-612.498032	0.000444	0.432482
-614.500902	0.000381	0.421475
-617.400272	0.000094	0.417051
-618.942742	0.000244	0.414669
-621.834517	0.000331	0.422158
-624.004446	0.000416	0.413222
-627.342350	0.000150	0.411787
-629.341344	0.000347	0.418063
-632.212192	0.000103	0.417881
-633.427383	0.000356	0.405622
-635.343933	0.000541	0.398726
-636.313831	0.000375	0.403594
-637.849644	0.000328	0.404130
-640.723922	0.000556	0.403821
-643.136632	0.000334	0.398120
-645.647380	0.000263	0.393864
-647.929518	0.000294	0.396378
-650.546702	0.000306	0.393500
-652.761801	0.000244	0.395633
-655.962575	0.000309	0.422509
-658.302355	0.000481	0.412446
-660.251412	0.000444	0.423363
-661.875125	0.000419	0.416770
-663.596575	0.000569	0.409648
-665.701780	0.000525	0.420417
-668.466224	0.000209	0.421645
-670.540243	0.000306	0.430314
-674.143153	0.000169	0.432282
-675.771650	0.000281	0.429224
-678.531156	0.000534	0.423368
-680.805407	0.000531	0.416313
-682.474387	0.000525	0.408949
-684.654255	0.000319	0.413138
-685.438755	0.000278	0.416578
-687.896190	0.000366	0.408885
-689.059839	0.000197	0.396835
-692.122654	0.000353	0.394870
-694.222190	0.000256	0.396120
-697.655512	0.000325	0.404240
-700.090741	0.000275	0.405801
-703.148376	0.000353	0.408194
-705.833453	0.000231	0.407245
-707.651390	0.000197	0.407495
-709.814931	0.000341	0.398798
-711.423329	0.000188	0.405889
-713.558474	0.000391	0.406615
-715.837214	0.000344	0.419014
-718.675549	0.000509	0.415871
-721.076393	0.000247	0.416917
-723.383135	0.000331	0.412830
-725.830499	0.000403	0.414297
-728.458907	0.000284	0.409676
-731.318987	0.000244	0.415792
-733.067714	0.000356	0.420238
-734.467179	0.000334	0.416929
-736.234068	0.000350	0.409949
-737.411087	0.000416	0.406093
-739.689485	0.000284	0.412412
-742.047467	0.000553	0.409213
-744.658731	0.000500	0.420782
-746.410317	0.000434	0.420346
-749.826207	0.000447	0.431599
-752.046429	0.000244	0.422600
-755.241260	0.000197	0.411056
-757.314355	0.000397	0.399302
-760.273507	0.000319	0.416715
-761.465857	0.000325	0.407263
-763.230907	0.000159	0.403395
-765.092544	0.000441	0.408568
-767.920303	0.000213	0.407352
-769.939926	0.000503	0.399886
-772.943360	0.000131	0.389146
-774.820079	0.000066	0.403886
-778.034193	0.000413	0.410177
-779.200281	0.000281	0.403769
-782.173129	0.000284	0.391421
-783.775894	0.000328	0.397463
-785.693409	0.000406	0.398444
-787.219817	0.000366	0.397983
-788.518029	0.000372	0.413169
-791.462514	0.000497	0.420455
-792.785511	0.000378	0.421378
-796.378266	0.000238	0.412798
-798.512983	0.000703	0.418203
-801.914695	0.000228	0.418571
-804.050007	0.000309	0.433155
-807.287711	0.000416	0.411469
-808.803459	0.000072	0.426215
-811.389205	0.000438	0.428263
-812.593608	0.000309	0.422544
-815.151710	0.000475	0.408543
-816.976679	0.000303	0.414454
-819.899189	0.000300	0.416320
-821.585841	0.000381	0.419012
-825.048093	0.000528	0.401324
-826.863806	0.000259	0.400719
-830.084984	0.000266	0.391845
-832.083208	0.000409	0.391496
-834.271311	0.000238	0.396289
-835.714506	0.000403	0.414318
-836.945807	0.000369	0.408046
-839.019743	0.000147	0.413373
-840.273231	0.000359	0.418571
-843.686056	0.000319	0.411869
-845.848052	0.000319	0.410056
-848.632099	0.000425	0.417095
-851.046323	0.000163	0.417147
-853.439946	0.000341	0.415412
-856.366409	0.000291	0.427371
-858.741329	0.000509	0.421802
-861.638349	0.000369	0.411466
-862.802554	0.000434	0.414136
-864.547533	0.000300	0.423100
-866.123591	0.000228	0.425000
-868.416156	0.000513	0.419781
-871.208582	0.000225	0.409481
-873.742950	0.000469	0.413173
-876.760035	0.000506	0.418929
-878.803886	0.000431	0.412973
-881.834382	0.000503	0.428267
-882.657253	0.000391	0.427235
-884.684977	0.000197	0.424479
-885.973762	0.000147	0.418462
-887.805199	0.000409	0.417353
-890.174128	0.000616	0.410799
-892.676512	0.000244	0.405686
-895.060618	0.000247	0.412979
-896.836561	0.000347	0.416768
-899.953154	0.000434	0.412192
-902.734096	0.000172	0.411594
-905.647226	0.000325	0.397670
-908.341280	0.000303	0.406081
-910.386509	0.000238	0.407584
-911.982869	0.000369	0.412867
-913.713280	0.000206	0.404960
-915.645038	0.000234	0.403517
-918.934734	0.000341	0.405250
-920.687532	0.000325	0.407443
-923.953542	0.000463	0.407584
-926.019066	0.000272	0.421765
-929.004156	0.000391	0.424048
-930.619192	0.000363	0.418443
-933.422407	0.000288	0.419879
-935.037120	0.000284	0.417044
-937.358874	0.000388	0.433623
-938.135980	0.000225	0.428633
-940.110124	0.000222	0.420507
-942.467148	0.000197	0.423101
-944.625818	0.000263	0.431533
-947.187332	0.000288	0.423008
-950.416652	0.000466	0.412076
-952.247923	0.000156	0.410502
-955.533843	0.000216	0.413480
-957.445046	0.000494	0.413612
-960.275623	0.000297	0.407058
-962.258343	0.000334	0.398401
-964.195586	0.000306	0.405984
-965.931353	0.000331	0.394951
-967.650824	0.000263	0.402772
-970.472944	0.000194	0.410706
-971.976561	0.000163	0.402312
-975.575622	0.000225	0.407874
-977.577123	0.000406	0.412397
-980.280305	0.000444	0.412696
-982.439913	0.000194	0.415654
-984.421354	0.000272	0.411792
-985.623787	0.000313	0.416651
-987.196220	0.000138	0.420116
-989.132172	0.000503	0.425606
-991.110239	0.000447	0.411815
-993.839414	0.000338	0.403662
-996.211437	0.000341	0.410399
-998.845306	0.000278	0.424800
-1001.406778	0.000338	0.430002
-1004.427067	0.000300	0.420565
-1007.537206	0.000466	0.415693
-1009.882926	0.000581	0.412007
-1011.922647	0.000325	0.421610
-1013.152774	0.000406	0.413194
-1014.803612	0.000416	0.419741
-1017.137764	0.000369	0.423484
-1019.803696	0.000409	0.420774
-1022.586719	0.000403	0.413524
-1024.605073	0.000316	0.417179
-1027.520950	0.000184	0.409929
-1029.469852	0.000447	0.413415
-1032.598635	0.000300	0.412517
-1034.231236	0.000225	0.410285
-1036.349647	0.000381	0.415509
-1038.112403	0.000197	0.417056
-1039.152007	0.000238	0.407418
-1041.534494	0.000353	0.404052
-1043.356499	0.000303	0.409700
-1046.065657	0.000416	0.409930
-1048.455609	0.000406	0.409709
-1051.855834	0.000200	0.409254
-1054.651255	0.000538	0.407795
-1057.113483	0.000434	0.415335
-1059.390174	0.000338	0.412885
-1061.120760	0.000231	0.419871
-1063.579630	0.000463	0.421308
-1064.925012	0.000356	0.419544
-1067.127977	0.000394	0.418576
-1069.407142	0.000500	0.418417
-1071.412682	0.000413	0.422683
-1073.570266	0.000316	0.423781
-1076.539184	0.000347	0.429285
-1079.103824	0.000422	0.421883
-1081.718754	0.000309	0.424443
-1083.571237	0.000366	0.415608
-1085.119274	0.000241	0.414405
-1086.376698	0.000616	0.413634
-1088.196591	0.000309	0.412289
-1090.225061	0.000141	0.418994
-1092.802039	0.000397	0.406952
-1095.374050	0.000388	0.403362
-1097.360523	0.000328	0.400322
-1100.384052	0.000447	0.390294
-1102.822685	0.000378	0.392966
-1105.963140	0.000334	0.409451
-1108.477610	0.000163	0.428748
-1111.066764	0.000419	0.421602
-1112.497523	0.000406	0.408953
-1114.290641	0.000363	0.412103
-1115.791686	0.000278	0.414610
-1118.842171	0.000325	0.411049
-1121.104615	0.000316	0.418164
-1123.747370	0.000259	0.422261
-1126.632433	0.000331	0.426522
-1128.495457	0.000447	0.422192
-1131.311285	0.000413	0.410583
-1133.477640	0.000247	0.416294
-1135.767237	0.000409	0.426078
-1137.160456	0.000278	0.424235
-1139.084309	0.000153	0.419079
-1140.467723	0.000344	0.409556
-1142.539922	0.000347	0.412865
-1145.341255	0.000369	0.408262
-1147.678370	0.000406	0.402911
-1150.605662	0.000372	0.416695
-1153.125320	0.000434	0.421540
-1155.632107	0.000575	0.415954
-1158.695172	0.000350	0.410847
-1160.728279	0.000478	0.410467
-1163.352550	0.000297	0.407709
-1164.529731	0.000275	0.408444
-1166.672851	0.000566	0.416510
-1168.700878	0.000278	0.416509
-1171.068571	0.000288	0.410608
-1173.199618	0.000494	0.417531
-1175.177486	0.000528	0.402427
-1178.068977	0.000300	0.408813
-1180.162652	0.000291	0.416795
-1183.456018	0.000350	0.417184
-1184.937477	0.000181	0.408639
-1186.627278	0.000450	0.404515
-1188.000923	0.000322	0.399333
-1189.291701	0.000244	0.412326
-1191.973668	0.000538	0.416708
-1194.269553	0.000322	0.417484
-1197.504956	0.000406	0.425154
-1199.047840	0.000359	0.424558
-1202.605285	0.000172	0.416369
-1204.551858	0.000147	0.411840
-1207.863409	0.000381	0.420248
-1209.940042	0.000316	0.417329
-1212.380348	0.000209	0.423384
-1214.355817	0.000228	0.428788
-1215.671534	0.000191	0.417860
-1217.868753	0.000466	0.417685
-1220.051315	0.000234	0.413957
-1222.425433	0.000275	0.413959
-1224.831343	0.000184	0.409149
-1228.163937	0.000241	0.412866
-1230.671531	0.000509	0.404415
-1233.627215	0.000194	0.399276
-1235.034531	0.000303	0.400538
-1236.908422	0.000484	0.408597
-1238.453054	0.000475	0.410035
-1240.110605	0.000272	0.417393
-1242.032164	0.000216	0.420444
-1244.954617	-0.000063	0.413419
-1246.751346	0.000269	0.421234
-1249.663523	0.000491	0.416682
-1252.535922	0.000434	0.411179
-1255.085340	0.000391	0.419720
-1257.904072	0.000525	0.426400
-1260.214345	0.000231	0.426302
-1262.877512	0.000250	0.417934
-1264.650180	0.000141	0.409960
-1266.161709	0.000259	0.405762
-1267.815718	0.000394	0.416492
-1270.053323	0.000203	0.418757
-1272.163063	0.000428	0.413765
-1274.654835	0.000206	0.405396
-1277.421354	0.000322	0.401971
-1279.891058	0.000525	0.409693
-1282.438055	0.000463	0.411125
-1284.364373	0.000481	0.411748
-1286.543794	0.000369	0.418766
-1287.510220	0.000366	0.417979
-1289.623007	0.000481	0.425954
-1291.175126	0.000391	0.412807
-1293.443069	0.000466	0.422187
-1296.112820	0.000303	0.427197
-1298.189927	0.000509	0.409278
-1301.551402	0.000400	0.412642
-1303.737683	0.000078	0.409055
-1306.926586	0.000456	0.419245
-1309.441567	0.000250	0.417240
-1311.424989	0.000381	0.411120
-1313.262366	0.000303	0.408802
-1314.743845	0.000319	0.412350
-1316.834648	0.000203	0.421995
-1319.240801	0.000188	0.397402
-1321.921344	0.000331	0.408124
-1324.239963	0.000169	0.394831
-1326.857765	0.000497	0.403733
-1329.185574	0.000472	0.412005
-1331.783116	0.000497	0.412771
-1334.522400	0.000322	0.413811
-1336.302862	0.000584	0.421234
-1338.164291	0.000419	0.415989
-1339.506278	0.000297	0.418493
-1341.263604	0.000256	0.414820
-1343.285629	0.000369	0.416389
-1346.147651	0.000413	0.416985
-1348.635563	0.000419	0.421086
-1350.910563	0.000403	0.422397
-1354.116388	0.000431	0.417372
-1356.556712	0.000313	0.406431
-1359.815800	0.000328	0.403594
-1361.377459	0.000484	0.407700
-1364.021722	0.000244	0.413222
-1365.238999	0.000506	0.396539
-1367.243034	0.000344	0.412374
-1369.209753	0.000316	0.396967
-1371.135707	0.000234	0.394917
-1373.968051	0.000469	0.404819
-1375.448378	0.000297	0.419414
-1378.539942	0.000206	0.410953
-1380.843246	0.000425	0.414429
-1383.584017	0.000209	0.414983
-1385.547309	0.000216	0.418020
-1387.315319	0.000538	0.415322
-1389.051225	0.000441	0.421172
-1390.576772	0.000459	0.420755
-1391.925407	0.000272	0.421347
-1395.084271	0.000366	0.421697
-1396.967781	0.000238	0.417789
-1399.907217	0.000363	0.419831
-1402.431597	0.000156	0.415236
-1405.716057	0.000309	0.415443
-1407.745285	0.000381	0.416233
-1410.345380	0.000297	0.412708
-1412.119789	0.000369	0.403971
-1413.908539	0.000125	0.402855
-1415.884466	0.000350	0.401534
-1417.824070	0.000378	0.421015
-1420.599222	0.000334	0.421946
-1422.455916	0.000322	0.420507
-1425.034770	0.000263	0.418362
-1427.423332	0.000275	0.415743
-1430.171405	0.000409	0.420003
-1432.954938	0.000459	0.414413
-1435.082925	0.000297	0.415611
-1437.357688	0.000481	0.426749
-1438.514052	0.000300	0.418580
-1440.101003	0.000228	0.416610
-1442.254345	0.000353	0.413680
-1444.382110	0.000550	0.409731
-1446.914824	0.000363	0.407525
-1449.226082	0.000281	0.420748
-1452.533799	0.000309	0.413384
-1454.399531	0.000356	0.405152
-1458.205304	0.000288	0.411947
-1459.849083	0.000109	0.400245
-1462.561535	0.000200	0.406548
-1463.922733	0.000500	0.409742
-1466.061273	0.000259	0.420997
-1467.560334	0.000347	0.418535
-1469.961706	0.000294	0.417741
-1472.285745	0.000325	0.404885
-1473.959304	0.000403	0.427599
-1477.146422	0.000588	0.423496
-1479.387181	0.000581	0.430434
-1481.632761	0.000303	0.424192
-1484.810975	0.000325	0.427287
-1485.993333	0.000256	0.421856
-1487.902948	0.000441	0.423850
-1489.212241	0.000228	0.415711
-1491.038839	0.000422	0.409062
-1493.117045	0.000334	0.419299
-1495.591188	0.000272	0.422146
-1498.432195	0.000219	0.408467
-1500.301948	0.000544	0.408722
-1503.661775	0.000184	0.389296
-1505.524315	0.000144	0.402202
-1508.872227	0.000363	0.403886
-1510.684517	0.000359	0.411899
-1512.900204	0.000344	0.421908
-1514.388045	0.000356	0.418517
-1516.083182	0.000450	0.419511
-1518.262868	0.000328	0.412908
-1521.022934	0.000234	0.416554
-1523.357137	0.000163	0.428057
-1525.991449	0.000197	0.415021
-1528.105166	0.000603	0.422773
-1531.113224	0.000247	0.421962
-1533.207351	0.000288	0.415754
-1535.444596	0.000269	0.413359
-1537.676634	0.000309	0.408224
-1538.959810	0.000584	0.414129
-1540.869255	0.000309	0.420759
-1542.558485	0.000344	0.409505
-1545.134117	0.000284	0.401846
-1547.639924	0.000244	0.414542
-1550.208563	0.000466	0.406760
-1552.929369	0.000388	0.403034
-1555.698869	0.000125	0.418009
-1558.824577	0.000316	0.416505
-1560.987538	0.000088	0.421641
-1562.882529	0.000178	0.413958
-1565.105009	0.000444	0.406521
-1566.375148	0.000394	0.406624
-1568.747528	0.000403	0.416441
-1570.722008	0.000244	0.407599
-1573.146411	0.000397	0.410758
-1575.718819	0.000641	0.415252
-1577.895122	0.000369	0.411408
-1580.737358	0.000206	0.405231
-1582.666243	0.000509	0.396953
-1585.265693	0.000497	0.404115
-1587.074253	0.000272	0.409421
-1588.257492	0.000344	0.396439
-1590.249660	0.000263	0.400694
-1592.333398	0.000328	0.400357
-1594.448579	0.000316	0.403115
-1597.128814	0.000713	0.405119
-1598.694798	0.000281	0.410127
-1601.407707	0.000322	0.411182
-1604.176993	0.000328	0.417832
-1607.315622	0.000063	0.411492
-1609.733166	0.000503	0.405447
-1612.454841	0.000247	0.415334
-1613.031210	0.000306	0.418547
-1615.154961	0.000338	0.411612
-1616.915552	0.000363	0.415985
-1619.482243	0.000391	0.418352
-1622.244176	0.000303	0.407847
-1624.110293	0.000219	0.403406
-1627.254792	0.000425	0.402284
-1629.362628	0.000247	0.407302
-1631.937577	0.000291	0.407627
-1634.295939	0.000422	0.399528
-1636.460771	0.000200	0.398157
-1638.235601	0.000203	0.399519
-1639.591782	0.000509	0.403840
-1641.427963	0.000359	0.399078
-1643.549667	0.000441	0.406481
-1646.080356	0.000347	0.420491
-1648.528864	0.000531	0.411029
-1650.890502	0.000253	0.411603
-1654.077298	0.000388	0.414113
-1656.249411	0.000416	0.417475
-1659.772365	0.000341	0.418166
-1661.483940	0.000303	0.419772
-1664.165297	0.000278	0.419740
-1665.515797	0.000363	0.413005
-1667.371252	0.000109	0.410715
-1669.030526	0.000253	0.405321
-1671.270311	0.000128	0.394325
-1673.903342	0.000309	0.419390
-1676.193597	0.000394	0.414126
-1678.921944	0.000431	0.402450
-1681.894954	0.000209	0.395278
-1683.864979	0.000338	0.397666
-1685.833540	0.000534	0.408552
-1687.362882	0.000438	0.406341
-1688.811190	0.000291	0.414963
-1690.851465	0.000425	0.411023
-1692.785216	0.000500	0.415858
-1694.837624	0.000322	0.412739
-1697.314747	0.000466	0.398524
-1699.742533	0.000488	0.405969
-1702.288199	0.000338	0.411531
-1705.582732	0.000253	0.414471
-1707.720613	0.000519	0.419554
-1710.504579	0.000459	0.417859
-1711.712154	0.000097	0.409163
-1713.961458	0.000309	0.408537
-1715.197483	0.000366	0.405131
-1717.900759	0.000388	0.407976
-1719.959307	0.000441	0.418382
-1722.847730	0.000275	0.409907
-1725.144177	0.000316	0.399858
-1727.023898	0.000259	0.407306
-1730.641124	0.000359	0.400809
-1731.976694	0.000384	0.406189
-1735.818573	0.000238	0.416632
-1736.814561	0.000288	0.405988
-1738.132270	0.000356	0.427292
-1739.553912	0.000347	0.407557
-1741.542572	0.000263	0.406777
-1744.077541	0.000306	0.414320
-1746.429651	0.000416	0.414354
-1748.985505	0.000281	0.421111
-1751.726203	0.000519	0.431937
-1754.673734	0.000284	0.420368
-1757.056156	0.000375	0.413955
-1760.208038	0.000319	0.409883
-1761.967397	0.000334	0.401300
-1763.893472	0.000438	0.402808
-1765.636938	0.000288	0.408357
-1767.574442	0.000328	0.401713
-1769.759397	0.000406	0.400934
-1772.658924	0.000553	0.397768
-1774.073845	0.000250	0.403821
-1777.707210	0.000313	0.401388
-1778.927384	0.000513	0.411795
-1782.368343	0.000356	0.413000
-1783.692868	0.000500	0.416895
-1786.584566	0.000200	0.411531
-1787.560096	0.000150	0.412018
-1789.182127	0.000344	0.416387
-1790.878174	0.000288	0.418476
-1792.972540	0.000431	0.416274
-1795.556576	0.000369	0.426430
-1797.770021	0.000250	0.420176
-1800.592071	0.000219	0.414937
-1802.903603	0.000172	0.405251
-1805.749354	0.000375	0.409982
-1808.079752	0.000234	0.411645
-1810.378924	0.000444	0.419012
-1812.404009	0.000272	0.405902
-1814.053289	0.000147	0.408608
-1816.193073	0.000316	0.391621
-1818.488813	0.000191	0.402109
-1820.514924	0.000281	0.407390
-1823.305697	0.000325	0.410965
-1825.123883	0.000297	0.406122
-1828.310875	0.000209	0.410350
-1830.650066	0.000291	0.407950
-1833.405666	0.000244	0.405380
-1835.054816	0.000325	0.411522
-1836.409509	0.000350	0.416903
-1837.908906	0.000309	0.413843
-1839.765673	0.000222	0.412060
-1842.366964	0.000203	0.411133
-1844.096884	0.000281	0.412915
-1847.403574	0.000381	0.406549
-1848.520590	0.000391	0.408089
-1852.252058	0.000259	0.416888
-1854.519688	0.000300	0.416837
-1857.858832	0.000247	0.396501
-1860.202020	0.000516	0.396102
-1862.791587	0.000056	0.400807
-1863.671311	0.000319	0.402078
-1865.618327	0.000500	0.401856
-1867.286645	0.000344	0.408358
-1870.202107	0.000309	0.414344
-1872.555895	0.000297	0.411007
-1875.200505	0.000463	0.408567
-1877.474561	0.000275	0.410190
-1880.346325	0.000266	0.410066
-1881.957580	0.000300	0.422603
-1884.619078	0.000213	0.421503
-1886.598915	0.000344	0.423205
-1888.030051	0.000388	0.420374
-1889.236658	0.000394	0.416183
-1890.976988	0.000438	0.409536
-1893.574577	0.000391	0.405793
-1895.662141	0.000284	0.409688
-1898.200062	0.000316	0.411595
-1900.582977	0.000316	0.403344
-1903.545050	0.000328	0.397230
-1905.946862	0.000478	0.398188
-1908.765264	0.000394	0.397287
-1911.000800	0.000319	0.406323
-1912.640382	0.000309	0.412591
-1914.376799	0.000359	0.413841
-1915.934256	0.000453	0.419691
-1919.001354	0.000522	0.427855
-1920.728410	0.000316	0.407766
-1924.238686	0.000259	0.416402
-1926.251772	0.000191	0.417812
-1928.593249	0.000441	0.414116
-1931.330989	0.000206	0.416451
-1933.537298	0.000247	0.416950
-1935.948434	0.000281	0.416701
-1937.120039	0.000191	0.410178
-1938.246953	0.000191	0.408980
-1940.108414	0.000284	0.416088
-1942.281957	0.000328	0.416909
-1944.846907	0.000481	0.410751
-1947.219775	0.000459	0.413626
-1950.674552	0.000444	0.402370
-1952.693230	0.000172	0.405575
-1956.019538	0.000084	0.405841
-1958.164093	0.000303	0.418441
-1960.538495	0.000403	0.418098
-1962.928961	0.000422	0.422520
-1963.924903	0.000369	0.412216
-1966.946317	0.000263	0.419472
-1968.620225	0.000325	0.416301
-1970.661436	0.000403	0.421480
-1973.255232	0.000338	0.412609
-1975.907540	0.000631	0.423206
-1978.496542	0.000288	0.423852
-1980.966683	0.000425	0.413372
-1983.048357	0.000338	0.407429
-1984.639271	0.000184	0.416524
-1986.840664	0.000066	0.413923
-1987.810610	0.000131	0.413891
-1989.955472	0.000309	0.409005
-1991.787170	0.000481	0.404971
-1994.161270	0.000150	0.396934
-1996.582530	0.000338	0.398170
-1998.581474	0.000553	0.406232
-2001.737873	0.000288	0.419889
-2004.217952	0.000694	0.423532
-2007.180245	0.000388	0.417731
-2009.356678	0.000341	0.411677
-2011.287869	0.000191	0.418954
-2012.996389	0.000419	0.419960
-2014.350544	0.000441	0.412798
-2017.015438	0.000328	0.419553
-2019.381306	0.000481	0.426351
-2022.397445	0.000388	0.421719
-2023.581280	0.000416	0.423196
-2025.056098	0.000016	0.410920
-2023.504568	0.000266	0.406958
-2021.994937	0.000188	0.408249
-2020.796032	0.000231	0.414789
-2021.195585	0.000294	0.411310
-2022.361338	0.000275	0.394671
-2023.375297	0.000294	0.402913
-2023.816322	0.000366	0.412627
-2023.622166	0.000203	0.413423
-2022.381401	0.000556	0.415100
-2022.297996	0.000156	0.415996
-2021.443219	0.000409	0.423315
-2022.553809	0.000341	0.426762
-2023.399964	0.000553	0.415812
-2023.679329	0.000269	0.409660
-2023.578577	0.000466	0.430316
-2022.794356	0.000231	0.414248
