-1009.697151	0.000306	0.391273
-1009.759510	0.000441	0.394046
-1009.471134	0.000216	0.401919
-1008.929001	0.000213	0.394228
-1008.202546	0.000497	0.392029
-1006.184678	0.000384	0.394377
-1002.787002	0.000559	0.395805
-998.249927	0.000400	0.403242
-994.299830	0.000369	0.403237
-990.432954	0.000550	0.410068
-989.597008	0.000409	0.410252
-988.571163	0.000466	0.407576
-988.189038	0.000659	0.410547
-986.777510	0.000500	0.420669
-983.358492	0.000541	0.410510
-980.720751	0.000431	0.410224
-977.475325	0.000316	0.413886
-976.341663	0.000181	0.409796
-974.110997	0.000569	0.407566
-972.323903	0.000497	0.408932
-970.139430	0.000459	0.411118
-967.558001	0.000419	0.403151
-965.218012	0.000372	0.396531
-963.179250	0.000444	0.397260
-962.011694	0.000344	0.403021
-959.580928	0.000406	0.404985
-957.970500	0.000488	0.388565
-955.601770	0.000419	0.394773
-953.051856	0.000456	0.395904
-949.670244	0.000353	0.386943
-946.459488	0.000575	0.391227
-943.857897	0.000563	0.400423
-941.548528	0.000416	0.404546
-939.564662	0.000619	0.402244
-938.842368	0.000516	0.390268
-937.124228	0.000419	0.400468
-935.747309	0.000528	0.399808
-932.492961	0.000325	0.409247
-930.812417	0.000406	0.413973
-927.938796	0.000516	0.414726
-925.878556	0.000556	0.417379
-923.917184	0.000538	0.406571
-921.014063	0.000325	0.415877
-919.131080	0.000603	0.417060
-915.662393	0.000788	0.420235
-914.885457	0.000466	0.418093
-912.572828	0.000394	0.412585
-911.687600	0.000447	0.408721
-908.300746	0.000544	0.402326
-906.492485	0.000613	0.402426
-903.757312	0.000444	0.400498
-902.187002	0.000450	0.400490
-900.455511	0.000234	0.400734
-899.136209	0.000384	0.405059
-895.879399	0.000566	0.398580
-893.356650	0.000444	0.389007
-889.943460	0.000313	0.393535
-888.429824	0.000384	0.393889
-886.814563	0.000347	0.393094
-886.286435	0.000447	0.399174
-884.631253	0.000397	0.392649
-882.616127	0.000441	0.393070
-879.740268	0.000366	0.398040
-875.647410	0.000350	0.400491
-873.584028	0.000359	0.401236
-870.377458	0.000534	0.408206
-870.268846	0.000400	0.413324
-868.392455	0.000622	0.410712
-868.289507	0.000409	0.401593
-864.845879	0.000550	0.404492
-862.776743	0.000413	0.403938
-859.367690	0.000569	0.419508
-856.912090	0.000228	0.419851
-854.424415	0.000316	0.420771
-852.126532	0.000463	0.413040
-849.634316	0.000256	0.407116
-846.659688	0.000456	0.410651
-845.019143	0.000497	0.403332
-842.439882	0.000478	0.407901
-841.352485	0.000509	0.397138
-839.147376	0.000659	0.401167
-838.004151	0.000459	0.395755
-835.739728	0.000384	0.381335
-833.630263	0.000409	0.390170
-831.043714	0.000275	0.390270
-828.390526	0.000425	0.399076
-825.781862	0.000369	0.392256
-823.365198	0.000128	0.392378
-821.473862	0.000406	0.384615
-819.407370	0.000303	0.388764
-817.846356	0.000541	0.392704
-815.961198	0.000372	0.394679
-813.532555	0.000531	0.391685
-811.458589	0.000413	0.398801
-807.921111	0.000394	0.400132
-806.114197	0.000488	0.408602
-802.578299	0.000350	0.405272
-800.059253	0.000597	0.409507
-797.430569	0.000422	0.418107
-795.081164	0.000497	0.421851
-793.377109	0.000406	0.418879
-791.850322	0.000306	0.413651
-790.127060	0.000513	0.419567
-788.382320	0.000313	0.421261
-785.864442	0.000488	0.413352
-783.782066	0.000519	0.409825
-781.282907	0.000394	0.415861
-779.388041	0.000350	0.407766
-776.379616	0.000416	0.396367
-774.100373	0.000434	0.383697
-772.190223	0.000316	0.392879
-769.475661	0.000500	0.387559
-768.750194	0.000309	0.385768
-766.678187	0.000319	0.388832
-765.177580	0.000778	0.394501
-762.158939	0.000375	0.392132
-760.091579	0.000569	0.389077
-756.730264	0.000416	0.392131
-754.176737	0.000134	0.396637
-751.104728	0.000631	0.407400
-749.127254	0.000559	0.404278
-746.289705	0.000422	0.405747
-744.558629	0.000588	0.406721
-743.005474	0.000591	0.401055
-741.469121	0.000247	0.402388
-740.071840	0.000709	0.412299
-737.439629	0.000363	0.414822
-735.817639	0.000434	0.423736
-732.864353	0.000575	0.404442
-730.980822	0.000409	0.410553
-727.725804	0.000625	0.412326
-725.641217	0.000472	0.420176
-722.789305	0.000425	0.409857
-720.916165	0.000372	0.412670
-719.205605	0.000284	0.409375
-718.250789	0.000413	0.409920
-715.830962	0.000625	0.409248
-713.453842	0.000622	0.397653
-710.748162	0.000325	0.400123
-707.786015	0.000428	0.399022
-705.291816	0.000513	0.394645
-702.291726	0.000581	0.387897
-700.121450	0.000441	0.389520
-696.727199	0.000413	0.388875
-695.535905	0.000491	0.399899
-692.704943	0.000378	0.398366
-692.361643	0.000431	0.394237
-689.391880	0.000575	0.395194
-688.521677	0.000244	0.395970
-685.793688	0.000369	0.400710
-683.290591	0.000500	0.397000
-681.103775	0.000344	0.403158
-678.065657	0.000338	0.407638
-676.122765	0.000547	0.413476
-673.297554	0.000306	0.416183
-672.068525	0.000466	0.416396
-669.655288	0.000438	0.416424
-668.632138	0.000444	0.423869
-666.032445	0.000359	0.426214
-664.183265	0.000631	0.418452
-661.273015	0.000566	0.417355
-659.073246	0.000269	0.407153
-656.257839	0.000553	0.409945
-653.643550	0.000306	0.404442
-650.226795	0.000478	0.392155
-648.044188	0.000322	0.390911
-645.792729	0.000281	0.404202
-644.032611	0.000619	0.395688
-642.876517	0.000338	0.387725
-641.253803	0.000291	0.383679
-639.303330	0.000559	0.394802
-637.026379	0.000444	0.392203
-634.800427	0.000469	0.391192
-632.459991	0.000378	0.392050
-629.907914	0.000503	0.399544
-627.243795	0.000628	0.398374
-624.878378	0.000622	0.398329
-622.360579	0.000359	0.407177
-620.299621	0.000738	0.406159
-618.633597	0.000694	0.412286
-617.433410	0.000600	0.413608
-615.036084	0.000325	0.406059
-612.713408	0.000522	0.409095
-609.850106	0.000372	0.413208
-607.249986	0.000494	0.418066
-604.184925	0.000397	0.411806
-601.014781	0.000431	0.413858
-598.977654	0.000350	0.415023
-596.139642	0.000278	0.412297
-594.447203	0.000306	0.408790
-592.845202	0.000253	0.405067
-591.274518	0.000378	0.407462
-589.042098	0.000341	0.404431
-586.765757	0.000403	0.395568
-585.151853	0.000384	0.402247
-582.275401	0.000344	0.400219
-580.300171	0.000553	0.401880
-577.540838	0.000416	0.395939
-574.925062	0.000353	0.396300
-573.217314	0.000406	0.399126
-570.321600	0.000456	0.401158
-569.368911	0.000322	0.401697
-567.471012	0.000375	0.392453
-565.817824	0.000469	0.399865
-563.123023	0.000678	0.397484
-560.480019	0.000463	0.400021
-557.874467	0.000428	0.396527
-554.749351	0.000459	0.408359
-552.326889	0.000403	0.406610
-549.696320	0.000322	0.406168
-547.656018	0.000534	0.404875
-545.250955	0.000547	0.407250
-543.851344	0.000444	0.417835
-542.336784	0.000613	0.421404
-540.575281	0.000459	0.408360
-538.357168	0.000425	0.416132
-536.139994	0.000575	0.426307
-533.858760	0.000506	0.412183
-531.153840	0.000469	0.407464
-529.005312	0.000328	0.410754
-525.989687	0.000778	0.414597
-524.020687	0.000175	0.401567
-521.558998	0.000322	0.393320
-519.619857	0.000316	0.399197
-518.285942	0.000394	0.398855
-516.428047	0.000278	0.406268
-514.287854	0.000522	0.397385
-511.608936	0.000675	0.398775
-508.823248	0.000503	0.389894
-506.063743	0.000531	0.397935
-503.393743	0.000719	0.402229
-500.440668	0.000547	0.398930
-497.649612	0.000344	0.396577
-495.545558	0.000722	0.412566
-493.485220	0.000334	0.396896
-492.043328	0.000531	0.399327
-490.903298	0.000325	0.409198
-488.338863	0.000422	0.412276
-486.420153	0.000344	0.411900
-483.374552	0.000272	0.403555
-481.453197	0.000353	0.421813
-478.869640	0.000513	0.413581
-476.179960	0.000478	0.416625
-474.216504	0.000397	0.407107
-471.274093	0.000400	0.412923
-469.539154	0.000453	0.417996
-467.422166	0.000566	0.402595
-466.571866	0.000488	0.406493
-463.887384	0.000597	0.406699
-461.982966	0.000425	0.398442
-459.083549	0.000213	0.405873
-456.421717	0.000347	0.395688
-453.721177	0.000681	0.398209
-450.325299	0.000816	0.395229
-448.546775	0.000247	0.403101
-445.638426	0.000616	0.394837
-443.833566	0.000428	0.394361
-442.378666	0.000550	0.403198
-441.146753	0.000688	0.398629
-439.142365	0.000356	0.403260
-436.597602	0.000334	0.403068
-434.623972	0.000388	0.397622
-431.825176	0.000453	0.411624
-429.634890	0.000538	0.406119
-427.090989	0.000431	0.407365
-424.733969	0.000403	0.410419
-422.349043	0.000313	0.419895
-420.197757	0.000616	0.412863
-418.448779	0.000659	0.400429
-416.931336	0.000463	0.410633
-415.043606	0.000459	0.412036
-412.387890	0.000291	0.422716
-410.087678	0.000275	0.410765
-407.262241	0.000275	0.412386
-404.502646	0.000497	0.412846
-401.310431	0.000616	0.394278
-398.862539	0.000647	0.397758
-395.913475	0.000444	0.404441
-393.758795	0.000681	0.400274
-392.529907	0.000619	0.382990
-391.163101	0.000403	0.381597
-389.280533	0.000197	0.391458
-386.687387	0.000581	0.388372
-384.350538	0.000513	0.391627
-381.576458	0.000344	0.385609
-379.338248	0.000488	0.399549
-377.218104	0.000319	0.402733
-374.526828	0.000519	0.396564
-372.447480	0.000291	0.403061
-370.218232	0.000244	0.408263
-368.320117	0.000503	0.415839
-367.278764	0.000409	0.416988
-364.982209	0.000519	0.409708
-362.950662	0.000319	0.419142
-360.074068	0.000669	0.425592
-357.968240	0.000544	0.421415
-354.775419	0.000428	0.420246
-352.177206	0.000478	0.419683
-349.437181	0.000450	0.424590
-346.455694	0.000388	0.410281
-344.938103	0.000338	0.403823
-342.596199	0.000528	0.402691
-341.921714	0.000475	0.406612
-339.646477	0.000300	0.401286
-338.048457	0.000269	0.386945
-335.247057	0.000584	0.392383
-332.975263	0.000178	0.389368
-330.675247	0.000378	0.380893
-327.981482	0.000300	0.360791
-326.009522	0.000278	0.373412
-322.813031	0.000531	0.376963
-320.960870	0.000500	0.379594
-318.642231	0.000344	0.385310
-317.296919	0.000444	0.391504
-315.746095	0.000453	0.393644
-313.514359	0.000306	0.396817
-311.084388	0.000441	0.413512
-308.377624	0.000425	0.424300
-305.646275	0.000350	0.427318
-303.024465	0.000547	0.440422
-300.122718	0.000550	0.440768
-297.356256	0.000803	0.441955
-295.340304	0.000550	0.431232
-292.912038	0.000731	0.435113
-291.462162	0.000563	0.441047
-290.036137	0.000244	0.428882
-287.784928	0.000341	0.420760
-285.547373	0.000334	0.415709
-283.203810	0.000309	0.397071
-280.797713	0.000416	0.388792
-278.273890	0.000353	0.382398
-275.734342	0.000319	0.375452
-272.949950	0.000625	0.363124
-270.670199	0.000425	0.357016
-268.714951	0.000431	0.358394
-267.250549	0.000350	0.347970
-266.101494	0.000519	0.360792
-264.083228	0.000281	0.362238
-261.231380	0.000356	0.361307
-258.718074	0.000253	0.377489
-255.654943	0.000550	0.380173
-253.292006	0.000275	0.400112
-250.008876	0.000591	0.415788
-247.982934	0.000634	0.434513
-245.693977	0.000384	0.453318
-243.331562	0.000478	0.450442
-242.314684	0.000575	0.460113
-240.278828	0.000434	0.457562
-238.887800	0.000281	0.462535
-235.875266	0.000400	0.459294
-234.377960	0.000322	0.461047
-231.722467	0.000550	0.457397
-229.072022	0.000516	0.442799
-226.873526	0.000269	0.425477
-223.449735	0.000659	0.400723
-221.601869	0.000294	0.388694
-218.991764	0.000247	0.378622
-218.043039	0.000609	0.365969
-216.595005	0.000459	0.362750
-214.957658	0.000228	0.352295
-212.163911	0.000472	0.339721
-209.599835	0.000513	0.327692
-207.159975	0.000259	0.324021
-204.033945	0.000306	0.329271
-201.988589	0.000434	0.338744
-198.603472	0.000528	0.366491
-196.058774	0.000384	0.370352
-193.776333	0.000519	0.385950
-192.016767	0.000403	0.406204
-190.995496	0.000356	0.410630
-188.766756	0.000375	0.428566
-186.827543	0.000456	0.455880
-184.059960	0.000463	0.478095
-181.827997	0.000428	0.484337
-179.410009	0.000641	0.487962
-177.347431	0.000409	0.486950
-174.531797	0.000494	0.500361
-172.166072	0.000497	0.497670
-170.085598	0.000469	0.462734
-167.916451	0.000434	0.461360
-166.619980	0.000531	0.452646
-164.892135	0.000584	0.427571
-162.580367	0.000334	0.402144
-160.124042	0.000556	0.379475
-157.465009	0.000256	0.356115
-154.537787	0.000547	0.328572
-152.176430	0.000238	0.313760
-148.734129	0.000191	0.295319
-146.540172	0.000338	0.293960
-144.280959	0.000316	0.303309
-142.561722	0.000428	0.302103
-140.793383	0.000319	0.316499
-139.672698	0.000409	0.331598
-136.882359	0.000453	0.340410
-134.919741	0.000266	0.360410
-132.415358	0.000375	0.383403
-130.445516	0.000425	0.413902
-127.850625	0.000547	0.455075
-125.145862	0.000475	0.468753
-123.001431	0.000438	0.489695
-120.368140	0.000638	0.506347
-119.119637	0.000559	0.516194
-116.797652	0.000603	0.515777
-115.978498	0.000519	0.513742
-113.504169	0.000528	0.528660
-111.256569	0.000425	0.507723
-108.865295	0.000597	0.492432
-105.903713	0.000444	0.468030
-103.549331	0.000603	0.436241
-99.862524	0.000181	0.394718
-97.600213	0.000288	0.360248
-94.952474	0.000128	0.338864
-92.929263	0.000241	0.314265
-91.463865	0.000309	0.304244
-90.133543	0.000375	0.295659
-88.133673	0.000319	0.280995
-85.440967	0.000238	0.282492
-83.357408	0.000203	0.281594
-80.836179	0.000313	0.290448
-78.252127	0.000563	0.306151
-75.802418	0.000344	0.333098
-72.663726	0.000441	0.356206
-70.863126	0.000497	0.376717
-68.610184	0.000491	0.405216
-67.213441	0.000641	0.429503
-65.648592	0.000391	0.455911
-63.548356	0.000575	0.468725
-61.059328	0.000275	0.486781
-58.474261	0.000697	0.521355
-56.151261	0.000575	0.538956
-53.172539	0.000356	0.545052
-50.653423	0.000494	0.535417
-47.768606	0.000572	0.526369
-45.150747	0.000441	0.496150
-43.018507	0.000459	0.473248
-41.029416	0.000475	0.451890
-40.144202	0.000788	0.430320
-38.011763	0.000556	0.419584
-36.278014	0.000344	0.388717
-33.960810	0.000397	0.351593
-31.347739	0.000359	0.319153
-28.925021	0.000225	0.291128
-25.956531	0.000181	0.270756
-23.763641	0.000178	0.253285
-21.091828	0.000234	0.251763
-19.826305	0.000225	0.254523
-17.615152	0.000203	0.265557
-16.316289	0.000363	0.271953
-14.266912	0.000184	0.280650
-11.953736	0.000228	0.296569
-9.626355	0.000409	0.345800
-7.220440	0.000469	0.369571
-4.527598	0.000531	0.408172
-1.825385	0.000322	0.465743
1.118445	0.000431	0.512020
4.062801	0.000741	0.525688
6.026829	0.000575	0.548324
7.975426	0.000381	0.564814
9.459997	0.000466	0.582874
10.862153	0.000444	0.575033
13.096098	0.000450	0.569227
15.505927	0.000600	0.549076
18.054148	0.000556	0.532949
20.244340	0.000538	0.500940
22.942801	0.000519	0.457258
25.472052	0.000438	0.422098
28.143023	0.000753	0.385667
30.172789	0.000438	0.337039
32.128409	0.000069	0.292851
33.840265	0.000231	0.282938
35.180357	0.000366	0.273475
37.528548	0.000175	0.244249
40.062172	0.000116	0.226910
42.814430	0.000197	0.220563
45.469003	0.000281	0.231143
48.272139	0.000266	0.249087
51.657518	0.000644	0.284676
53.849070	0.000653	0.337399
55.986504	0.000206	0.387681
58.350431	0.000491	0.402703
59.570549	0.000503	0.430492
61.231794	0.000344	0.466216
62.751379	0.000350	0.493799
65.683256	0.000456	0.534884
67.383529	0.000725	0.563454
70.091590	0.000663	0.592196
72.638948	0.000559	0.599810
74.678504	0.000531	0.594507
77.745725	0.000622	0.567693
79.430998	0.000525	0.559143
81.906101	0.000469	0.546863
83.155953	0.000516	0.500921
84.816344	0.000394	0.481785
86.458649	0.000575	0.459909
89.536939	0.000503	0.399247
91.123376	0.000397	0.345267
94.555074	0.000156	0.296395
96.744288	0.000250	0.249228
100.117658	0.000419	0.220693
102.676521	0.000169	0.202476
105.238995	-0.000119	0.197999
107.275580	0.000178	0.205771
108.683160	0.000341	0.212074
110.446734	0.000366	0.231467
112.146707	0.000463	0.258994
114.962257	0.000272	0.293439
116.712468	0.000325	0.350804
118.803537	0.000350	0.377185
121.479969	0.000606	0.425274
123.726055	0.000631	0.490619
126.643795	0.000434	0.532073
129.214626	0.000538	0.577533
130.968442	0.000566	0.599264
133.025919	0.000703	0.608973
134.116242	0.000641	0.616737
136.348951	0.000684	0.610804
138.093558	0.000588	0.596555
141.151711	0.000588	0.578337
143.865917	0.000709	0.548229
146.714041	0.000772	0.485532
149.832401	0.000384	0.420626
152.552974	0.000588	0.348107
155.588542	0.000481	0.314172
156.814395	0.000400	0.268179
159.317097	0.000403	0.239557
159.788916	0.000150	0.230373
162.152842	0.000431	0.214098
163.813991	0.000259	0.190181
166.468355	0.000313	0.183193
168.799974	0.000419	0.193081
171.033279	0.000144	0.213791
173.744354	0.000466	0.253744
176.032036	0.000266	0.288871
178.772846	0.000231	0.321680
180.386837	0.000500	0.381551
182.174215	0.000581	0.424235
184.163807	0.000594	0.442661
185.575611	0.000641	0.477413
187.962843	0.000694	0.519879
190.459438	0.000288	0.569736
193.113000	0.000684	0.594774
195.185011	0.000691	0.604451
198.486853	0.000728	0.609708
200.998544	0.000728	0.617440
204.079773	0.000478	0.583354
206.150585	0.000538	0.540318
208.139534	0.000406	0.525510
209.648107	0.000528	0.498227
210.849455	0.000775	0.456809
212.827113	0.000653	0.417953
215.346096	0.000269	0.376080
217.849603	0.000419	0.317074
219.759848	0.000244	0.269687
222.887465	0.000363	0.239392
225.143581	0.000303	0.194678
227.547240	0.000109	0.179981
229.603239	0.000416	0.177177
231.381287	0.000344	0.182399
233.486325	0.000106	0.200583
235.213914	0.000288	0.217737
237.397889	0.000366	0.240137
240.177731	0.000244	0.291682
242.186021	0.000309	0.338828
245.197897	0.000391	0.398582
247.838155	0.000713	0.487365
250.938466	0.000538	0.545893
253.626293	0.000747	0.567829
255.836714	0.000697	0.610664
257.862299	0.000488	0.620002
259.426030	0.000738	0.623431
261.038811	0.000678	0.629509
262.493220	0.000681	0.614350
265.436190	0.000525	0.600731
267.151590	0.000828	0.592851
269.457540	0.000675	0.535842
272.078129	0.000547	0.475992
274.595811	0.000431	0.424991
277.306674	0.000294	0.372605
279.363078	0.000313	0.314029
281.537299	0.000056	0.264131
282.506442	0.000209	0.245186
284.684835	0.000184	0.216867
286.350723	0.000203	0.180219
288.776632	0.000078	0.171362
291.680610	0.000272	0.170133
293.509411	0.000331	0.179296
297.039203	0.000044	0.206247
299.272634	0.000297	0.255546
302.447027	0.000531	0.309768
304.890721	0.000384	0.382709
306.809968	0.000413	0.419513
308.832039	0.000559	0.456079
309.750878	0.000553	0.505481
311.994203	0.000566	0.534309
313.404129	0.000469	0.559689
316.404944	0.000666	0.592511
317.951550	0.000778	0.625032
320.938542	0.000463	0.630535
322.895165	0.000906	0.628956
325.644963	0.000525	0.605461
328.260239	0.000613	0.584792
330.307753	0.000491	0.540702
332.210633	0.000653	0.495206
333.668364	0.000550	0.471232
335.802450	0.000569	0.435540
337.627980	0.000397	0.381064
340.737789	0.000341	0.311095
342.795600	0.000406	0.270512
346.512468	0.000306	0.224939
348.814836	0.000391	0.192469
351.848772	0.000178	0.192985
354.358379	0.000425	0.201566
356.269456	0.000116	0.228184
358.008009	-0.000063	0.243331
359.522966	0.000275	0.267095
361.395514	0.000388	0.281595
363.141544	0.000341	0.323292
365.362243	0.000450	0.385859
367.792910	0.000538	0.424047
369.666273	0.000616	0.466228
372.534086	0.000525	0.521469
374.995316	0.000725	0.543971
377.202480	0.000603	0.565552
379.727013	0.000616	0.574505
381.082975	0.000697	0.586703
383.307346	0.000569	0.588671
384.217625	0.000544	0.564260
386.935147	0.000759	0.544978
388.985595	0.000641	0.525972
391.818060	0.000744	0.488279
394.478328	0.000066	0.435337
397.282006	0.000519	0.395617
400.581836	0.000281	0.362956
402.482458	0.000178	0.322648
405.287184	0.000538	0.288661
406.604487	0.000144	0.272461
408.369385	0.000259	0.270443
409.936596	0.000278	0.262649
411.524986	0.000288	0.252753
413.986795	0.000481	0.267519
415.627283	0.000425	0.274609
418.368119	0.000263	0.285849
420.806076	0.000359	0.307995
423.495743	0.000456	0.329766
425.824974	0.000416	0.379610
427.788252	0.000319	0.408548
430.561584	0.000609	0.420725
431.503499	0.000488	0.447200
433.800710	0.000663	0.458323
435.670897	0.000603	0.476385
437.949264	0.000397	0.495600
440.350477	0.000456	0.523961
442.944135	0.000456	0.525829
445.990650	0.000500	0.522167
448.955908	0.000375	0.504648
451.853144	0.000450	0.474850
454.458091	0.000381	0.474073
456.288143	0.000400	0.448320
457.736155	0.000275	0.429425
459.033009	0.000609	0.419499
461.239427	0.000503	0.398188
463.052779	0.000700	0.372664
465.245895	0.000191	0.354959
468.141705	0.000369	0.344307
470.008836	0.000600	0.314462
472.966928	0.000216	0.309222
474.705350	0.000397	0.304195
477.659340	0.000150	0.293122
479.567627	0.000313	0.296367
481.434251	0.000228	0.292970
483.114816	0.000366	0.310302
484.836610	0.000106	0.332807
487.137584	0.000541	0.350250
489.252453	0.000338	0.364565
492.342065	0.000491	0.399162
494.437125	0.000700	0.422985
497.706364	0.000388	0.449064
500.041678	0.000563	0.472601
503.153101	0.000581	0.490857
505.052444	0.000447	0.501816
507.026677	0.000525	0.505575
508.056454	0.000544	0.502464
509.667657	0.000678	0.497720
511.720880	0.000725	0.490779
513.534329	0.000666	0.493058
516.696341	0.000422	0.475068
518.521431	0.000450	0.458116
521.207198	0.000466	0.435153
523.592104	0.000578	0.406727
525.814761	0.000534	0.383871
527.944447	0.000516	0.368862
530.169591	0.000172	0.352365
531.870147	0.000500	0.335423
533.410677	0.000172	0.329701
535.856886	0.000272	0.321332
538.099736	0.000334	0.306435
540.596389	0.000191	0.293675
543.614337	0.000431	0.318455
546.270507	0.000153	0.336835
549.373015	0.000519	0.353483
552.177363	0.000303	0.370026
554.472841	0.000453	0.392443
556.543122	0.000359	0.406342
557.450936	0.000522	0.423345
559.118334	0.000697	0.441624
560.703428	0.000519	0.454131
563.458733	0.000409	0.471813
565.735455	0.000544	0.479025
568.123592	0.000825	0.490865
570.479841	0.000575	0.486740
573.093101	0.000603	0.492713
575.363551	0.000469	0.485483
577.528446	0.000597	0.455521
580.009609	0.000519	0.449668
580.995931	0.000397	0.445562
583.070209	0.000353	0.425484
584.600724	0.000319	0.403759
587.631859	0.000322	0.400423
589.591006	0.000269	0.378337
592.463861	0.000297	0.342606
595.373626	0.000353	0.337215
597.800013	0.000181	0.327115
601.207630	0.000297	0.321344
603.088505	0.000616	0.332419
605.720450	0.000372	0.328736
606.525565	0.000491	0.345871
607.965603	0.000334	0.354009
609.533544	0.000447	0.359918
611.858253	0.000413	0.369162
614.128535	0.000366	0.389185
616.355907	0.000459	0.412965
619.012206	0.000366	0.431525
620.987900	0.000575	0.445521
623.956140	0.000722	0.458774
626.430145	0.000688	0.467983
628.122321	0.000816	0.470499
630.263633	0.000291	0.470329
631.403535	0.000531	0.474976
633.553395	0.000716	0.471484
635.811131	0.000603	0.463153
638.355616	0.000406	0.454908
641.271935	0.000509	0.440687
643.606166	0.000509	0.416476
646.514363	0.000325	0.394529
649.446674	0.000641	0.383892
652.208829	0.000128	0.368258
654.562609	0.000369	0.352183
656.295647	0.000194	0.348122
657.524988	0.000238	0.352373
658.776217	0.000275	0.344632
661.114010	0.000206	0.349328
663.259113	0.000634	0.347650
666.128358	0.000497	0.355249
668.570935	0.000544	0.360399
670.700841	0.000184	0.370082
673.583041	0.000541	0.382364
675.541770	0.000419	0.401802
677.727195	0.000563	0.410002
679.589564	0.000128	0.421471
681.493066	0.000669	0.430197
682.842353	0.000428	0.438966
685.154502	0.000481	0.442465
687.834655	0.000628	0.447298
690.072928	0.000469	0.451990
692.907428	0.000688	0.457571
695.510472	0.000228	0.456509
698.515108	0.000419	0.441649
700.711760	0.000419	0.438852
703.005031	0.000422	0.423550
704.466430	0.000566	0.416663
706.431198	0.000506	0.404137
707.491259	0.000313	0.403894
709.757592	0.000406	0.400723
712.048898	0.000469	0.391796
713.852638	0.000409	0.369938
716.250773	0.000378	0.369795
718.377095	0.000353	0.367922
721.575074	0.000656	0.365382
723.745430	0.000328	0.370306
726.433797	0.000503	0.363952
727.946553	0.000478	0.370033
729.701193	0.000328	0.371786
730.930586	0.000359	0.370426
733.005190	0.000228	0.379955
735.497393	0.000350	0.385722
738.119905	0.000144	0.405048
740.755180	0.000197	0.412487
743.664011	0.000281	0.419356
746.545527	0.000422	0.425534
749.570246	0.000397	0.449796
751.644723	0.000763	0.448457
753.702997	0.000525	0.442135
755.186364	0.000363	0.448040
756.707721	0.000528	0.452311
758.573550	0.000400	0.438140
760.719363	0.000388	0.435389
763.249347	0.000606	0.426909
765.152536	0.000472	0.426726
767.989754	0.000516	0.414855
770.234424	0.000600	0.395772
772.741376	0.000316	0.386540
775.655703	0.000250	0.378920
777.593502	0.000275	0.372618
779.471533	0.000519	0.363311
780.625414	0.000491	0.367338
782.657500	0.000494	0.371051
784.368978	0.000122	0.364347
787.374999	0.000197	0.365494
789.983247	0.000284	0.363743
792.450021	0.000216	0.379851
795.730940	0.000541	0.391257
797.772533	0.000353	0.403970
800.790763	0.000644	0.405451
802.049044	0.000281	0.418996
803.967418	0.000506	0.429288
805.482501	0.000300	0.428512
807.434339	0.000613	0.431764
809.507329	0.000381	0.439050
811.580076	0.000644	0.448386
813.895826	0.000791	0.440808
815.787489	0.000488	0.445374
818.616340	0.000484	0.436685
820.874222	0.000428	0.425950
823.778611	0.000350	0.418336
825.547382	0.000328	0.412283
827.234688	0.000366	0.412245
828.748039	0.000425	0.405248
830.515487	0.000409	0.389383
832.595438	0.000522	0.380858
834.984912	0.000303	0.372551
838.090275	0.000684	0.380026
840.176995	0.000466	0.369526
843.679172	0.000372	0.362193
846.260281	0.000222	0.375818
849.067015	0.000428	0.372626
851.192273	0.000484	0.376453
852.962697	0.000425	0.388767
854.325005	0.000531	0.395516
856.306847	0.000319	0.402620
857.989967	0.000631	0.408786
860.521583	0.000556	0.413211
863.011050	0.000466	0.415939
865.196470	0.000381	0.426825
867.752011	0.000497	0.427917
870.743417	0.000522	0.433278
872.738799	0.000453	0.442083
875.391559	0.000613	0.429746
877.227094	0.000603	0.420035
878.581637	0.000431	0.424606
880.451780	0.000384	0.422654
882.120991	0.000772	0.421448
884.809638	0.000475	0.412351
886.962799	0.000484	0.402294
889.613487	0.000625	0.402757
892.473374	0.000519	0.393473
895.083391	0.000503	0.383227
897.735593	0.000428	0.373937
900.189865	0.000525	0.379062
902.274601	0.000319	0.385493
903.361538	0.000356	0.380369
905.182116	0.000288	0.375697
906.885822	0.000622	0.377988
908.999386	0.000381	0.384201
911.419893	0.000253	0.383211
913.299738	0.000835	0.399075
916.393805	0.000528	0.398997
918.505696	0.000497	0.409000
921.051723	0.000409	0.417570
922.916716	0.000369	0.409042
925.231716	0.000528	0.406503
926.722514	0.000366	0.419852
928.254635	0.000597	0.429385
930.753010	0.000569	0.423025
932.474016	0.000441	0.419044
935.076451	0.000469	0.424235
937.420019	0.000334	0.418642
940.349732	0.000638	0.413083
943.010720	0.000631	0.413165
945.966755	0.000675	0.410400
948.188713	0.000406	0.411216
950.623957	0.000591	0.399299
952.129869	0.000259	0.397390
953.513822	0.000463	0.393930
955.299966	0.000359	0.394862
957.374633	0.000384	0.391475
959.955549	0.000122	0.389219
962.309489	0.000384	0.390151
965.049574	0.000394	0.393165
967.364114	0.000388	0.388154
970.049084	0.000494	0.386024
972.176094	0.000403	0.391851
974.220142	0.000538	0.401287
976.004236	0.000469	0.396603
977.758495	0.000150	0.402448
979.114590	0.000603	0.403849
981.943489	0.000613	0.413143
983.819253	0.000553	0.403326
986.747485	0.000503	0.410145
989.015119	0.000313	0.412962
992.139451	0.000350	0.421110
