-66020.211355	0.000675	0.403535
-66024.350702	0.000266	0.407807
-66028.899242	0.000478	0.415843
-66030.869856	0.000253	0.410761
-66032.205544	0.000219	0.417437
-66032.906180	0.000413	0.405602
-66034.902980	0.000519	0.411165
-66036.903022	0.000366	0.420240
-66040.172411	0.000369	0.416951
-66042.606026	0.000194	0.410832
-66044.545879	0.000516	0.410983
-66045.986294	0.000453	0.412824
-66047.646264	0.000475	0.400469
-66048.819395	0.000359	0.413765
-66051.121775	0.000216	0.410986
-66054.425315	0.000125	0.416519
-66058.108378	0.000134	0.402773
-66060.827038	0.000525	0.397722
-66063.262378	0.000047	0.400655
-66065.265754	0.000525	0.404153
-66066.117484	0.000406	0.406927
-66067.731377	0.000297	0.415958
-66069.153418	0.000372	0.419403
-66072.068891	0.000319	0.414010
-66074.071833	0.000513	0.407496
-66076.883308	0.000444	0.401779
-66079.150748	0.000353	0.412031
-66081.550861	0.000394	0.419059
-66083.578947	0.000316	0.413873
-66085.766187	0.000391	0.421588
-66087.397543	0.000338	0.419431
-66088.673516	0.000003	0.413119
-66090.498223	0.000341	0.411999
-66092.561143	0.000391	0.414006
-66094.816367	0.000163	0.410217
-66097.108244	0.000228	0.405559
-66099.079075	0.000263	0.407617
-66101.980035	0.000391	0.407894
-66104.492801	0.000353	0.393912
-66107.531353	0.000281	0.399213
-66110.454019	0.000106	0.408427
-66112.529507	0.000356	0.410169
-66114.009899	0.000344	0.419768
-66115.052475	0.000459	0.416062
-66117.190387	0.000434	0.406346
-66118.893860	0.000322	0.412685
-66122.062220	0.000431	0.414554
-66124.399193	0.000525	0.411465
-66127.452293	0.000356	0.408468
-66129.895693	0.000200	0.412413
-66132.232311	0.000228	0.410392
-66134.379193	0.000441	0.411141
-66136.377408	0.000159	0.392187
-66138.020914	0.000466	0.405796
-66139.485063	0.000094	0.412404
-66141.238599	0.000381	0.403260
-66143.739535	0.000378	0.395960
-66145.070247	0.000331	0.393163
-66148.367662	0.000500	0.399914
-66150.284357	0.000309	0.403940
-66153.812923	0.000384	0.401361
-66156.168045	0.000256	0.411079
-66159.394875	0.000169	0.417229
-66161.257110	0.000497	0.403283
-66162.659091	0.000356	0.408925
-66164.089544	0.000313	0.413279
-66165.948107	0.000313	0.409534
-66168.439351	0.000097	0.402733
-66170.802814	0.000050	0.415146
-66173.209076	0.000275	0.410987
-66174.823169	0.000378	0.406634
-66177.800532	0.000328	0.404709
-66179.529337	0.000556	0.395316
-66182.914430	0.000416	0.405648
-66184.365691	0.000244	0.404763
-66186.695758	0.000031	0.405930
-66187.519942	0.000506	0.400850
-66188.616340	0.000175	0.392002
-66190.834518	0.000150	0.396162
-66193.323546	0.000153	0.404348
-66196.323377	0.000397	0.409631
-66198.829051	0.000366	0.404406
-66201.346436	0.000231	0.407651
-66204.046674	0.000091	0.407986
-66206.208547	0.000250	0.405580
-66209.051262	0.000466	0.398239
-66211.043336	0.000269	0.410124
-66212.717084	0.000516	0.408749
-66213.740062	0.000384	0.416547
-66216.188428	0.000556	0.410758
-66218.532340	0.000309	0.416330
-66221.057843	0.000278	0.407174
-66223.471025	0.000338	0.406038
-66226.070544	0.000113	0.401910
-66228.818206	0.000381	0.413008
-66231.142410	0.000325	0.409104
-66233.712242	0.000197	0.393498
-66235.342714	0.000400	0.390529
-66236.974897	0.000125	0.394647
-66238.205678	0.000441	0.396293
-66240.103647	0.000431	0.401345
-66242.837532	0.000234	0.406692
-66245.033676	0.000278	0.409817
-66247.940791	0.000303	0.409871
-66250.435996	0.000459	0.410418
-66253.454738	0.000447	0.398210
-66255.982095	0.000353	0.402286
-66258.258890	0.000166	0.409593
-66260.212925	0.000172	0.405847
-66262.032495	0.000553	0.405287
-66263.578385	0.000103	0.407231
-66265.462017	0.000309	0.400966
-66268.211395	0.000113	0.396495
-66269.731520	0.000269	0.397938
-66272.367353	0.000500	0.407276
-66274.613651	0.000347	0.407537
-66277.478389	0.000253	0.394593
-66279.955896	0.000425	0.396920
-66282.035781	0.000341	0.406652
-66283.960637	0.000434	0.407919
-66285.125293	0.000344	0.402822
-66287.086364	0.000450	0.415900
-66288.545109	0.000472	0.411284
-66291.194690	0.000509	0.413459
-66293.579499	0.000250	0.402886
-66295.681749	0.000213	0.402507
-66298.326651	0.000528	0.410002
-66301.052604	0.000403	0.403528
-66303.840863	0.000413	0.399769
-66306.572121	0.000316	0.406464
-66308.768174	0.000250	0.408913
-66310.380088	0.000469	0.400849
-66311.787972	0.000169	0.393829
-66313.596896	0.000350	0.406412
-66315.639829	0.000191	0.412130
-66318.367528	0.000322	0.410507
-66320.730634	0.000088	0.399027
-66323.938146	0.000334	0.393596
-66325.733775	0.000134	0.397993
-66328.658843	0.000081	0.409139
-66330.825775	0.000325	0.403618
-66332.927640	0.000253	0.407823
-66334.493165	0.000169	0.411811
-66336.081832	0.000522	0.413070
-66337.744146	0.000369	0.406968
-66339.444690	0.000419	0.405620
-66342.721167	0.000269	0.408161
-66344.744839	0.000275	0.412679
-66347.794392	0.000313	0.407930
-66350.446386	0.000266	0.409073
-66352.870555	0.000181	0.409374
-66355.792376	0.000363	0.401587
-66357.466109	0.000294	0.405121
-66359.748941	0.000413	0.395387
-66361.097591	0.000494	0.412207
-66363.502377	0.000347	0.404621
-66364.807295	0.000134	0.386628
-66367.339471	0.000378	0.392440
-66369.665924	0.000459	0.393333
-66371.808025	0.000281	0.402948
-66375.153711	0.000513	0.401030
-66377.351383	0.000222	0.395925
-66379.871294	0.000403	0.408699
-66381.257055	0.000256	0.413860
-66382.782953	0.000378	0.402721
-66384.111609	0.000344	0.404518
-66385.936036	0.000622	0.404612
-66388.792077	0.000359	0.409966
-66390.576948	0.000509	0.417761
-66393.469181	0.000384	0.411305
-66395.295885	0.000294	0.410295
-66398.143833	0.000169	0.408160
-66400.863503	0.000272	0.396849
-66403.667837	0.000297	0.408893
-66405.851317	0.000119	0.408821
-66407.504522	0.000313	0.405747
-66409.420234	0.000500	0.400474
-66410.721133	0.000444	0.394696
-66413.543993	0.000306	0.403704
-66415.408471	0.000197	0.403692
-66418.222887	0.000359	0.399724
-66420.148211	0.000256	0.407157
-66422.722995	0.000450	0.413381
-66425.698570	0.000153	0.415945
-66427.591113	0.000275	0.409606
-66430.674183	0.000391	0.404323
-66431.740846	0.000353	0.408807
-66433.638117	0.000419	0.412369
-66434.595266	0.000328	0.410927
-66437.367824	0.000422	0.412671
-66439.493143	0.000556	0.405803
-66442.160836	0.000434	0.406225
-66444.670047	0.000609	0.412711
-66446.931063	0.000125	0.413107
-66450.357946	0.000566	0.411378
-66452.609302	0.000172	0.415430
-66455.341121	0.000391	0.402835
-66457.909883	0.000353	0.394951
-66458.563392	0.000350	0.405968
-66460.659846	0.000144	0.391680
-66462.187268	0.000538	0.402749
-66465.148183	0.000428	0.409455
-66466.978732	0.000203	0.409346
-66470.001387	0.000084	0.412004
-66471.776229	0.000478	0.409181
-66474.367518	0.000541	0.409868
-66476.508901	0.000269	0.408021
-66478.754537	0.000425	0.412815
-66481.263397	0.000275	0.413272
-66482.486244	0.000438	0.408355
-66484.101604	0.000422	0.418817
-66485.540858	0.000084	0.409804
-66488.396510	0.000291	0.402948
-66490.048288	0.000316	0.398171
-66492.893660	0.000291	0.413339
-66495.637347	0.000341	0.403911
-66498.281472	0.000559	0.396298
-66501.103989	0.000275	0.399830
-66503.287917	0.000191	0.400891
-66505.632558	0.000281	0.391068
-66507.208434	0.000669	0.404565
-66508.856762	0.000341	0.411369
-66511.074592	0.000434	0.409135
-66513.254610	0.000438	0.415779
-66515.619240	0.000156	0.410923
-66517.540695	0.000650	0.405394
-66520.591410	0.000494	0.416448
-66523.047970	0.000403	0.407484
-66525.860941	0.000450	0.413929
-66528.605388	0.000413	0.416637
-66529.886314	0.000397	0.420934
-66531.895085	0.000294	0.409581
-66532.776320	0.000475	0.396674
-66535.111564	0.000272	0.409363
-66537.201023	0.000103	0.410811
-66539.691476	0.000231	0.414906
-66541.916451	0.000228	0.395116
-66544.372121	0.000197	0.397303
-66547.181400	0.000359	0.397026
-66550.165994	0.000503	0.402152
-66553.280813	0.000200	0.402996
-66555.363988	0.000300	0.414460
-66557.591463	0.000156	0.409219
-66558.599089	0.000188	0.413683
-66560.255742	0.000259	0.415151
-66562.725781	0.000391	0.408139
-66564.789765	0.000247	0.415110
-66567.867603	0.000309	0.415973
-66569.725515	0.000494	0.417667
-66572.709013	0.000472	0.413354
-66575.074766	0.000338	0.414634
-66577.241360	0.000075	0.403123
-66578.801090	0.000356	0.403448
-66580.912272	0.000222	0.407031
-66582.153681	0.000291	0.410118
-66583.872214	0.000278	0.420877
-66585.440815	0.000444	0.410098
-66588.364331	0.000281	0.407791
-66590.033588	0.000313	0.396382
-66593.083796	0.000203	0.396014
-66595.542902	0.000581	0.411115
-66598.581833	0.000428	0.411151
-66601.042978	0.000291	0.412354
-66603.343961	0.000553	0.413542
-66604.988631	0.000550	0.420139
-66606.885375	0.000500	0.405812
-66608.262125	0.000153	0.416860
-66610.865671	0.000363	0.415147
-66613.510747	0.000450	0.416482
-66615.700936	0.000400	0.418662
-66618.208046	0.000353	0.410460
-66620.570763	0.000397	0.411481
-66623.421734	0.000463	0.407824
-66625.499858	0.000125	0.409325
-66628.255727	0.000338	0.411034
-66629.653898	0.000447	0.417858
-66631.775247	0.000169	0.401659
-66632.666658	0.000547	0.400789
-66634.690667	0.000378	0.401465
-66636.889693	0.000616	0.408926
-66639.734554	0.000381	0.408503
-66641.967507	0.000250	0.416197
-66645.005090	0.000363	0.416609
-66647.257599	0.000091	0.423362
-66650.217085	0.000456	0.413330
-66652.533818	0.000275	0.405314
-66655.246821	0.000688	0.421687
-66656.956205	0.000341	0.426646
-66658.651845	0.000259	0.414766
-66660.355287	0.000331	0.419246
-66662.637770	0.000391	0.418266
-66664.978278	0.000297	0.414174
-66666.945257	0.000484	0.405308
-66670.256668	0.000547	0.399427
-66671.960386	0.000356	0.420041
-66675.299423	0.000616	0.417922
-66677.095306	0.000406	0.405604
-66679.510273	0.000438	0.407058
-66680.613074	0.000244	0.407033
-66682.224675	0.000613	0.410933
-66683.734442	0.000441	0.407663
-66685.644488	0.000369	0.418946
-66688.368502	0.000197	0.420011
-66690.374610	0.000250	0.412282
-66693.002663	0.000278	0.404363
-66695.597912	0.000603	0.410404
-66698.007489	0.000125	0.421802
-66701.160010	0.000284	0.414449
-66703.078652	0.000588	0.411263
-66705.236065	0.000338	0.414289
-66706.852875	0.000459	0.417666
-66708.530252	0.000438	0.414737
-66710.792904	0.000416	0.403087
-66712.926456	0.000397	0.418753
-66716.207668	0.000075	0.416414
-66717.581328	0.000291	0.413030
-66721.255233	0.000513	0.397253
-66722.930703	0.000088	0.405942
-66726.296622	0.000269	0.401500
-66728.301028	0.000369	0.402255
-66729.093923	0.000297	0.408695
-66731.267025	0.000372	0.415521
-66731.605582	0.000288	0.420005
-66734.289066	0.000438	0.408931
-66736.445984	0.000231	0.420916
-66739.906816	0.000247	0.405546
-66742.024732	0.000388	0.410849
-66744.958939	0.000569	0.420553
-66747.255147	0.000413	0.419630
-66749.963694	0.000228	0.427081
-66753.003723	0.000281	0.424242
-66754.827568	0.000438	0.416688
-66756.830607	0.000375	0.417375
-66758.130065	0.000163	0.411254
-66760.021105	0.000378	0.413234
-66762.495121	0.000234	0.415903
-66765.051645	0.000203	0.400346
-66767.522150	0.000306	0.408935
-66770.281105	0.000328	0.401713
-66772.485244	0.000294	0.400334
-66774.836734	0.000603	0.407495
-66777.083083	0.000309	0.421340
-66778.810169	0.000344	0.418038
-66780.174451	0.000384	0.415566
-66781.828126	0.000313	0.419288
-66783.552326	0.000400	0.406298
-66785.976539	0.000553	0.410011
-66788.339692	0.000494	0.419338
-66790.747994	0.000353	0.424706
-66793.230007	0.000316	0.429501
-66795.788128	0.000294	0.425568
-66798.366529	0.000313	0.419799
-66800.701172	0.000328	0.409285
-66803.545861	0.000338	0.410581
-66804.323326	0.000172	0.414600
-66807.197092	0.000409	0.415795
-66808.048895	0.000359	0.413380
-66811.066890	0.000463	0.399118
-66813.163849	0.000231	0.401521
-66816.003027	0.000244	0.407225
-66818.902461	0.000744	0.414816
-66821.304328	0.000531	0.420651
-66823.625470	0.000222	0.411584
-66825.093766	0.000475	0.419144
-66827.718324	0.000209	0.412913
-66828.924344	0.000416	0.403949
-66830.900326	0.000175	0.413852
-66833.089589	0.000647	0.417436
-66834.767324	0.000359	0.417298
-66836.934649	0.000338	0.424477
-66839.447394	0.000378	0.417737
-66841.890867	0.000353	0.407302
-66845.009620	0.000569	0.414313
-66847.631303	0.000056	0.410874
-66850.640473	0.000375	0.416984
-66852.760660	0.000219	0.418177
-66854.595369	0.000450	0.405793
-66856.188705	0.000331	0.396595
-66858.435969	0.000366	0.406853
-66860.420988	0.000188	0.405754
-66862.711225	0.000097	0.408387
-66865.625119	0.000381	0.419553
-66867.173221	0.000466	0.424650
-66870.777954	0.000494	0.423786
-66872.048109	0.000381	0.417001
-66875.591758	0.000175	0.400947
-66877.309174	0.000306	0.409611
-66879.087067	0.000422	0.420559
-66880.357425	0.000209	0.417858
-66881.716360	0.000584	0.421002
-66883.693206	0.000338	0.416442
-66885.445156	0.000331	0.404938
-66888.807794	0.000363	0.404284
-66890.600965	0.000313	0.415429
-66893.989479	0.000478	0.415656
-66895.860040	0.000278	0.413044
-66898.959578	0.000216	0.393338
-66900.564271	0.000134	0.396626
-66903.510595	0.000284	0.406286
-66904.910675	0.000228	0.398707
-66906.833958	0.000438	0.414027
-66909.118294	0.000272	0.414947
-66911.023292	0.000484	0.414403
-66913.877334	0.000372	0.418472
-66916.152863	0.000259	0.411368
-66918.871595	0.000388	0.419260
-66921.792479	0.000253	0.405661
-66923.735910	0.000316	0.416839
-66926.021823	0.000266	0.419541
-66927.519881	0.000200	0.412518
-66928.855579	0.000225	0.415293
-66930.326468	0.000363	0.405542
-66932.411540	0.000384	0.410026
-66935.186678	0.000550	0.407235
-66937.052369	0.000353	0.407482
-66940.010137	0.000453	0.413159
-66941.937951	0.000341	0.398095
-66945.329437	0.000594	0.397293
-66948.225454	0.000525	0.407919
-66950.705281	0.000091	0.405154
-66953.275513	0.000522	0.403568
-66954.592793	0.000175	0.420301
-66956.106405	0.000150	0.417021
-66958.152823	0.000669	0.415217
-66961.117638	0.000088	0.405788
-66962.660098	0.000328	0.411321
-66965.906960	0.000397	0.407809
-66967.615324	0.000188	0.404274
-66971.007635	0.000347	0.415099
-66972.979962	0.000366	0.411796
-66975.384456	0.000450	0.412998
-66977.292169	0.000322	0.408640
-66978.107074	0.000453	0.401526
-66979.876355	0.000241	0.407973
-66981.005698	0.000281	0.412607
-66984.218084	0.000303	0.410008
-66985.977230	0.000494	0.399240
-66988.785983	0.000241	0.397496
-66991.424816	0.000456	0.401950
-66993.908024	0.000297	0.399975
-66996.603996	0.000400	0.401457
-66998.998841	0.000297	0.411445
-67001.343203	0.000434	0.409175
-67003.370677	0.000078	0.410243
-67004.697163	0.000263	0.410350
-67007.036484	0.000353	0.402433
-67009.179031	0.000534	0.412208
-67011.510519	0.000397	0.412441
-67013.685303	0.000500	0.412702
-67016.572291	0.000388	0.417851
-67019.318879	0.000497	0.412557
-67021.216073	0.000316	0.407327
-67024.142382	0.000294	0.398828
-67025.104128	0.000234	0.404303
-67027.622168	0.000250	0.409319
-67028.198901	0.000441	0.406628
-67030.625562	0.000369	0.402330
-67032.244294	0.000381	0.395857
-67035.106349	0.000372	0.397516
-67037.183898	0.000494	0.402506
-67039.764345	0.000453	0.402427
-67042.656091	0.000413	0.402775
-67045.325544	0.000147	0.412288
-67048.547089	0.000428	0.415466
-67050.623828	0.000534	0.405970
-67052.978830	0.000231	0.403007
-67054.102164	0.000191	0.415125
-67056.400309	0.000450	0.413370
-67058.241965	0.000116	0.413169
-67061.154619	0.000384	0.414737
-67063.039776	0.000403	0.415666
-67066.105975	0.000384	0.409078
-67067.909980	0.000284	0.398586
-67070.759866	0.000413	0.401535
-67072.939852	0.000163	0.411854
-67075.190054	0.000556	0.413299
-67076.463052	0.000509	0.397878
-67078.380594	0.000225	0.394521
-67079.355866	0.000259	0.401813
-67081.548703	0.000488	0.402984
-67083.785209	0.000403	0.402466
-67086.457778	0.000213	0.409153
-67088.891661	0.000341	0.410066
-67091.663892	0.000369	0.412650
-67094.352235	0.000244	0.409277
-67097.244208	0.000431	0.402643
-67099.214160	0.000216	0.411520
-67100.826365	0.000366	0.415497
-67103.547720	0.000119	0.418501
-67104.535912	0.000200	0.419563
-67107.431392	0.000344	0.417928
-67109.265702	0.000325	0.406411
-67111.261852	0.000344	0.400213
-67113.569191	0.000403	0.403534
-67116.246930	0.000572	0.415767
-67119.319133	0.000213	0.408331
-67122.015129	0.000413	0.400569
-67123.926590	0.000531	0.399072
-67125.408604	0.000219	0.399045
-67126.359224	0.000463	0.398479
-67127.903738	0.000247	0.404072
-67129.700598	0.000234	0.398616
-67132.959100	0.000366	0.415348
-67135.227758	0.000153	0.416536
-67137.702587	0.000213	0.417957
-67140.181405	0.000172	0.417349
-67142.778657	0.000253	0.414425
-67145.562883	0.000347	0.410945
-67148.194618	-0.000044	0.420170
-67151.080623	0.000428	0.418032
-67152.389770	0.000278	0.420846
-67154.484598	0.000441	0.411633
-67155.575049	0.000344	0.406792
-67158.240867	0.000416	0.409339
-67160.259002	0.000300	0.404138
-67163.126374	0.000278	0.411521
-67165.675956	0.000363	0.400463
-67168.446319	0.000353	0.399312
-67170.479975	0.000513	0.397006
-67173.063793	0.000506	0.405380
-67174.717799	0.000334	0.412698
-67176.096556	0.000184	0.408436
-67178.096105	0.000363	0.424786
-67179.530664	0.000238	0.417056
-67181.767419	0.000322	0.407468
-67184.137313	0.000322	0.409446
-67186.300319	0.000163	0.412779
-67189.349876	0.000353	0.422988
-67191.859998	0.000434	0.419330
-67194.943494	0.000353	0.416018
-67197.068183	0.000284	0.412789
-67199.358809	0.000134	0.413102
-67200.836223	0.000328	0.399451
-67202.510645	0.000313	0.402611
-67204.925156	0.000384	0.414807
-67206.865263	0.000025	0.413495
-67209.640062	0.000513	0.405929
-67211.197671	0.000403	0.406087
-67214.106019	0.000313	0.395832
-67216.561523	0.000303	0.406381
-67219.216958	0.000259	0.405072
-67221.546080	0.000384	0.413660
-67223.583543	0.000319	0.419793
-67224.433899	0.000175	0.416991
-67225.731334	0.000278	0.401655
-67227.662506	0.000259	0.408092
-67230.165043	0.000497	0.409605
-67232.488843	0.000313	0.421790
-67235.367753	0.000497	0.415133
-67237.313942	0.000413	0.412153
-67240.285488	0.000153	0.418501
-67242.705614	0.000216	0.410583
-67245.878348	0.000306	0.403048
-67248.206336	0.000122	0.408666
-67250.322219	0.000359	0.410508
-67251.784935	0.000238	0.409651
-67253.356839	0.000594	0.401430
-67255.424475	0.000388	0.400132
-67257.223129	0.000319	0.395908
-67261.173889	0.000516	0.403421
-67262.288915	-0.000025	0.413963
-67266.388728	0.000544	0.412434
-67267.514548	0.000409	0.412567
-67270.667924	0.000269	0.411469
-67272.352241	0.000425	0.403448
-67274.366962	0.000263	0.405440
-67275.851206	0.000516	0.413491
-67276.796475	0.000597	0.410152
-67279.918251	0.000097	0.410815
-67281.101573	0.000431	0.409348
-67284.648225	0.000353	0.423557
-67286.291208	0.000375	0.412348
-67289.553608	0.000375	0.398416
-67292.132468	0.000350	0.407992
-67294.677609	0.000369	0.408596
-67296.998208	0.000372	0.407621
-67299.043942	0.000322	0.396039
-67300.595405	0.000469	0.401448
-67302.688635	0.000175	0.401456
-67304.458979	0.000434	0.403812
-67306.961582	0.000338	0.407603
-67308.713788	0.000309	0.411033
-67311.341647	0.000244	0.413965
-67313.673649	0.000244	0.414254
-67316.513309	0.000319	0.408128
-67318.696944	0.000309	0.411491
-67320.877455	0.000500	0.409234
-67322.716629	0.000394	0.410484
-67323.904931	0.000147	0.420540
-67325.550490	0.000272	0.417360
-67327.308416	0.000375	0.421024
-67330.434089	0.000422	0.420288
-67332.087916	0.000313	0.408693
-67335.045241	0.000453	0.405400
-67337.126465	0.000153	0.410968
-67340.368009	0.000319	0.418690
-67343.002261	0.000303	0.408368
-67345.591308	0.000484	0.395132
-67348.463144	0.000334	0.403725
-67349.033214	0.000438	0.399072
-67351.113783	0.000372	0.404127
-67352.280839	0.000300	0.408854
-67355.362649	0.000353	0.412150
-67357.618806	0.000288	0.404412
-67360.077026	0.000372	0.408957
-67362.873900	0.000378	0.408332
-67364.854990	0.000325	0.416570
-67367.872750	0.000553	0.408552
-67369.705702	0.000344	0.422946
-67371.974798	0.000488	0.421740
-67373.697322	0.000331	0.413980
-67374.848727	0.000063	0.403874
-67376.766028	0.000309	0.400504
-67378.713684	0.000406	0.415160
-67381.589432	0.000300	0.408436
-67383.613938	0.000284	0.413391
-67386.815919	0.000278	0.402072
-67389.102074	0.000209	0.402330
-67391.884346	0.000309	0.400408
-67394.449105	0.000353	0.400784
-67396.257678	0.000353	0.407859
-67398.580166	0.000381	0.410553
-67399.515732	0.000278	0.415255
-67401.878762	0.000413	0.412301
-67403.665012	0.000306	0.407668
-67406.304874	0.000391	0.404492
-67408.339195	0.000322	0.419111
-67411.035213	0.000306	0.411224
-67413.696748	0.000319	0.421668
-67415.397255	0.000291	0.414033
-67418.907001	0.000194	0.408446
-67419.694000	0.000150	0.411407
-67421.981851	0.000319	0.401153
-67423.574600	0.000428	0.401519
-67425.058030	0.000347	0.401408
-67427.542243	0.000391	0.408201
-67429.481272	0.000369	0.397139
-67432.006686	0.000391	0.400144
-67434.330883	0.000163	0.394200
-67437.560146	0.000306	0.407406
-67440.176952	0.000406	0.401945
-67443.128091	0.000363	0.415012
-67444.771310	0.000403	0.428128
-67446.981349	0.000278	0.414987
-67448.496970	0.000366	0.414143
-67450.338287	0.000303	0.408381
-67452.293620	0.000197	0.408798
-67454.783089	0.000306	0.414852
-67457.143444	0.000363	0.417174
-67459.608429	0.000488	0.410188
-67462.495813	0.000150	0.414214
-67464.501545	0.000338	0.413781
-67467.079299	0.000172	0.415344
-67469.086054	0.000425	0.402351
-67470.761967	0.000097	0.408979
-67472.514747	0.000453	0.409267
-67473.791158	0.000372	0.402156
-67475.852410	0.000353	0.400088
-67478.001682	0.000275	0.397376
-67480.994613	0.000341	0.399169
-67483.171658	0.000409	0.412806
-67486.269728	0.000422	0.410047
-67488.793111	0.000228	0.413025
-67491.322067	0.000150	0.409935
-67493.902135	0.000422	0.410827
-67495.664773	0.000309	0.411810
-67497.589170	0.000359	0.406550
-67499.249604	0.000241	0.414578
-67501.014876	0.000291	0.417872
-67503.512725	0.000381	0.417154
-67505.679465	0.000125	0.416021
-67508.204465	0.000341	0.412335
-67510.357418	0.000341	0.411472
-67513.471760	0.000191	0.404906
-67515.189113	0.000053	0.410309
-67517.924701	0.000241	0.404912
-67519.151967	0.000316	0.400950
-67520.898649	0.000234	0.397701
-67522.201002	0.000372	0.392520
-67524.469107	0.000388	0.401889
-67526.882566	0.000344	0.415041
-67528.499795	0.000669	0.408736
-67531.701223	0.000222	0.421117
-67533.532553	0.000328	0.414323
-67537.238414	0.000228	0.410291
-67539.449887	0.000234	0.405662
-67542.351579	0.000309	0.418534
-67544.329979	0.000566	0.419282
-67545.382806	0.000347	0.418511
-67547.206754	0.000309	0.417788
-67549.042752	0.000166	0.410773
-67551.572838	0.000125	0.411798
-67554.127586	0.000291	0.407316
-67556.234373	0.000569	0.399357
-67558.666627	0.000278	0.417439
-67560.995878	0.000428	0.415053
-67563.512075	0.000356	0.407495
-67565.913306	0.000269	0.394560
-67568.039086	0.000381	0.402768
-67569.539507	0.000363	0.407443
-67570.725825	0.000531	0.402006
-67572.872990	0.000409	0.412258
-67574.822988	0.000534	0.420168
-67577.360649	0.000509	0.420395
-67579.617199	0.000609	0.419117
-67583.162401	0.000128	0.403772
-67584.424416	0.000481	0.411261
-67588.240117	0.000400	0.414618
-67589.649755	0.000163	0.405918
-67592.519734	0.000531	0.415913
-67594.265497	0.000481	0.410431
-67596.103270	0.000341	0.405494
-67597.921986	0.000184	0.400532
-67599.959216	0.000544	0.400382
-67601.864943	0.000081	0.424008
-67604.124889	0.000297	0.415526
-67606.913154	0.000219	0.403896
-67609.471558	0.000334	0.405863
-67611.938660	0.000416	0.395126
-67614.365017	0.000438	0.401948
-67616.126993	0.000497	0.402492
-67617.889909	0.000244	0.408216
-67619.344397	0.000281	0.417920
-67620.604601	0.000309	0.416234
-67622.958051	0.000334	0.403335
-67625.126809	0.000616	0.413717
-67628.025228	0.000228	0.410402
-67629.912567	0.000403	0.402762
-67633.112742	0.000344	0.409374
-67635.306208	0.000500	0.415808
-67638.688259	0.000263	0.410740
-67640.389232	0.000434	0.402124
-67642.712789	0.000441	0.402502
-67644.169687	0.000475	0.404488
-67645.655787	0.000203	0.410176
-67647.985835	0.000431	0.418866
-67650.142353	0.000631	0.406936
-67652.802573	0.000378	0.399257
-67654.389841	0.000266	0.400926
-67657.573638	-0.000013	0.403521
-67660.226960	0.000441	0.402198
-67662.435475	0.000328	0.408033
-67664.799688	0.000441	0.412162
-67665.855308	0.000419	0.407087
-67667.625961	0.000553	0.407626
-67669.316747	0.000156	0.408753
-67671.227236	0.000341	0.417744
-67673.964418	0.000491	0.420126
-67675.856178	0.000031	0.412419
-67678.632873	0.000306	0.404537
-67680.961012	0.000341	0.410316
-67684.696081	0.000409	0.414389
-67686.210895	0.000231	0.403100
-67689.504565	0.000231	0.402281
-67690.649775	0.000338	0.409731
-67693.104180	0.000363	0.409216
-67694.376447	0.000416	0.403291
-67696.554869	0.000278	0.393393
-67698.498442	0.000400	0.398901
-67701.157946	0.000528	0.403213
-67703.248621	0.000372	0.400189
-67706.212823	0.000084	0.404074
-67708.569280	0.000200	0.406062
-67710.683040	0.000500	0.409390
-67712.941563	0.000303	0.405243
-67714.574112	0.000309	0.413279
-67716.104790	0.000288	0.411542
-67717.660462	0.000416	0.407324
-67719.811002	0.000131	0.417528
-67721.905165	0.000272	0.407074
-67724.227790	0.000413	0.414714
-67726.393710	0.000294	0.409502
-67729.216467	0.000341	0.404067
-67731.784407	0.000447	0.404481
-67734.887428	0.000294	0.404310
-67736.638464	0.000275	0.417793
-67739.637443	0.000191	0.399407
-67740.499656	0.000369	0.399911
-67742.459538	0.000325	0.394568
-67744.405358	0.000253	0.396114
-67746.576889	0.000369	0.401526
-67749.247502	0.000447	0.407222
-67751.343713	0.000509	0.405240
-67754.298111	0.000244	0.409219
-67756.267353	0.000291	0.409127
-67759.013743	0.000356	0.412703
-67760.826067	0.000084	0.407592
-67763.354918	0.000197	0.405872
-67764.589992	0.000103	0.414392
-67766.054053	0.000325	0.411161
-67768.020778	0.000481	0.403221
-67770.144452	0.000272	0.406105
-67772.433877	0.000425	0.400613
-67774.644973	0.000359	0.398784
-67777.535539	0.000369	0.412256
-67780.103151	0.000116	0.397899
-67783.084714	0.000303	0.393976
-67785.684714	0.000184	0.399132
-67787.901928	0.000278	0.394056
-67789.721541	0.000366	0.391767
-67791.089625	0.000353	0.398643
-67793.422952	0.000406	0.403374
-67795.606611	0.000163	0.404291
-67797.576783	0.000491	0.405778
-67800.388774	0.000303	0.415381
-67802.364534	0.000328	0.406093
-67805.072259	0.000356	0.405414
-67807.601032	0.000403	0.411930
-67809.918378	0.000172	0.408797
-67811.695615	0.000222	0.416490
-67813.584094	0.000222	0.414697
-67814.507818	0.000269	0.407574
-67816.485012	0.000172	0.392721
-67818.294811	0.000259	0.390564
-67820.746601	0.000191	0.401553
-67823.074534	0.000272	0.402916
-67825.555108	0.000522	0.393985
-67828.155601	0.000253	0.392627
-67830.952759	0.000578	0.388889
-67833.628122	0.000528	0.390864
-67835.819318	0.000353	0.397585
-67838.172183	0.000100	0.404460
-67839.654987	0.000522	0.409182
-67840.920985	0.000241	0.413240
-67842.954676	0.000297	0.405209
-67845.361482	0.000294	0.409015
-67847.999948	0.000281	0.403743
-67850.567515	0.000391	0.407468
-67853.014051	0.000275	0.414425
-67855.506414	0.000306	0.416707
-67857.802714	0.000375	0.414448
-67860.010316	0.000203	0.405258
-67861.513162	0.000253	0.404069
-67863.417843	0.000313	0.395837
-67864.390721	0.000325	0.397713
-67866.327299	0.000278	0.405292
-67868.859828	0.000444	0.396241
-67871.121526	0.000163	0.399915
-67873.931805	0.000456	0.398118
-67876.734740	0.000350	0.396113
-67879.543142	0.000563	0.408168
-67881.697275	0.000316	0.406599
-67884.621971	0.000256	0.412437
-67886.157084	0.000175	0.402608
-67888.566411	0.000503	0.403700
-67889.812647	0.000394	0.399382
-67891.657539	0.000319	0.407404
-67894.404319	0.000609	0.405206
-67896.221540	0.000334	0.408842
-67899.000119	0.000366	0.408925
-67901.668911	0.000300	0.406578
-67904.097778	0.000200	0.407104
-67906.766389	0.000466	0.399355
-67908.308490	0.000313	0.392975
-67910.487511	0.000284	0.401469
-67911.010281	0.000459	0.408810
-67913.818495	0.000309	0.390361
-67914.929748	0.000353	0.398280
-67917.711770	0.000244	0.398559
-67919.789965	0.000372	0.392858
-67921.999092	0.000222	0.407784
-67924.723472	0.000422	0.408031
-67927.152915	0.000397	0.414154
-67930.017778	0.000041	0.412981
-67932.234852	0.000072	0.405425
-67934.752219	0.000134	0.403353
-67936.020740	0.000394	0.405487
-67938.055602	0.000447	0.406844
-67939.833437	0.000097	0.408608
-67942.058738	0.000422	0.400701
-67944.621004	0.000441	0.407220
-67946.758250	0.000263	0.404739
-67949.354602	0.000319	0.391933
-67951.973746	0.000325	0.394043
-67954.089491	0.000459	0.398820
-67956.833668	0.000147	0.402067
-67958.721249	0.000497	0.400818
-67960.112978	0.000297	0.397241
-67961.138250	0.000572	0.393725
-67963.522344	0.000216	0.400331
-67965.087043	0.000441	0.407393
-67967.932467	0.000253	0.407509
-67970.019653	0.000594	0.411604
-67972.767458	0.000163	0.406999
-67975.013221	0.000244	0.400206
-67977.800557	0.000266	0.397328
-67980.934536	0.000200	0.406594
-67983.201456	0.000397	0.406172
-67985.763270	0.000481	0.406877
-67986.769219	0.000694	0.408696
-67988.915022	0.000294	0.414758
-67990.418820	0.000450	0.403877
-67992.682412	0.000213	0.408066
-67995.526505	0.000294	0.396201
-67997.557330	0.000200	0.401439
-68000.808103	0.000222	0.402582
-68002.902877	0.000459	0.402601
-68005.462761	0.000447	0.391310
-68007.168978	0.000406	0.400257
-68008.740582	0.000184	0.389113
-68010.372728	0.000169	0.397865
-68011.491560	0.000219	0.406241
-68014.336658	0.000281	0.407354
-68015.713400	0.000325	0.404395
-68018.662340	0.000463	0.403386
-68020.561806	0.000484	0.399673
-68023.265749	0.000378	0.399927
-68026.242611	0.000478	0.396890
-68028.806923	0.000466	0.404074
-68031.439805	0.000422	0.407522
-68033.274898	0.000438	0.404808
-68035.337731	0.000200	0.397211
-68035.993818	0.000447	0.399314
-68039.240715	0.000478	0.393052
-68040.819965	0.000281	0.403732
-68043.260091	0.000322	0.405817
-68046.083041	0.000353	0.395031
-68048.039554	0.000238	0.388290
-68051.344460	0.000425	0.397032
-68053.214509	0.000394	0.393791
-68055.387109	0.000316	0.401328
-68056.887438	0.000484	0.401856
-68058.558611	0.000347	0.399068
-68059.868648	0.000431	0.404109
-68061.568285	0.000431	0.404751
-68064.166030	0.000209	0.403300
-68066.205600	0.000306	0.402313
-68068.893951	0.000338	0.406750
-68071.890188	0.000084	0.405057
-68074.240089	0.000316	0.413035
-68077.176251	0.000191	0.406188
-68079.247029	0.000369	0.405399
-68081.789148	0.000428	0.398874
-68083.323527	0.000600	0.392815
-68085.167564	0.000338	0.401018
-68086.901114	0.000428	0.402299
-68089.457207	0.000275	0.399523
-68091.766494	0.000341	0.389323
-68093.765800	0.000388	0.393402
-68096.827875	0.000425	0.404203
-68098.724323	0.000281	0.398865
-68101.878077	0.000522	0.405140
-68103.581402	0.000238	0.398596
-68105.869498	0.000350	0.400235
-68106.804969	0.000359	0.406807
-68108.543452	0.000319	0.402149
-68110.271052	0.000453	0.415149
-68112.390390	0.000331	0.402387
-68115.070642	0.000597	0.407071
-68117.182745	0.000456	0.408355
-68119.919085	0.000119	0.392051
-68122.245559	0.000206	0.399621
-68125.065268	0.000316	0.398508
-68127.667990	0.000438	0.397376
-68129.880244	0.000206	0.400239
-68131.796218	0.000347	0.403379
-68133.522877	0.000238	0.394020
-68135.370625	0.000422	0.401022
-68137.159555	0.000291	0.396376
-68139.707008	0.000356	0.388453
-68142.099815	0.000463	0.391773
-68144.351130	0.000409	0.405565
-68147.527994	0.000450	0.404795
-68149.188672	0.000269	0.407032
-68152.175773	0.000325	0.404756
-68153.414686	0.000238	0.400135
-68155.502057	0.000494	0.405003
-68157.088802	0.000481	0.410365
-68158.503080	0.000522	0.406846
-68160.682236	0.000338	0.418165
-68162.184826	0.000169	0.409022
-68165.390069	0.000319	0.407890
-68167.483305	0.000600	0.396568
-68170.748115	0.000538	0.393845
-68173.089923	0.000463	0.400942
-68175.931694	0.000319	0.402213
-68178.146184	0.000297	0.385380
-68179.960356	0.000206	0.388359
-68181.766702	0.000341	0.390402
-68183.539516	0.000341	0.397652
-68186.117015	0.000447	0.403684
-68187.722024	0.000300	0.404898
-68190.854684	0.000313	0.408830
-68192.238689	0.000416	0.412342
-68195.390887	0.000384	0.408684
-68198.072352	0.000209	0.403613
-68200.552575	0.000203	0.403844
-68202.871496	0.000228	0.403822
-68203.899374	0.000325	0.405650
-68205.392689	0.000191	0.404811
-68206.193787	0.000197	0.410136
-68208.907941	0.000484	0.398030
-68211.355918	0.000384	0.400040
-68213.483431	0.000481	0.397589
-68216.282304	0.000275	0.397333
-68218.269938	0.000159	0.402708
-68221.304095	0.000434	0.406984
-68223.801079	0.000481	0.389158
-68226.548407	0.000259	0.394173
-68229.039260	0.000356	0.400974
-68230.281777	0.000322	0.401497
-68232.090731	0.000519	0.413910
-68233.378548	0.000384	0.405643
-68236.415198	0.000050	0.411773
-68238.119288	0.000459	0.402633
-68240.968218	0.000316	0.409496
-68243.339587	0.000266	0.412686
-68245.751308	0.000550	0.404767
-68248.341601	0.000103	0.414531
-68250.064523	0.000244	0.413082
-68252.788468	0.000450	0.410815
-68253.581095	0.000156	0.401183
-68255.031471	0.000413	0.403786
-68256.741241	0.000475	0.398041
-68259.005010	0.000531	0.410967
-68261.508356	0.000313	0.406795
-68263.634991	0.000203	0.406644
-68267.029868	0.000416	0.396858
-68269.016847	0.000434	0.398953
-68272.257927	0.000466	0.395716
-68274.740746	0.000425	0.402339
-68276.945143	0.000588	0.417730
-68278.849467	0.000313	0.408209
-68280.152638	0.000306	0.412338
-68282.206995	0.000353	0.400836
-68284.392705	0.000075	0.409814
-68286.748403	0.000344	0.411888
-68289.199582	0.000356	0.407359
-68291.846471	0.000288	0.420892
-68294.123558	0.000459	0.413011
-68296.736558	0.000372	0.406291
-68299.042700	0.000347	0.401969
-68301.011401	0.000400	0.400625
-68302.932411	0.000369	0.395235
-68304.037056	0.000284	0.404895
-68305.690872	0.000403	0.411648
-68307.432230	0.000450	0.405186
-68310.426143	0.000484	0.389315
-68312.714932	0.000334	0.399825
-68315.170418	0.000397	0.397945
-68317.916586	0.000081	0.404113
-68319.688883	0.000475	0.406771
-68323.426975	0.000172	0.401399
-68324.835797	0.000119	0.414042
-68327.690378	0.000269	0.407789
-68329.276830	0.000431	0.404291
-68330.539162	0.000191	0.401608
-68332.754434	0.000394	0.404728
-68334.241478	0.000559	0.407040
-68337.263629	0.000281	0.407271
-68339.121891	0.000288	0.404562
-68342.452952	0.000244	0.409810
-68344.644533	0.000147	0.399047
-68346.923036	0.000359	0.400863
-68348.882218	0.000416	0.407098
-68350.186275	0.000166	0.405217
-68352.202534	0.000291	0.407279
-68353.497109	0.000356	0.402413
-68355.359468	0.000325	0.404381
-68357.789191	0.000509	0.393354
-68359.968286	0.000472	0.391192
-68362.496527	0.000341	0.407918
-68364.767082	0.000356	0.406957
-68368.041120	0.000281	0.404769
-68370.346503	0.000219	0.401919
-68373.360995	0.000406	0.408974
-68374.998824	0.000459	0.409390
-68376.779231	0.000322	0.411200
-68378.189317	0.000291	0.415255
-68380.381693	0.000281	0.411314
-68382.833952	0.000156	0.405969
-68385.392855	0.000444	0.407213
-68387.717623	0.000094	0.411527
-68390.079036	0.000575	0.403521
-68392.906457	0.000294	0.404950
-68394.975738	0.000378	0.412561
-68397.694107	0.000272	0.404784
-68399.430278	0.000413	0.394633
-68400.683833	0.000122	0.391509
-68402.305344	0.000363	0.397680
-68404.115836	0.000378	0.400692
-68406.184247	0.000409	0.401292
-68408.570774	0.000500	0.409727
-68411.109784	0.000338	0.410744
-68413.852654	0.000341	0.412700
-68416.752538	0.000444	0.408364
-68419.192110	0.000322	0.413477
-68421.422360	0.000316	0.417295
-68424.213335	0.000413	0.417251
-68425.243585	0.000422	0.418539
-68427.176754	0.000344	0.420093
-68429.488273	0.000375	0.409300
-68430.863943	0.000563	0.408574
-68433.505679	0.000222	0.400595
-68435.497356	0.000447	0.403614
-68438.376061	0.000275	0.409214
-68440.671303	0.000459	0.407146
-68443.210564	0.000450	0.395676
-68445.737235	0.000425	0.393556
-68447.464391	0.000384	0.396421
-68448.851536	0.000272	0.398805
-68450.113444	0.000194	0.405901
-68451.827197	0.000528	0.414894
-68453.898207	0.000300	0.416824
-68456.843364	0.000281	0.404766
-68458.612531	0.000313	0.411846
-68461.854840	0.000313	0.414252
-68463.924903	0.000222	0.413808
-68467.250269	0.000363	0.412170
-68469.702960	0.000294	0.406348
-68471.954071	0.000322	0.415758
-68474.175163	0.000228	0.405520
-68475.098094	0.000509	0.392154
-68477.165695	0.000216	0.401520
-68478.946315	0.000131	0.409684
-68481.596689	0.000366	0.406262
-68484.262123	0.000353	0.400212
-68486.799416	0.000272	0.400044
-68489.309676	0.000219	0.398638
-68491.986659	0.000434	0.399607
-68493.932510	0.000328	0.399449
-68496.233995	0.000300	0.411330
-68498.038584	0.000444	0.413720
-68499.839554	0.000141	0.410030
-68500.805525	0.000178	0.417116
-68503.565101	0.000116	0.405026
-68505.174673	0.000216	0.406951
-68507.845469	0.000366	0.409426
-68509.961474	0.000175	0.407752
-68513.355113	0.000231	0.405629
-68515.699717	0.000419	0.403093
-68518.723781	0.000363	0.410690
-68520.831873	0.000391	0.399626
-68522.905637	0.000413	0.400097
-68524.697979	0.000481	0.403397
-68525.773414	0.000209	0.410454
-68528.520047	0.000388	0.407849
-68530.055483	0.000272	0.398203
-68533.032137	0.000525	0.398603
-68534.833901	0.000306	0.400657
-68537.573984	0.000372	0.405469
-68539.901767	0.000031	0.411542
-68542.428842	0.000234	0.414649
-68544.463231	0.000194	0.416741
-68546.151020	0.000275	0.402241
-68547.434012	0.000394	0.405164
-68549.166360	0.000406	0.417167
-68550.634317	0.000194	0.412697
-68553.723213	0.000003	0.411290
-68555.641245	0.000216	0.408057
-68558.271128	0.000372	0.409775
-68560.720349	0.000113	0.414372
-68563.675685	0.000475	0.404906
-68566.437603	0.000331	0.394672
-68568.658202	0.000291	0.397946
-68571.207641	0.000272	0.414105
-68572.535338	0.000459	0.410242
-68574.547931	0.000472	0.394562
-68575.768977	0.000278	0.389784
-68578.872463	0.000581	0.401471
-68580.586685	0.000447	0.409595
-68583.440630	0.000175	0.413494
-68585.526898	0.000403	0.410460
-68588.593654	0.000403	0.411015
-68590.439538	0.000372	0.417828
-68593.417632	0.000306	0.406049
-68595.055436	0.000200	0.405596
-68596.860219	0.000106	0.423058
-68598.323059	0.000325	0.421196
-68600.158402	0.000194	0.413649
-68601.875799	0.000306	0.418677
-68604.657163	0.000372	0.410614
-68606.729027	0.000356	0.417867
-68609.780174	0.000366	0.407812
-68612.640810	0.000222	0.412075
-68614.741155	0.000259	0.415659
-68618.451714	0.000272	0.409735
-68619.437028	0.000244	0.403538
-68621.915121	0.000447	0.406291
-68623.175284	0.000478	0.413270
-68625.270109	0.000191	0.408313
-68627.279879	0.000622	0.410048
-68629.474870	0.000494	0.410858
-68631.665286	0.000284	0.409086
-68633.764523	0.000394	0.408228
-68636.711260	0.000309	0.412364
-68639.031796	0.000497	0.409455
-68641.686959	0.000475	0.418559
-68643.588591	0.000503	0.408742
-68645.082762	0.000113	0.418269
-68646.370495	0.000544	0.416459
-68648.050743	0.000244	0.415166
-68649.943519	0.000200	0.415972
-68652.233870	0.000197	0.402790
-68655.092962	0.000319	0.406208
-68657.495103	0.000275	0.416212
-68660.600175	0.000244	0.406982
-68662.985818	0.000413	0.392783
-68665.611386	0.000472	0.397849
-68667.818964	0.000381	0.405714
-68669.525925	0.000141	0.407453
-68671.304350	0.000375	0.413486
-68672.669370	0.000216	0.414584
-68675.169563	0.000456	0.414532
-68677.198000	0.000550	0.416022
-68680.029847	0.000425	0.414380
-68682.153442	0.000178	0.406155
-68684.633157	0.000406	0.421792
-68687.434124	0.000397	0.416710
-68689.537568	0.000403	0.415388
-68692.113093	0.000431	0.415851
-68694.093816	0.000375	0.411836
-68695.320729	0.000438	0.406595
-68696.815898	0.000444	0.406629
-68698.995237	0.000359	0.407111
-68701.328434	0.000328	0.406683
-68703.574786	0.000444	0.409058
-68706.358374	0.000116	0.400109
-68708.935746	0.000259	0.391477
-68711.812863	0.000778	0.399482
-68714.470362	0.000394	0.409623
-68716.230955	0.000413	0.409037
-68718.918785	0.000094	0.411312
-68719.751281	0.000572	0.422905
-68722.271159	0.000375	0.412440
-68723.923827	0.000250	0.409526
-68726.893968	0.000291	0.421610
-68728.130630	0.000566	0.415038
-68730.906295	0.000484	0.412323
-68732.953732	0.000266	0.419349
-68735.710070	0.000056	0.429801
-68738.262911	0.000384	0.424658
-68740.586894	0.000003	0.412054
-68742.799031	0.000400	0.408624
-68743.791785	0.000356	0.419892
-68745.162636	0.000291	0.413897
-68746.614270	0.000303	0.414170
-68749.395321	0.000400	0.408262
-68751.645715	0.000459	0.400976
-68754.292302	0.000238	0.410560
-68756.878277	0.000488	0.406203
-68759.774770	0.000438	0.415558
-68762.008150	0.000391	0.421221
-68764.932537	0.000303	0.418458
-68766.504586	0.000384	0.412361
-68768.929512	0.000322	0.404822
-68770.135323	0.000097	0.408424
-68772.377010	0.000322	0.410336
-68774.485054	0.000506	0.413379
-68776.337258	0.000119	0.408972
-68778.847164	0.000328	0.412830
-68781.384126	0.000609	0.423801
-68784.409255	0.000441	0.406756
-68786.589789	0.000206	0.407431
-68789.677018	0.000522	0.411619
-68790.652522	0.000463	0.416817
-68793.156787	0.000281	0.424210
-68793.874506	0.000484	0.397526
-68796.316685	0.000309	0.398713
-68797.876012	0.000322	0.411732
-68800.988166	0.000300	0.408193
-68803.036333	0.000306	0.408522
-68806.220750	0.000350	0.419003
-68808.026760	0.000197	0.424891
-68811.067829	0.000463	0.428188
-68813.898620	0.000341	0.423775
-68816.146576	0.000256	0.423324
-68818.612118	0.000278	0.418857
-68819.939609	0.000281	0.422404
-68821.241946	0.000272	0.411176
-68823.237525	0.000366	0.420126
-68825.587530	0.000506	0.408411
-68827.796258	0.000241	0.401325
-68830.664388	0.000356	0.404537
-68832.801527	0.000269	0.411573
-68835.690649	0.000416	0.412939
-68837.814970	0.000478	0.410087
-68840.233249	0.000163	0.396988
-68841.423289	0.000528	0.398688
-68843.552991	0.000431	0.403850
-68844.237654	0.000291	0.403056
-68846.966701	0.000550	0.408226
-68848.513567	0.000509	0.425619
-68851.973015	0.000366	0.417543
-68853.665595	0.000422	0.414438
-68856.942628	0.000316	0.413598
-68859.263517	0.000309	0.413891
-68861.794114	0.000409	0.418720
-68864.480841	0.000391	0.421539
-68865.861607	0.000519	0.425245
-68868.224519	0.000619	0.428535
-68869.573898	0.000297	0.416172
-68871.531999	0.000172	0.410250
-68874.023748	0.000228	0.406777
-68875.979967	0.000372	0.422424
-68878.606509	0.000366	0.415232
-68881.476408	0.000331	0.418735
-68884.074021	0.000225	0.411649
-68886.651944	0.000153	0.403431
-68888.510523	0.000363	0.409235
-68890.677090	0.000500	0.404262
-68891.316087	0.000284	0.403692
-68893.956856	0.000291	0.414942
-68895.214839	0.000306	0.417173
-68898.245171	0.000413	0.413633
-68900.300605	0.000575	0.413624
-68902.809905	0.000544	0.413743
-68905.227256	0.000484	0.410204
-68907.990199	0.000309	0.414062
-68910.780900	0.000219	0.420446
-68913.387630	0.000506	0.420170
-68915.964080	0.000644	0.411730
-68917.515775	0.000384	0.411986
-68919.507311	0.000219	0.405290
-68920.665278	0.000294	0.412692
-68923.015002	0.000369	0.415631
-68925.289485	0.000109	0.419392
-68928.152605	0.000250	0.408179
-68930.424502	0.000550	0.399726
-68933.472452	0.000184	0.413325
-68934.806840	0.000353	0.408487
-68937.851077	0.000391	0.417050
-68939.343025	0.000550	0.414135
-68941.282032	0.000459	0.418005
-68942.236668	0.000150	0.410862
-68944.857234	0.000250	0.407719
-68946.022500	0.000334	0.415630
-68948.842017	0.000366	0.417983
-68950.719113	0.000284	0.418735
-68953.090856	0.000344	0.411756
-68953.118286	0.000300	0.414356
-68952.307174	0.000266	0.415266
-68950.442866	0.000338	0.401913
-68949.106710	0.000438	0.395760
-68950.096670	0.000413	0.412366
-68950.946692	0.000263	0.411733
-68952.395774	0.000222	0.408075
-68952.644181	0.000294	0.390971
-68951.789919	0.000244	0.406273
-68950.860364	0.000475	0.399164
-68950.362362	0.000431	0.407448
-68950.490596	0.000584	0.406462
-68951.679376	0.000103	0.413456
-68951.821904	0.000231	0.419768
-68952.537534	0.000184	0.410253
-68951.271935	0.000459	0.408318
-68951.252341	0.000259	0.413602
-68950.749602	0.000350	0.415608
-68951.333618	0.000266	0.412972
-68951.632073	0.000472	0.409630
