-68470.005752	0.000475	0.373279
-68477.833172	0.000238	0.394557
-68486.639453	0.000025	0.393703
-68494.532452	0.000097	0.391343
-68499.785565	0.000228	0.382342
-68503.795883	0.000338	0.381509
-68508.220405	0.000275	0.382673
-68512.903954	0.000469	0.376435
-68519.405899	0.000203	0.389614
-68527.003196	0.000363	0.390219
-68536.215605	0.000172	0.384594
-68543.074679	0.000175	0.376610
-68548.300044	0.000381	0.379317
-68551.340243	0.000181	0.374997
-68556.306544	0.000103	0.373278
-68560.949391	0.000481	0.378902
-68567.612295	0.000291	0.387411
-68575.016983	0.000072	0.385690
-68583.969584	0.000266	0.384498
-68591.175470	0.000256	0.389343
-68596.450268	0.000491	0.389156
-68600.630594	0.000263	0.390383
-68605.581270	0.000300	0.396209
-68610.816505	0.000466	0.402652
-68616.707186	0.000638	0.393182
-68624.622309	0.000203	0.395356
-68632.880952	0.000319	0.386731
-68640.458265	0.000547	0.385536
-68645.003690	0.000253	0.388808
-68649.490303	0.000297	0.391575
-68653.518358	0.000444	0.385860
-68658.694749	0.000394	0.369507
-68664.448480	0.000278	0.376309
-68672.674364	0.000506	0.381410
-68681.510872	-0.000006	0.384500
-68688.966438	0.000288	0.387962
-68694.160870	0.000266	0.397435
-68697.955004	0.000513	0.386527
-68702.941083	0.000225	0.391765
-68708.443567	0.000288	0.385361
-68714.009645	0.000075	0.392950
-68722.857639	0.000266	0.396265
-68730.772257	0.000581	0.391381
-68738.109907	-0.000019	0.399907
-68742.276067	0.000338	0.399222
-68746.939654	0.000303	0.397896
-68751.310778	0.000322	0.395872
-68756.818009	0.000259	0.383421
-68762.774020	0.000247	0.388674
-68770.747651	0.000313	0.380146
-68779.408095	0.000500	0.389858
-68787.000147	0.000256	0.378737
-68791.479303	0.000222	0.384847
-68795.611443	0.000331	0.387234
-68800.754613	0.000197	0.386403
-68805.969104	0.000544	0.394461
-68813.022844	0.000266	0.393216
-68820.388350	0.000491	0.396812
-68829.558228	0.000422	0.398137
-68835.792125	0.000478	0.382047
-68841.060188	0.000316	0.384330
-68844.590528	0.000244	0.394918
-68849.823982	0.000369	0.403190
-68854.685747	0.000353	0.403059
-68861.426255	0.000413	0.402705
-68869.414837	0.000238	0.404834
-68878.036676	0.000325	0.396672
-68884.628666	0.000297	0.386574
-68889.533583	0.000300	0.396406
-68893.989056	0.000247	0.397006
-68899.410425	0.000431	0.395336
-68905.343373	0.000516	0.383472
-68911.347130	0.000413	0.392258
-68919.757620	0.000513	0.384962
-68927.200271	-0.000078	0.387159
-68934.522664	0.000181	0.393405
-68939.402005	0.000472	0.394468
-68944.552702	0.000400	0.393138
-68948.846270	0.000328	0.401534
-68954.557964	0.000378	0.391666
-68959.742274	0.000375	0.387108
-68967.876752	0.000538	0.405264
-68976.184357	0.000491	0.400906
-68983.653823	0.000353	0.399498
-68988.622568	0.000359	0.410104
-68993.672442	0.000488	0.412482
-68998.413903	0.000469	0.403609
-69003.688668	0.000334	0.401113
-69010.239666	0.000247	0.402120
-69017.734074	0.000372	0.399870
-69027.138996	0.000359	0.386265
-69033.625070	0.000259	0.383378
-69039.149716	0.000303	0.376109
-69042.961179	0.000338	0.372961
-69048.210701	0.000241	0.390169
-69052.569272	0.000444	0.397665
-69059.164201	0.000213	0.395632
-69066.762461	0.000353	0.400498
-69075.834712	0.000528	0.402444
-69082.371545	0.000644	0.401795
-69087.747171	0.000481	0.394016
-69092.327936	0.000284	0.395958
-69097.705528	0.000319	0.405499
-69103.323948	0.000394	0.393893
-69109.190797	0.000109	0.403145
-69117.226692	0.000353	0.402706
-69125.523699	0.000441	0.399067
-69132.814353	0.000478	0.384991
-69138.139220	0.000438	0.395090
-69143.574538	0.000222	0.394836
-69147.402054	0.000175	0.393516
-69152.818243	0.000172	0.376823
-69157.313799	0.000353	0.383179
-69165.889598	0.000063	0.380359
-69174.166476	0.000422	0.387165
-69182.409464	0.000316	0.402355
-69187.530201	0.000569	0.403397
-69192.398264	0.000244	0.402775
-69197.248217	0.000263	0.406958
-69201.605935	0.000463	0.387541
-69208.297575	0.000166	0.386130
-69215.837063	0.000250	0.397684
-69225.339458	0.000428	0.398463
-69232.521375	0.000203	0.402422
-69238.352410	0.000513	0.411319
-69242.561880	0.000263	0.404602
-69247.118996	0.000231	0.399000
-69251.077770	0.000409	0.399403
-69257.410603	0.000356	0.400515
-69265.200714	0.000350	0.390573
-69274.580256	0.000413	0.392334
-69281.583133	0.000344	0.384122
-69287.364186	0.000213	0.387426
-69292.189638	0.000531	0.390421
-69296.838763	0.000409	0.388440
-69301.462625	0.000406	0.405967
-69307.253128	0.000388	0.395284
-69315.786729	0.000250	0.398279
-69324.976037	0.000150	0.389270
-69332.692093	0.000394	0.384717
-69338.488686	0.000372	0.397807
-69343.098618	0.000269	0.403928
-69347.084824	0.000178	0.404985
-69351.291787	0.000366	0.408798
-69356.910674	0.000544	0.405822
-69365.354497	0.000363	0.396191
-69374.985043	0.000088	0.388532
-69382.044778	0.000481	0.386553
-69387.869313	0.000338	0.382903
-69392.150810	0.000369	0.394742
-69396.969055	0.000313	0.383755
-69400.733457	0.000447	0.388434
-69407.399773	0.000344	0.397097
-69415.868759	0.000459	0.398657
-69425.547675	0.000363	0.399193
-69432.915676	0.000409	0.385718
-69438.382710	0.000281	0.388191
-69442.892194	0.000181	0.383259
-69446.609251	0.000206	0.386409
-69451.078490	0.000591	0.387233
-69457.019120	0.000219	0.390338
-69466.339491	0.000303	0.403086
-69474.914001	0.000309	0.423750
-69482.798314	0.000466	0.421851
-69487.785365	0.000125	0.419564
-69492.715702	0.000497	0.390976
-69496.176714	0.000441	0.376297
-69500.854471	0.000388	0.374204
-69506.988452	0.000409	0.378061
-69516.513845	0.000259	0.387691
-69525.980880	0.000316	0.401747
-69533.584664	0.000516	0.410278
-69538.855822	0.000231	0.399005
-69542.810583	0.000234	0.392545
-69546.523462	0.000391	0.407247
-69550.639795	0.000428	0.403326
-69557.565448	0.000319	0.391124
-69566.936656	0.000247	0.383172
-69576.409075	0.000363	0.385349
-69582.531939	0.000303	0.387653
-69588.134166	0.000128	0.392879
-69591.501801	0.000369	0.396576
-69596.198874	0.000347	0.408259
-69600.385573	0.000397	0.420253
-69608.171356	0.000253	0.420926
-69617.351745	0.000284	0.409970
-69626.640612	0.000456	0.385981
-69633.683596	-0.000013	0.366127
-69638.201731	0.000388	0.363867
-69642.707569	0.000144	0.366706
-69646.459604	0.000291	0.377958
-69651.784276	0.000272	0.367174
-69658.779800	0.000475	0.390495
-69668.096887	0.000156	0.416059
-69677.128874	0.000425	0.408487
-69683.154599	0.000409	0.399817
-69687.708663	0.000288	0.383814
-69692.118180	0.000381	0.372698
-69696.194691	0.000388	0.365142
-69701.825767	0.000341	0.352246
-69709.149415	0.000519	0.363464
-69718.783330	0.000306	0.411736
-69727.315774	0.000444	0.445198
-69733.819719	0.000238	0.450711
-69738.192099	0.000094	0.431435
-69742.865013	0.000544	0.416522
-69747.121845	0.000375	0.397820
-69752.546244	0.000300	0.372572
-69760.448476	0.000191	0.355112
-69769.325218	0.000241	0.362285
-69778.247793	0.000231	0.388732
-69783.592852	0.000200	0.400755
-69788.040189	0.000244	0.416944
-69792.413622	0.000409	0.427531
-69796.909254	0.000494	0.423966
-69803.110549	0.000447	0.425419
-69810.863342	0.000663	0.398291
-69820.207368	0.000075	0.364287
-69827.905368	0.000488	0.349490
-69834.200671	0.000566	0.363943
-69838.261807	0.000191	0.378792
-69843.571582	0.000478	0.400613
-69847.851335	0.000413	0.419216
-69854.127482	0.000406	0.442827
-69861.940847	0.000525	0.437108
-69871.556427	0.000359	0.410208
-69878.544857	0.000359	0.386094
-69884.349781	0.000422	0.355345
-69888.165653	0.000453	0.354592
-69893.510933	0.000313	0.359733
-69898.113393	0.000484	0.370331
-69904.466929	0.000331	0.373582
-69912.342396	0.000356	0.399218
-69921.375266	0.000259	0.422233
-69928.881748	0.000644	0.413074
-69934.548096	0.000188	0.413035
-69938.928647	0.000234	0.399744
-69943.836492	0.000409	0.386465
-69948.825905	0.000447	0.367770
-69954.726518	0.000384	0.363598
-69963.505683	0.000109	0.377745
-69972.102800	0.000338	0.398569
-69979.774737	0.000331	0.419037
-69984.356656	0.000434	0.424729
-69989.054872	0.000313	0.430102
-69993.347161	0.000381	0.434051
-69999.003676	0.000372	0.408651
-70005.635999	0.000447	0.376513
-70013.834200	0.000281	0.378051
-70022.630043	0.000356	0.380342
-70030.193356	0.000394	0.388486
-70034.533515	0.000291	0.375129
-70039.310415	0.000294	0.387823
-70043.588793	0.000350	0.397516
-70049.979300	0.000241	0.406169
-70056.118336	0.000488	0.410840
-70064.785625	0.000206	0.406238
-70072.989784	0.000491	0.385321
-70079.549659	0.000472	0.377380
-70084.317929	0.000503	0.372152
-70088.876624	0.000347	0.376094
-70094.738934	0.000384	0.383215
-70100.058859	0.000419	0.391839
-70107.031212	0.000297	0.408346
-70114.373375	0.000250	0.419957
-70123.237084	0.000397	0.420114
-70129.536725	0.000369	0.397466
-70134.878760	0.000484	0.382074
-70139.525659	0.000278	0.385332
-70145.427677	0.000188	0.383254
-70150.412260	0.000200	0.370254
-70157.373736	0.000328	0.366662
-70164.786718	0.000269	0.377541
-70173.809574	0.000366	0.380379
-70180.344504	0.000622	0.385686
-70185.910957	0.000434	0.397835
-70190.363855	0.000078	0.404489
-70195.690632	0.000409	0.390405
-70200.977279	0.000206	0.389983
-70207.143073	0.000131	0.379922
-70215.096630	0.000297	0.394291
-70223.665970	0.000281	0.385546
-70230.451899	0.000169	0.398846
-70236.121619	0.000447	0.397732
-70240.066011	0.000375	0.403581
-70246.115625	0.000184	0.391587
-70250.349907	0.000169	0.395547
-70257.410152	0.000409	0.385235
-70265.799327	0.000384	0.394431
-70275.006028	0.000359	0.383594
-70282.077462	0.000294	0.385159
-70286.740144	0.000256	0.377098
-70290.970396	0.000191	0.376890
-70295.487076	0.000544	0.392107
-70301.214207	0.000519	0.375171
-70307.759956	0.000256	0.391281
-70316.168881	0.000278	0.404331
-70324.249360	0.000409	0.405862
-70331.532377	0.000322	0.401538
-70335.863727	0.000316	0.390365
-70341.618759	0.000206	0.395707
-70346.198758	0.000444	0.391739
-70352.139329	0.000409	0.397483
-70357.959890	0.000453	0.389645
-70366.931683	0.000231	0.400463
-70375.007292	0.000444	0.398625
-70382.600022	0.000278	0.398819
-70387.476108	0.000150	0.394539
-70392.862637	0.000331	0.399562
-70397.356291	0.000172	0.401719
-70402.436548	0.000266	0.399515
-70408.561286	0.000531	0.386272
-70416.273943	0.000325	0.385592
-70425.298239	0.000744	0.374901
-70431.984984	0.000228	0.382493
-70438.505088	0.000622	0.386867
-70442.787993	0.000397	0.386998
-70448.159473	0.000372	0.405678
-70451.751762	0.000303	0.404408
-70458.853486	0.000456	0.402487
-70466.761488	0.000125	0.402796
-70477.138439	0.000297	0.407984
-70484.168425	0.000506	0.396175
-70490.381488	0.000338	0.386923
-70494.007911	0.000259	0.391161
-70498.758638	0.000259	0.391792
-70502.700565	0.000416	0.390263
-70509.346654	0.000231	0.397734
-70517.709466	0.000200	0.400960
-70527.217890	0.000475	0.410402
-70534.776755	0.000388	0.399401
-70539.703443	0.000388	0.391148
-70544.455303	0.000266	0.381171
-70547.821370	0.000419	0.380307
-70553.184230	0.000344	0.387187
-70559.281092	0.000538	0.391143
-70569.028187	0.000353	0.395111
-70578.167568	0.000200	0.411421
-70585.907173	0.000266	0.412536
-70590.870110	0.000481	0.416429
-70595.220925	0.000491	0.408098
-70598.756674	0.000163	0.413415
-70603.528150	0.000125	0.414256
-70609.931369	0.000278	0.406369
-70619.315234	0.000334	0.393064
-70628.761135	0.000447	0.393039
-70636.035676	0.000269	0.395066
-70641.139686	0.000375	0.392858
-70645.331060	0.000472	0.399353
-70649.087236	0.000238	0.411741
-70653.986077	0.000309	0.412081
-70660.830673	0.000222	0.398335
-70670.367298	0.000497	0.395562
-70679.624581	0.000278	0.383259
-70686.849145	0.000344	0.387261
-70692.254451	0.000334	0.382233
-70696.439331	0.000319	0.402885
-70700.680647	0.000428	0.392209
-70704.593701	0.000266	0.402225
-70711.688442	0.000003	0.407490
-70720.665859	0.000447	0.414350
-70730.664123	0.000466	0.401803
-70737.316357	0.000175	0.403285
-70742.546047	0.000403	0.402889
-70746.037384	0.000325	0.413186
-70750.103577	0.000306	0.399050
-70754.812333	0.000219	0.395706
-70762.304368	-0.000003	0.401157
-70772.265896	0.000213	0.410786
-70781.852724	0.000150	0.402246
-70788.713904	0.000266	0.412650
-70793.255976	0.000003	0.396662
-70797.729430	0.000381	0.395947
-70801.015542	0.000419	0.403098
-70806.192663	0.000409	0.399459
-70813.604356	0.000438	0.394285
-70823.685752	0.000159	0.397517
-70832.300931	0.000284	0.398148
-70838.771448	0.000178	0.404375
-70842.889937	0.000459	0.409594
-70846.855597	0.000422	0.403496
-70850.860013	0.000347	0.414830
-70856.693387	0.000519	0.423542
-70864.319194	0.000328	0.412367
-70874.286474	0.000094	0.407619
-70882.847527	0.000359	0.398084
-70889.388058	0.000144	0.391483
-70894.328877	0.000228	0.402680
-70898.112704	0.000016	0.399618
-70903.003673	0.000303	0.395243
-70907.347332	0.000238	0.400614
-70915.746590	0.000475	0.397699
-70924.990615	0.000178	0.381089
-70933.860302	0.000291	0.390007
-70939.453527	0.000531	0.380537
-70943.931622	0.000084	0.394146
-70947.267655	0.000322	0.395156
-70951.811457	0.000194	0.401198
-70957.201318	0.000356	0.393756
-70965.967947	0.000453	0.398302
-70975.601840	-0.000044	0.412719
-70984.546541	0.000438	0.403024
-70990.115879	0.000522	0.404643
-70994.318179	-0.000006	0.403587
-70999.147129	0.000328	0.408823
-71003.099206	0.000369	0.396458
-71009.708682	0.000322	0.405835
-71017.893488	0.000600	0.387532
-71027.159180	0.000156	0.403252
-71035.088245	0.000225	0.406561
-71040.147903	0.000506	0.401474
-71044.054688	0.000244	0.392687
-71048.513534	0.000328	0.401238
-71053.622128	0.000413	0.397660
-71059.984820	0.000447	0.390171
-71068.446192	0.000259	0.402818
-71077.642432	0.000263	0.409793
-71085.047175	0.000466	0.393274
-71090.582573	0.000406	0.402790
-71095.185925	0.000250	0.400305
-71100.251877	0.000119	0.413336
-71105.828243	0.000263	0.409174
-71112.172474	0.000484	0.400668
-71119.953554	0.000300	0.405031
-71128.855375	0.000419	0.410128
-71135.979707	0.000284	0.405132
-71141.003437	0.000547	0.400780
-71145.120340	0.000178	0.384378
-71150.134222	0.000209	0.395738
-71155.152701	0.000431	0.405876
-71161.739691	0.000422	0.392245
-71169.942187	0.000153	0.385376
-71179.100218	0.000413	0.389792
-71186.247770	0.000203	0.391475
-71191.453178	0.000494	0.389154
-71196.357239	0.000241	0.391983
-71200.933063	0.000309	0.404292
-71207.117676	0.000325	0.403604
-71213.117861	0.000359	0.405008
-71221.440080	0.000534	0.393689
-71229.885203	0.000347	0.401394
-71237.311166	0.000463	0.404662
-71241.538795	0.000394	0.405595
-71246.466979	0.000094	0.409306
-71250.591760	0.000444	0.408913
-71256.787628	0.000203	0.409933
-71262.722881	0.000288	0.397462
-71271.729800	0.000388	0.383416
-71279.984576	0.000225	0.390425
-71286.996243	0.000309	0.398262
-71291.926437	0.000516	0.397133
-71296.228725	0.000191	0.379366
-71302.530305	0.000238	0.378396
-71307.424409	0.000197	0.388574
-71314.610147	0.000388	0.399721
-71322.051784	0.000247	0.390097
-71331.075544	0.000566	0.401465
-71337.300220	0.000325	0.405368
-71342.494311	0.000500	0.405702
-71346.149002	0.000247	0.396903
-71352.101135	0.000459	0.395865
-71357.131867	0.000269	0.397471
-71364.454304	-0.000041	0.395602
-71372.291718	0.000284	0.400568
-71380.920623	0.000278	0.409376
-71387.239741	0.000322	0.393114
-71392.016492	0.000328	0.397153
-71396.977760	-0.000025	0.392494
-71402.443002	0.000325	0.398936
-71408.484972	0.000259	0.399291
-71414.502319	0.000397	0.396759
-71423.174903	0.000372	0.388340
-71431.046916	0.000356	0.392966
-71438.403193	0.000491	0.390586
-71442.711642	0.000384	0.390279
-71447.798807	0.000328	0.395881
-71452.478251	0.000125	0.406164
-71458.326132	0.000344	0.404497
-71464.334169	0.000291	0.393370
-71472.456842	0.000053	0.388168
-71480.403554	0.000600	0.393192
-71487.677229	0.000525	0.396365
-71492.405174	0.000403	0.401555
-71498.263245	0.000388	0.409292
-71503.307844	0.000241	0.397119
-71508.994539	0.000316	0.403477
-71515.243243	0.000275	0.395609
-71522.901710	0.000381	0.403827
-71531.789218	0.000253	0.384876
-71538.628378	0.000331	0.396456
-71543.810642	0.000316	0.398399
-71548.480735	0.000300	0.393483
-71553.116345	0.000356	0.387773
-71558.135400	0.000422	0.383435
-71564.648930	0.000797	0.378421
-71572.497073	0.000375	0.393507
-71581.174000	0.000400	0.405988
-71587.856238	0.000563	0.400338
-71593.140818	0.000309	0.391605
-71598.175116	0.000306	0.403763
-71603.445659	0.000425	0.403410
-71608.641857	0.000269	0.394251
-71615.246803	0.000300	0.400747
-71623.111259	0.000209	0.408518
-71632.090113	0.000500	0.404401
-71638.423061	0.000284	0.398154
-71643.718634	0.000209	0.394295
-71648.542779	0.000438	0.392404
-71653.487826	0.000084	0.393502
-71658.510361	0.000284	0.389898
-71664.989781	0.000381	0.391574
-71672.264743	0.000281	0.385178
-71681.039916	0.000375	0.387640
-71687.721895	0.000266	0.384472
-71693.365873	0.000247	0.387242
-71699.125119	0.000363	0.404951
-71704.091613	0.000372	0.394826
-71708.911870	0.000356	0.397225
-71714.351539	0.000644	0.388146
-71722.572279	0.000306	0.397504
-71731.319475	0.000284	0.394537
-71739.245867	0.000600	0.395984
-71744.897102	0.000275	0.393970
-71749.498285	0.000263	0.399983
-71753.338695	0.000275	0.401406
-71758.076086	0.000263	0.398189
-71763.460101	0.000294	0.397694
-71772.701671	0.000416	0.396120
-71781.319912	0.000216	0.395862
-71788.812762	0.000356	0.391936
-71793.922365	0.000159	0.396963
-71798.812357	0.000222	0.391658
-71802.953041	0.000272	0.384922
-71807.594755	0.000334	0.393695
-71813.926297	0.000225	0.394851
-71823.184104	0.000219	0.396548
-71832.160059	0.000722	0.400599
-71839.430160	0.000244	0.399873
-71844.134572	0.000394	0.403731
-71848.598804	0.000447	0.394711
-71852.897524	0.000650	0.391594
-71857.156629	0.000584	0.403954
-71863.739066	0.000500	0.398105
-71872.670809	0.000453	0.409480
-71881.184405	0.000191	0.405172
-71888.487553	0.000381	0.403819
-71893.495270	0.000150	0.404894
-71898.294459	0.000213	0.387819
-71902.266033	0.000372	0.392871
-71906.984587	0.000391	0.397911
-71913.681566	0.000325	0.395382
-71922.863017	0.000494	0.392736
-71931.809695	0.000391	0.382889
-71938.565230	0.000300	0.384524
-71943.475197	0.000125	0.391680
-71947.979703	0.000016	0.395591
-71951.903897	0.000409	0.403916
-71956.765097	0.000244	0.401654
-71963.200350	0.000472	0.405771
-71972.042604	0.000344	0.393758
-71980.873262	0.000297	0.396026
-71987.830948	-0.000044	0.402414
-71992.977522	0.000184	0.398588
-71997.707249	0.000556	0.404751
-72001.528274	0.000422	0.406086
-72006.381855	0.000434	0.401342
-72012.904202	0.000206	0.403583
-72022.473226	0.000272	0.389496
-72031.253055	0.000150	0.390294
-72038.319221	0.000247	0.391755
-72043.120286	0.000100	0.389524
-72047.258982	0.000338	0.377185
-72051.102380	0.000325	0.386724
-72056.102265	0.000291	0.380043
-72063.097465	0.000441	0.401417
-72072.272473	0.000406	0.399140
-72080.511115	0.000428	0.400493
-72087.395057	0.000306	0.400206
-72092.123940	0.000244	0.401309
-72096.429973	0.000541	0.404026
-72100.353399	0.000309	0.388288
-72105.551787	0.000278	0.391503
-72112.416040	0.000194	0.388889
-72122.300380	0.000397	0.399108
-72130.706272	0.000297	0.403002
-72137.586444	0.000213	0.398999
-72141.452435	0.000313	0.386738
-72146.365395	0.000338	0.396149
-72150.032727	0.000394	0.402890
-72155.649675	0.000469	0.398014
-72162.553539	0.000225	0.395064
-72171.664886	0.000256	0.383904
-72180.298232	0.000500	0.383343
-72186.115771	0.000413	0.396533
-72190.694578	0.000563	0.389488
-72194.700885	0.000128	0.397951
-72199.436636	0.000172	0.392448
-72204.666754	0.000316	0.398857
-72212.432436	0.000350	0.401777
-72221.466118	0.000281	0.391965
-72229.974062	0.000366	0.397885
-72235.905664	0.000372	0.397181
-72240.465472	0.000497	0.398452
-72244.619057	0.000128	0.405734
-72249.228308	0.000244	0.403838
-72254.485613	0.000347	0.398276
-72262.476960	0.000256	0.389582
-72271.143626	0.000356	0.402921
-72279.174875	0.000406	0.399876
-72284.950715	0.000347	0.386299
-72289.193664	0.000266	0.391977
-72293.847577	0.000488	0.390729
-72297.805513	0.000553	0.374348
-72304.049713	0.000494	0.382215
-72311.817812	0.000222	0.387571
-72321.464309	0.000075	0.393639
-72329.008760	0.000316	0.391951
-72334.925256	0.000519	0.407719
-72338.521210	0.000125	0.403737
-72343.524502	0.000381	0.405352
-72347.673287	0.000503	0.385170
-72354.021395	0.000313	0.401433
-72361.963248	0.000400	0.405439
-72370.952685	0.000263	0.401745
-72378.212823	0.000206	0.402193
-72383.280513	0.000075	0.397651
-72387.690665	0.000328	0.399793
-72391.892819	0.000456	0.397287
-72397.057196	0.000063	0.396375
-72403.261799	0.000306	0.393301
-72411.641348	0.000534	0.402539
-72420.069039	0.000163	0.389550
-72427.528079	0.000219	0.376073
-72432.170979	0.000181	0.377635
-72436.916365	0.000544	0.390017
-72441.238409	0.000541	0.389096
-72447.029395	0.000288	0.406989
-72452.597092	0.000047	0.404144
-72460.706215	0.000419	0.404487
-72469.068912	0.000394	0.394349
-72476.200534	0.000294	0.398549
-72481.308375	0.000363	0.400700
-72485.635700	0.000497	0.403227
-72490.569748	0.000359	0.407815
-72495.677308	0.000244	0.395578
-72502.276705	0.000150	0.394652
-72509.471659	0.000409	0.398392
-72518.594212	0.000434	0.398956
-72525.155790	0.000319	0.403263
-72530.454454	0.000363	0.399829
-72534.704134	0.000216	0.402980
-72539.698946	0.000316	0.389805
-72545.135005	0.000228	0.388332
-72551.064740	0.000225	0.386740
-72558.663000	0.000413	0.390101
-72567.243450	0.000241	0.385529
-72574.325552	0.000141	0.394114
-72579.325220	0.000291	0.394582
-72583.828918	0.000250	0.398850
-72588.720481	0.000719	0.394380
-72593.612531	0.000294	0.384329
-72599.865246	0.000316	0.405913
-72608.004228	0.000391	0.409123
-72615.960766	0.000222	0.398277
-72623.774984	0.000419	0.394728
-72627.917145	0.000250	0.402555
-72633.041993	0.000331	0.389903
-72637.513998	0.000300	0.384049
-72642.940841	0.000463	0.399018
-72649.488389	0.000391	0.400709
-72656.834208	0.000638	0.390462
-72665.632076	0.000122	0.386338
-72672.076685	-0.000013	0.378448
-72677.881714	0.000372	0.385241
-72682.241691	0.000413	0.382630
-72687.273253	0.000247	0.387566
-72692.329497	0.000406	0.401479
-72698.100024	0.000091	0.403992
-72705.741001	0.000447	0.401013
-72714.422789	0.000341	0.403055
-72721.112760	0.000391	0.397210
-72726.997383	0.000172	0.404289
-72730.699240	0.000256	0.411323
-72736.045188	0.000316	0.400438
-72740.907768	0.000303	0.406953
-72747.168998	0.000025	0.400744
-72755.650154	0.000409	0.398512
-72763.507096	0.000509	0.391121
-72771.324125	0.000397	0.392578
-72775.469016	0.000519	0.398471
-72780.806221	0.000391	0.402927
-72785.230624	0.000263	0.391223
-72790.823984	0.000394	0.384589
-72796.555802	0.000266	0.385130
-72804.022338	0.000263	0.386186
-72812.666763	0.000481	0.406337
-72819.701568	0.000525	0.397867
-72825.088583	0.000484	0.405220
-72829.636068	0.000156	0.399545
-72834.951049	-0.000041	0.402868
-72839.815009	0.000381	0.392109
-72846.087900	0.000453	0.404214
-72853.408899	0.000353	0.400856
-72862.401141	0.000203	0.409334
-72869.194304	0.000288	0.402606
-72875.397596	0.000306	0.403268
-72879.743944	0.000244	0.392382
-72884.774044	0.000403	0.389246
-72888.738308	0.000594	0.395898
-72894.710135	0.000109	0.394014
-72902.670885	0.000478	0.401941
-72911.477560	0.000297	0.379210
-72918.958224	0.000316	0.387292
-72924.408595	0.000266	0.389018
-72928.867042	0.000431	0.394243
-72933.494795	0.000316	0.401094
-72938.075748	0.000384	0.402918
-72944.034418	0.000441	0.393739
-72952.203179	0.000294	0.394017
-72960.733589	0.000331	0.393713
-72968.867867	0.000313	0.398521
-72974.206125	0.000156	0.400751
-72979.248893	0.000247	0.399541
-72983.023108	0.000378	0.413572
-72987.082766	0.000281	0.421665
-72993.044767	0.000419	0.406410
-73001.297534	0.000463	0.390197
-73010.635275	0.000341	0.390036
-73017.676219	0.000034	0.395728
-73023.357509	0.000078	0.394374
-73027.864310	0.000359	0.398342
-73031.781489	0.000288	0.390050
-73036.073204	0.000203	0.394826
-73042.190037	0.000156	0.387820
-73050.866732	0.000275	0.391231
-73060.322260	0.000294	0.390841
-73067.479498	0.000353	0.406798
-73073.026019	0.000344	0.399394
-73077.141836	0.000378	0.394797
-73081.275371	0.000203	0.392661
-73085.374556	0.000484	0.397236
-73091.651288	0.000078	0.405848
-73100.168004	0.000303	0.401605
-73109.558613	0.000200	0.410076
-73116.986426	0.000159	0.404251
-73121.858302	0.000675	0.398481
-73126.229358	0.000534	0.396217
-73129.797538	0.000528	0.385909
-73134.536254	0.000341	0.391152
-73140.543842	0.000519	0.402891
-73149.527126	0.000294	0.403060
-73158.896639	0.000613	0.389971
-73166.401029	0.000372	0.388683
-73171.209539	0.000325	0.388643
-73175.327088	0.000453	0.384931
-73179.291225	0.000325	0.402062
-73183.616605	0.000244	0.399502
-73190.135250	0.000450	0.402906
-73199.209121	0.000309	0.399963
-73208.289379	0.000331	0.388651
-73215.277396	0.000478	0.394914
-73220.057148	0.000381	0.400625
-73224.196524	0.000334	0.389143
-73228.012740	0.000566	0.393959
-73232.540626	0.000094	0.415879
-73239.548642	0.000313	0.405283
-73248.233071	0.000184	0.399826
-73257.745037	0.000488	0.394751
-73264.824947	0.000519	0.399992
-73269.894495	0.000131	0.404611
-73274.297748	0.000181	0.398279
-73277.403072	0.000441	0.400584
-73282.180350	0.000356	0.388517
-73289.019370	0.000322	0.394981
-73298.871619	0.000472	0.398799
-73307.945200	0.000028	0.401567
-73314.374545	0.000359	0.404435
-73318.642726	0.000428	0.405132
-73322.196726	0.000497	0.405010
-73325.782245	0.000272	0.398828
-73331.181255	0.000178	0.388952
-73338.622362	0.000172	0.399919
-73348.694564	0.000550	0.404512
-73357.233047	0.000175	0.410138
-73363.279783	0.000238	0.416716
-73368.019472	0.000334	0.404613
-73371.772784	0.000347	0.404079
-73376.578622	0.000016	0.391177
-73381.923009	0.000419	0.399347
-73389.192341	0.000181	0.396554
-73397.945172	0.000438	0.405534
-73406.425425	0.000447	0.376723
-73412.328164	0.000169	0.376509
-73416.412162	0.000188	0.381541
-73420.783540	0.000253	0.393111
-73425.005717	0.000456	0.398796
-73430.517727	0.000384	0.397537
-73437.915878	0.000178	0.405765
-73447.066167	0.000441	0.399464
-73455.824972	0.000509	0.399503
-73461.731355	0.000381	0.396871
-73466.237002	0.000494	0.396728
-73470.490058	0.000291	0.404360
-73474.924312	0.000313	0.409436
-73480.449438	0.000438	0.399692
-73488.337470	0.000078	0.401545
-73497.432384	0.000363	0.410518
-73506.037649	0.000400	0.391673
-73510.731489	0.000466	0.401372
-73514.635588	0.000484	0.401864
-73518.666219	0.000406	0.404951
-73523.071397	0.000513	0.389927
-73529.283663	0.000650	0.388996
-73537.565415	0.000072	0.382539
-73546.565181	0.000153	0.392708
-73554.525392	0.000459	0.395812
-73559.660198	0.000431	0.406329
-73564.089844	0.000300	0.397432
-73568.401898	0.000488	0.404244
-73573.430903	0.000381	0.396092
-73579.301712	0.000597	0.399213
-73587.816256	0.000509	0.395603
-73596.197338	0.000081	0.398557
-73603.833081	0.000353	0.407838
-73608.931251	0.000231	0.404520
-73613.035000	0.000353	0.403753
-73617.943141	0.000206	0.399070
-73621.970867	0.000175	0.392429
-73628.808245	0.000181	0.400420
-73635.920452	0.000319	0.405283
-73645.634440	0.000138	0.397184
-73652.611277	0.000131	0.385567
-73658.176032	0.000222	0.388709
-73662.337865	0.000556	0.384159
-73667.040691	0.000344	0.382453
-73672.348245	0.000269	0.386638
-73678.570530	0.000128	0.393303
-73686.367142	0.000450	0.399145
-73695.438742	0.000331	0.406434
-73702.024016	0.000303	0.394780
-73707.190051	0.000331	0.386378
-73711.140910	0.000288	0.396971
-73715.915793	0.000431	0.405080
-73721.443471	0.000150	0.399139
-73727.533045	0.000091	0.404927
-73735.901483	0.000334	0.406715
-73743.658737	0.000369	0.400036
-73751.585838	0.000138	0.399647
-73755.526516	0.000306	0.396221
-73760.867439	0.000216	0.400082
-73765.330600	0.000153	0.397406
-73771.423325	0.000353	0.380292
-73777.511627	0.000256	0.381889
-73785.826963	0.000378	0.368887
-73793.954333	0.000428	0.401881
-73800.880651	0.000563	0.398590
-73805.635282	0.000375	0.397561
-73810.011504	0.000516	0.404455
-73815.094440	0.000325	0.407138
-73820.336470	0.000419	0.393814
-73826.499511	0.000419	0.391336
-73834.119936	0.000163	0.404895
-73842.798955	0.000103	0.402782
-73849.525607	0.000459	0.401976
-73854.832984	0.000441	0.399150
-73859.141313	0.000516	0.395646
-73864.778745	0.000275	0.388878
-73869.759553	0.000391	0.393551
-73876.634438	0.000450	0.396308
-73884.254752	0.000313	0.407124
-73892.663756	0.000231	0.405702
-73899.455856	0.000325	0.391214
-73904.468555	0.000531	0.381085
-73909.093863	0.000194	0.386389
-73914.213550	0.000481	0.389896
-73918.558536	0.000294	0.389119
-73924.898204	0.000441	0.412583
-73932.567287	0.000291	0.407377
-73941.580058	0.000175	0.396294
-73947.923236	0.000500	0.390140
-73953.405615	0.000297	0.393203
-73957.955231	0.000459	0.399406
-73963.391778	0.000250	0.398326
-73968.782236	0.000628	0.397074
-73974.946097	0.000409	0.396414
-73983.260384	0.000456	0.401298
-73991.332687	0.000025	0.395570
-73998.578236	0.000256	0.380824
-74003.273394	0.000297	0.397860
-74008.093100	0.000431	0.406892
-74012.353293	0.000388	0.398508
-74017.674267	0.000297	0.392596
-74023.420217	0.000384	0.381681
-74031.752143	0.000372	0.376446
-74039.551073	0.000409	0.386328
-74047.047475	0.000456	0.385059
-74051.516402	0.000294	0.390412
-74057.139805	0.000338	0.395223
-74062.114565	0.000122	0.402397
-74067.648036	0.000422	0.399333
-74073.333022	0.000247	0.395694
-74081.153654	0.000509	0.407850
-74089.909460	0.000244	0.404795
-74097.154704	0.000413	0.409682
-74102.760367	0.000406	0.402245
-74107.682316	0.000331	0.399942
-74112.111837	0.000197	0.394118
-74116.273535	0.000463	0.398514
-74122.249546	0.000297	0.389217
-74129.410892	0.000178	0.392185
-74138.996243	0.000325	0.397834
-74145.697769	0.000656	0.394364
-74152.224526	0.000266	0.378361
-74156.041110	0.000431	0.378792
-74161.584028	0.000425	0.385307
-74165.519793	0.000444	0.394830
-74172.283617	0.000231	0.404332
-74179.405066	0.000294	0.394411
-74189.028679	0.000528	0.405405
-74196.614612	0.000641	0.403684
-74201.921749	0.000391	0.395895
-74206.690436	0.000466	0.402073
-74210.988551	0.000216	0.399823
-74214.973186	0.000347	0.396685
-74220.640458	0.000316	0.402991
-74228.876146	0.000172	0.396095
-74237.801000	0.000259	0.379745
-74245.407267	0.000325	0.386721
-74250.929487	0.000284	0.389136
-74255.811266	0.000228	0.393812
-74260.152055	0.000341	0.400438
-74264.864300	0.000509	0.379698
-74270.151114	0.000163	0.380760
-74279.128148	0.000428	0.384012
-74287.853362	0.000144	0.384659
-74295.975053	0.000603	0.383217
-74301.153052	0.000347	0.392631
-74306.042439	0.000403	0.397114
-74310.073708	0.000338	0.395716
-74314.198260	0.000447	0.390061
-74319.670442	0.000463	0.387914
-74327.607045	0.000388	0.393340
-74337.212419	0.000209	0.403672
-74345.021556	0.000356	0.393314
-74350.629420	0.000081	0.405437
-74355.521649	0.000347	0.404423
-74358.661901	0.000169	0.389095
-74363.579639	0.000253	0.386874
-74368.476608	0.000206	0.396219
-74377.913510	0.000475	0.400630
-74387.224845	0.000419	0.397157
-74395.574979	0.000313	0.381049
-74401.084625	0.000306	0.381066
-74404.962611	0.000256	0.389940
-74409.183255	0.000506	0.389032
-74412.412956	0.000238	0.388491
-74419.216031	0.000409	0.398170
-74427.247108	0.000388	0.398265
-74437.264811	0.000216	0.398811
-74444.574977	0.000331	0.390555
-74450.209755	0.000400	0.397347
-74454.285379	0.000478	0.393069
-74458.369907	0.000319	0.395361
-74462.502009	0.000303	0.401175
-74468.883283	0.000313	0.404624
-74477.423841	0.000247	0.399113
-74487.188128	0.000266	0.391054
-74494.752826	0.000156	0.381566
-74500.137996	0.000247	0.395507
-74504.777670	0.000397	0.381933
-74508.499643	0.000381	0.388089
-74512.743263	0.000294	0.384670
-74518.671733	0.000319	0.389340
-74527.480722	0.000363	0.392562
-74536.860694	0.000313	0.381085
-74544.941588	0.000353	0.395128
-74549.134347	0.000306	0.402821
-74554.389705	0.000538	0.405863
-74557.309980	0.000128	0.407229
-74562.589174	0.000109	0.393224
-74568.927164	0.000309	0.390825
-74577.865012	0.000291	0.396671
-74587.527199	0.000075	0.400354
-74594.712974	0.000138	0.394699
-74599.824084	0.000075	0.394631
-74603.987860	0.000509	0.396074
-74608.370636	0.000103	0.393093
-74612.895810	0.000281	0.384443
-74619.436532	0.000388	0.385680
-74628.255691	0.000400	0.388285
-74637.565920	0.000428	0.393540
-74644.150435	0.000056	0.383343
-74649.360074	0.000416	0.393788
-74652.980192	0.000400	0.384478
-74657.728621	0.000281	0.392070
-74662.366301	0.000319	0.390749
-74669.547808	0.000478	0.399059
-74677.970257	0.000369	0.396336
-74687.785632	0.000147	0.396599
-74694.353721	0.000388	0.382225
-74699.712338	0.000472	0.381913
-74703.857211	0.000313	0.396510
-74708.134443	0.000153	0.391895
-74713.108800	0.000244	0.398862
-74719.637280	0.000244	0.404041
-74728.792392	0.000450	0.405220
-74737.947666	0.000209	0.396841
-74744.659444	0.000275	0.392370
-74749.108610	0.000175	0.392036
-74753.224407	0.000209	0.394531
-74757.557147	0.000428	0.386406
-74763.229182	0.000547	0.383102
-74769.824492	0.000459	0.371458
-74779.180076	0.000484	0.378186
-74787.968394	0.000288	0.387305
-74795.190434	0.000338	0.391056
-74798.500087	0.000406	0.395405
-74804.282982	0.000344	0.399687
-74807.752396	0.000553	0.399319
-74813.802865	0.000403	0.389923
-74820.904457	0.000056	0.395416
-74830.456962	0.000353	0.403893
-74838.626457	0.000328	0.406736
-74844.667416	0.000478	0.401880
-74848.008841	0.000403	0.409198
-74852.895975	0.000300	0.408329
-74857.916156	0.000378	0.406070
-74864.080559	0.000347	0.397316
-74871.182262	0.000216	0.399250
-74879.967703	0.000494	0.394514
-74888.667321	0.000141	0.392686
-74894.035800	0.000241	0.371030
-74899.336291	0.000181	0.376410
-74903.082824	0.000353	0.382459
-74909.083426	-0.000069	0.378771
-74914.094643	0.000153	0.391095
-74922.217453	0.000316	0.405830
-74930.223811	0.000475	0.403383
-74939.047928	0.000491	0.397178
-74944.211110	0.000331	0.389904
-74948.908014	0.000459	0.400678
-74953.239608	0.000303	0.402478
-74958.714789	0.000269	0.399806
-74964.284856	0.000334	0.402189
-74971.763061	0.000288	0.409861
-74980.795169	0.000331	0.400301
-74989.277452	0.000281	0.404462
-74995.216406	0.000344	0.392558
-74998.887516	0.000488	0.392129
-75004.230549	0.000397	0.390367
-75008.592838	0.000378	0.399348
-75015.109907	0.000000	0.391558
-75022.719273	0.000231	0.378216
-75031.654511	0.000400	0.384411
-75039.782522	0.000334	0.386568
-75044.851031	0.000400	0.393780
-75049.442481	0.000306	0.402514
-75053.818262	0.000450	0.403953
-75059.467657	0.000200	0.394889
-75065.436601	0.000263	0.396530
-75072.763908	0.000322	0.389328
-75082.152427	0.000294	0.398560
-75089.313804	0.000216	0.400011
-75095.034989	0.000344	0.393443
-75099.148906	0.000328	0.405015
-75104.524512	0.000184	0.405445
-75110.299160	0.000272	0.398684
-75116.509011	0.000313	0.392617
-75123.980887	0.000119	0.398375
-75132.472954	0.000478	0.407793
-75139.943039	0.000331	0.402127
-75145.864066	0.000228	0.385005
-75150.122667	0.000413	0.376904
-75155.783987	0.000450	0.385646
-75160.441112	0.000191	0.378947
-75166.281990	0.000325	0.389839
-75173.601914	0.000419	0.399825
-75182.213994	0.000741	0.408382
-75190.222740	0.000203	0.398760
-75195.529152	0.000241	0.398929
-75200.510184	0.000372	0.404959
-75205.248899	0.000209	0.402229
-75211.152055	0.000413	0.405868
-75216.092796	0.000450	0.402785
-75224.147817	0.000069	0.406048
-75232.648103	0.000600	0.408448
-75241.419421	0.000416	0.398255
-75246.349769	0.000394	0.396264
-75252.628538	0.000697	0.395115
-75255.155238	0.000350	0.407695
-75261.077857	0.000384	0.391090
-75265.859542	0.000306	0.384058
-75274.329614	0.000238	0.386017
-75282.988429	0.000466	0.381502
-75291.178144	0.000191	0.389811
-75296.722475	0.000359	0.394522
-75300.503355	0.000459	0.403847
-75306.133840	0.000591	0.389008
-75310.728507	0.000281	0.401708
-75317.203946	0.000413	0.407712
-75324.369881	0.000375	0.410887
-75334.551283	0.000081	0.404930
-75341.385318	0.000256	0.389657
-75347.734164	0.000347	0.399873
-75351.046306	0.000397	0.408376
-75356.929315	0.000450	0.403360
-75360.988806	0.000059	0.405264
-75367.901307	0.000409	0.395266
-75374.112652	0.000253	0.396398
-75383.525858	0.000669	0.408614
-75390.979504	0.000497	0.399309
-75397.198999	0.000447	0.381616
-75402.160523	0.000413	0.379518
-75407.132637	0.000241	0.381835
-75411.837455	0.000106	0.384828
-75416.901036	0.000341	0.390429
-75425.007782	0.000306	0.395854
-75433.590033	0.000566	0.393672
-75442.514004	0.000159	0.406926
-75448.392389	0.000375	0.398033
-75453.794846	0.000259	0.393640
-75457.850709	0.000400	0.393678
-75462.008892	0.000275	0.400744
-75467.026336	0.000344	0.398148
-75474.783668	0.000284	0.408313
-75483.705206	0.000581	0.409698
-75492.721422	0.000353	0.393744
-75498.888055	0.000166	0.395891
-75503.123890	0.000344	0.394780
-75507.652914	0.000413	0.405645
-75511.202317	0.000291	0.412608
-75517.291669	0.000191	0.377961
-75525.009788	0.000222	0.381338
-75535.599071	0.000425	0.382430
-75543.374565	0.000094	0.386630
-75549.917815	0.000147	0.389357
-75554.457180	0.000628	0.397637
-75558.687506	0.000294	0.400775
-75562.345716	0.000288	0.402240
-75567.814016	0.000450	0.397006
-75575.240369	0.000119	0.398221
-75585.422664	0.000419	0.404588
-75593.725032	0.000169	0.407573
-75599.646649	0.000159	0.401120
-75604.446278	0.000472	0.404389
-75608.096687	0.000256	0.398807
-75612.226623	0.000128	0.395628
-75617.748766	0.000316	0.389865
-75625.868706	0.000138	0.393037
-75636.160884	0.000469	0.394922
-75644.725702	0.000322	0.401530
-75651.002795	0.000403	0.382416
-75655.359807	0.000559	0.384932
-75659.375932	0.000525	0.379137
-75662.969707	0.000391	0.377215
-75668.593567	0.000094	0.394319
-75676.911931	0.000278	0.402828
-75686.503328	0.000331	0.404547
-75695.105695	0.000219	0.398448
-75700.262067	0.000272	0.393196
-75704.843402	0.000425	0.385206
-75708.815009	0.000244	0.407917
-75712.981194	0.000394	0.400663
-75719.000875	0.000375	0.389109
-75727.365511	0.000309	0.400560
-75737.485920	0.000053	0.401531
-75745.254990	0.000275	0.390584
-75751.535854	0.000400	0.389394
-75755.915972	0.000409	0.395350
-75759.986288	0.000425	0.400654
-75764.565931	0.000272	0.403227
-75769.958295	0.000019	0.399547
-75778.478072	0.000384	0.385493
-75787.876711	0.000422	0.391196
-75795.861600	0.000138	0.391315
-75801.581659	0.000256	0.389929
-75805.649519	0.000263	0.396755
-75809.852347	0.000106	0.388385
-75813.683541	0.000247	0.401811
-75819.792711	0.000144	0.403061
-75828.424058	0.000347	0.392119
-75838.517076	0.000166	0.393543
-75846.989463	0.000297	0.401966
-75852.418726	0.000350	0.405078
-75856.955022	0.000319	0.404266
-75861.275474	0.000075	0.393856
-75865.216672	0.000175	0.401563
-75872.035485	0.000481	0.399508
-75879.748376	0.000338	0.396104
-75889.689980	0.000269	0.386849
-75897.677788	0.000450	0.394117
-75902.471305	0.000416	0.382618
-75907.187682	0.000181	0.380252
-75910.720664	0.000256	0.377219
-75915.451652	0.000363	0.383574
-75921.198650	0.000588	0.389744
-75931.083939	0.000256	0.391376
-75940.292975	0.000456	0.383415
-75948.328054	0.000453	0.411447
-75953.102557	0.000441	0.403438
-75957.703588	0.000409	0.398119
-75962.113899	0.000216	0.391578
-75967.387214	0.000413	0.397323
-75973.423777	0.000216	0.404695
-75982.667061	0.000309	0.411004
-75991.480131	0.000350	0.406199
-75999.113640	0.000169	0.390421
-76003.469739	0.000291	0.390346
-76007.561736	0.000191	0.385420
-76011.683758	0.000347	0.391779
-76016.779144	0.000334	0.394203
-76023.892467	0.000425	0.383189
-76032.917738	0.000234	0.384734
-76042.345858	0.000444	0.379275
-76049.100781	0.000619	0.382264
-76054.008579	0.000619	0.392916
-76058.152553	0.000300	0.393476
-76063.720270	-0.000131	0.397626
-76068.852472	0.000222	0.402482
-76076.239996	0.000359	0.398400
-76084.361387	0.000225	0.395575
-76093.454410	0.000534	0.408282
-76099.567648	0.000403	0.402064
-76104.217649	0.000181	0.398069
-76108.350298	0.000431	0.402605
-76113.211255	0.000206	0.399710
-76118.971000	0.000519	0.383165
-76125.909168	0.000284	0.377756
-76134.584389	0.000078	0.388776
-76143.182869	0.000434	0.404787
-76149.771268	0.000353	0.392134
-76154.615195	0.000288	0.385226
-76159.563626	0.000272	0.379139
-76164.921081	-0.000038	0.380792
-76170.921691	0.000209	0.382135
-76177.448937	0.000328	0.395824
-76186.130586	0.000403	0.398057
-76193.898022	0.000256	0.395826
-76201.097695	0.000394	0.399488
-76204.676011	0.000381	0.394070
-76209.921476	0.000097	0.393321
-76214.880029	0.000297	0.401138
-76220.668904	0.000269	0.410961
-76227.450772	0.000303	0.403341
-76236.635474	0.000378	0.396356
-76244.749649	0.000266	0.401200
-76251.022724	0.000422	0.392855
-76255.396670	0.000369	0.387240
-76260.438603	0.000488	0.389713
-76265.956318	0.000241	0.397863
-76272.292087	0.000003	0.393646
-76279.029234	0.000169	0.374673
-76287.658584	0.000206	0.381498
-76296.119415	0.000138	0.373288
-76301.907748	0.000094	0.379154
-76306.376242	0.000259	0.379848
-76310.978184	0.000484	0.401493
-76316.273935	0.000169	0.396913
-76322.315141	0.000228	0.397869
-76329.673346	0.000263	0.394847
-76337.579040	0.000663	0.389629
-76345.806763	0.000366	0.395218
-76351.476137	0.000456	0.396387
-76356.917016	0.000456	0.398467
-76362.071734	0.000344	0.400809
-76366.993565	0.000284	0.399010
-76367.679023	0.000188	0.382883
-76364.424184	0.000063	0.383353
-76360.279543	0.000281	0.385726
-76357.651574	0.000147	0.388194
-76358.892920	0.000272	0.387361
-76361.866068	0.000259	0.381864
-76365.202487	0.000388	0.386874
-76365.991083	0.000225	0.387372
-76364.554331	0.000403	0.387103
-76361.568109	0.000109	0.406796
-76360.097147	0.000528	0.390782
-76359.904162	0.000572	0.399748
-76362.488004	0.000281	0.391792
-76363.913194	0.000238	0.384097
-76365.042737	0.000216	0.387731
-76363.938631	0.000272	0.391997
-76361.831078	0.000084	0.389783
-76361.048059	0.000300	0.391418
-76361.091726	0.000438	0.397493
-76362.635913	0.000397	0.392619
-76363.693893	0.000441	0.394342
-76364.195659	0.000528	0.392366
-76363.458192	0.000359	0.385489
-76362.486833	0.000059	0.384745
-76361.834431	0.000338	0.388616
-76361.934664	0.000141	0.379789
-76362.634596	0.000341	0.383122
-76363.612204	0.000497	0.380587
-76363.420889	0.000225	0.386190
-76363.784080	0.000247	0.385036
-76362.250193	0.000272	0.394575
-76362.456968	0.000572	0.390906
-76362.001243	0.000375	0.398087
-76362.887583	0.000109	0.385122
